TEXTURE AT STRAIN


B  100
       -18.2101680761205         155.23187731969       -128.467362268075                       1
       -39.9031621558368         80.695443344943        76.1425229251129                       1
       -62.3169142942292        55.8762009306519        169.656494850048                       1
        97.8038260394672        72.6897699824892        57.3336748962862                       1
        111.974565267322        49.2509359554556        18.1621231250045                       1
        127.459500410869        87.7972861780455        156.891980504696                       1
        163.879303604045        41.3140119120761        173.963327070186                       1
        114.609831572055        81.8017942151148        47.1266874994792                       1
       -44.1062872948202       -24.2871105876433        170.925740807526                       1
       -44.1825100682877        78.1103537247467        191.046672679454                       1
       -60.8314003591778        76.4855897252582        130.958120693962                       1
         139.82855853668         111.69687628335        183.525279305729                       1
        13.5462593071276        97.9149901704418        90.9855612334652                       1
       -54.7651113446737       -60.3947451500733         168.72970236613                       1
        310.344982709875        133.539816602981        182.924979853079                       1
        304.979747428097        62.5762832318708        41.6009170300527                       1
       -34.4454799320405        72.2443482408131        162.109948135286                       1
        143.871572756648        73.0693697274625        40.7159645709993                       1
        286.312429939854        57.9916314661254        12.9578492136386                       1
       -54.5055184194879        61.1106954236964        16.4727059510471                       1
        123.455808132341         68.117130783727        18.4423562135139                       1
       -26.5257772224452        44.8666603778663        172.269037640772                       1
        -18.017471226178        77.0085759763763        79.5598709791123                       1
        150.854199852592        238.252403036003        -29.326555717929                       1
        135.249734193052        65.0496824965494        58.6528608574648                       1
        102.378984375158        67.7294539375972        35.6966456591805                       1
       -48.6511975325477        66.7121742857636        19.4191130699928                       1
       -44.0376433499751       -53.8128981848424        126.587546801605                       1
        120.950126458617        88.5610466078681        128.970579672826                       1
        124.639182011798        91.6855158933268          140.4156213062                       1
        118.260819450694        73.3092863276143        96.8632981378773                       1
        134.840032341214        99.3808839299106        152.433640629303                       1
       -29.0027741806183        121.852063790446        170.563489198413                       1
        134.574787930981        64.8950375665462        36.5559729631041                       1
        232.231140838049        65.1204912073494        56.1766877044476                       1
       -41.2258448836595        60.3642001567741        20.7986371289048                       1
       -29.3236651511213       -44.7989632622636        143.217820448332                       1
        283.242036970974        84.0238759580009        6.09139347152676                       1
        326.285678798051        87.7914617277399        138.044033081571                       1
        116.468583500536        39.2306221476823         223.36912228326                       1
        125.609364148981        83.6963446231201        1.42414076411786                       1
       -64.0003033021375       -64.3149824555957        35.1498777387938                       1
       -2.69505121794078        91.5154786039039        85.8843642028247                       1
        137.014336266047         126.85060115752        184.404622187338                       1
        281.767777505985        125.534977698448        135.826480072835                       1
         112.77667074851        83.7473140397298        116.155844371491                       1
        124.257980453632        68.3430740279018       -37.5637282436377                       1
         296.08981179895        68.3613918551912        8.26002704570409                       1
        120.407368377235        80.0806993721489        24.3799694561714                       1
        139.000491099247        56.6577009256048        146.293095987342                       1
        123.888022994068        33.8862725480279        197.133013823716                       1
        118.147096650128         100.07764665072        29.3241893536493                       1
        134.338039436609        76.2596585370695        31.2549710172687                       1
        116.638056279947        97.5348392574508        166.004539956215                       1
        109.415783975266        69.2064164989178        -16.407175992059                       1
        311.438896275461        103.903132870793        129.616156980447                       1
        134.215110402567        88.9586260265691        142.117543273057                       1
        285.343745282129        83.8916867576827        70.3944846889206                       1
        109.581879761863        50.9335967430875       -4.83309549295906                       1
        299.050506196081         79.344940485915       -7.17438299705355                       1
       -68.8011199379461        93.1268037079364        39.6806844665862                       1
        273.011798214628        92.8374061435271        102.403342463186                       1
        161.715106752244        53.0803873582292        116.448901876293                       1
        135.982484366498        54.8262952381302        28.2071039041797                       1
        285.389694638406        75.7832560709676        230.057398318637                       1
        132.026377156046        78.5136878153037        144.256145091511                       1
        326.622027754417        93.1190096619911        119.116221652458                       1
       -1.13201212788572        84.2510252360204        105.701913408318                       1
       -33.4403357305176        63.7014759115906      -0.623391066136798                       1
        114.543827225356        92.3688736889474       -25.7870259266035                       1
        286.323870631579        95.5497985256282        89.6521251527473                       1
        302.022599442226       -50.8321659296029        151.091251243532                       1
        299.336471083231        71.1916661445617        32.0325707982936                       1
       -69.7624277185216        100.396835757688        116.144710027001                       1
        129.371174754924        104.280835264775          148.7109037708                       1
        179.168592673465        111.899211446526        183.120850662494                       1
        -48.829222320458        91.1437758115167          196.1458917905                       1
        145.520522092073        39.4337322306652        132.927750180795                       1
        133.549710905335        77.3687888119145        159.881173660699                       1
        115.563966281374        62.3654352737707        11.6468594346151                       1
        10.0335266199448        106.148800718383          69.49388884054                       1
         314.89335285183        74.6013526377945        6.36215449492835                       1
        147.023097887458         73.605789602956        17.7914890455867                       1
         114.02072086945        75.2015640024118        38.6379130785131                       1
       -22.0355966401057        55.6256782250419        152.080619319922                       1
        280.782524300616        94.5383863809502        23.9949014008038                       1
        312.804887682941       -39.6086245612806       -15.9137667194549                       1
         119.14359307931        54.0357343559375        26.3184118638664                       1
       -56.7102075762287        76.7492354678992        50.5062435907334                       1
        306.123716635715       -71.0067696893636        122.680343690004                       1
          311.5771628836        44.7895643097306        19.3886728860195                       1
        209.539263392468        68.4644394784616        73.2015559351484                       1
        123.270662301386        89.0657018468037        110.539135492839                       1
        104.197644843908        110.156983085696        149.640049713893                       1
        132.514749120801        52.8054494482581        48.6577923899089                       1
        317.039752643319        88.9643946148847        234.630112590962                       1
        147.940985552804        39.8307996517973        204.534065697826                       1
        114.913351733732        64.6291302489231        50.3003981196113                       1
       -21.3841502398008        71.1502677420289        101.213701283195                       1
        12.5370121477063        82.3846946461857        6.41226479193448                       1
