TEXTURE AT STRAIN


B  800
        64.8628674430475        83.1931677110356        96.2783459337686                       1
        253.321669263367        64.3013414053745        161.206961108745                       1
        306.608037988897        71.5863393232832         76.752410411267                       1
        322.138174339468        57.6164827722013        139.505439914497                       1
        124.073771457113         44.946630746994        29.3240658795708                       1
        9.90176900771702        32.0916508519216        14.5683866690109                       1
         190.57544649782        69.1022422069834        71.0736882062514                       1
         178.84689465488        79.5176905392985        63.5342050278642                       1
        352.516145561273        47.9410466372228        35.6046365900878                       1
        81.8127301413889        24.6886019044143        102.211195018297                       1
        186.159386482468        96.7199669796063        70.6574239451389                       1
        33.4281183341645        38.1368050514071         110.97666077278                       1
       -1.71909827821876        41.2559321198104        76.8453136390125                       1
        328.633037447077        97.0732767464864        26.5144742066978                       1
        289.992836491263        35.0925416647159        146.239187667751                       1
         197.31993507433        16.7846892704238        168.384476101016                       1
        273.403352009806        83.6995879155275        173.267569424903                       1
        53.8062463983036        76.6200606957756        107.698549486926                       1
        261.065172965301        77.5243001929082       -4.48957594538964                       1
        196.164790430252        65.2561148595347        139.269247603917                       1
        253.573250730329        70.9366676387306        17.7103453496602                       1
        66.4700946447805         22.367043935203        97.6894936505603                       1
        101.323549525272        84.1874835172951        126.775903932483                       1
         59.346118254306        29.9857135318169         38.642880925002                       1
        334.377980846369        50.8298935297177        60.7087434926755                       1
        310.503422237144        54.3100878369479         42.912729505748                       1
        343.816109391163        76.9286191311755          159.7778728987                       1
         323.18146916115        31.0015650468821        78.7252818744017                       1
        16.9337866333681        101.587979854505        83.8913387955983                       1
        113.665836261925           94.7013595797        44.9953266212114                       1
        286.407155778767       -13.8032863712745        47.5888290854033                       1
          312.3505265241        73.2774034772518        162.275224126923                       1
        63.5041436278455        80.6224338901537        159.043401071682                       1
        127.327302475116        34.2647615535775        77.4418274416127                       1
        177.706704360502        73.5406828874776        87.1523132285598                       1
        219.310444549932        46.3028542498053        92.2579758903841                       1
         342.01486473544        34.1629126566788        110.510984170762                       1
        275.795339525308        41.7567000415781        58.3644550987852                       1
        227.130224011603        64.2921364629645        42.9619529965195                       1
        281.662744026638        23.8739722834785        90.9832424379285                       1
       -8.26271914719694         33.865993354786        83.3997784215944                       1
        267.775577240934        72.6605975036308        150.767306944114                       1
        331.593798671605        49.7991220818882        103.377287009779                       1
       -3.70753861416812        20.1107638041833        163.676807878067                       1
         86.749658131474        47.9009146912908        43.1865859628238                       1
        120.148944488152         61.005008204676        126.080859455943                       1
        91.3704695890156        20.2238743600998        79.5471607585997                       1
       -14.1469782795479        42.5645029218964        168.022611306577                       1
        227.041008527572        32.3906260725533        13.4480954333449                       1
        128.653529681559        70.1246223047167        139.937366827388                       1
        229.842829449576        8.10417095052184        28.7011399865479                       1
         249.00135250629        40.8208762607414        21.1150091273284                       1
        44.4679520189285        69.3075159939255        151.048401939535                       1
        377.935738618203        17.8350771775751        88.9972208109868                       1
        305.156262424274        42.7391407990829        80.9705065874719                       1
        286.603342414586        55.8704416227166         14.256592707576                       1
        216.945262603273        76.1468225417846        31.0972156819558                       1
        295.311713599858        32.9238881234419         21.803059285502                       1
        387.017001821461        83.5242527351378        19.9498390822847                       1
        26.7765329100035        62.2336477061354        35.9085860499445                       1
        180.220194212705        76.6579480401877        5.13733527295115                       1
        87.1872820098923        51.7885019834714        55.4593526570359                       1
        59.7530357363935        65.0537576423717        118.752641955014                       1
        294.834569438335        79.4391092116455          115.8106086811                       1
         13.097516932697        69.0172768701274        168.746353699565                       1
        54.5417826850713        54.3407686212589        137.915961337314                       1
        63.8831811670551        71.4831689600352        135.946959768552                       1
        109.530543383622        71.2849876478616        134.902394359532                       1
        57.7633259665292        76.4705405941465        122.179424339526                       1
        292.432342801264        57.3202881594215        83.8622877383373                       1
        52.3015843238955        95.4162188042581        117.724156179921                       1
         0.4472225795736        63.1809596023944        39.3483356810559                       1
        199.395096776528        45.9165228511544        153.196349033473                       1
        139.316531487509        78.3799387925982        149.968995764445                       1
        168.199104867567        67.7575383663125        120.328416032802                       1
         82.286824945436        17.8642199500373        92.9340781256066                       1
        22.4177046812571        78.4984035856154        183.509307453355                       1
        300.182990964185        47.9267959095758        44.8369245089158                       1
        99.7675568394834        45.1713165559523        113.339541090585                       1
        281.671938949641        81.5055977123656        105.477976916302                       1
        131.915480241022        53.6207213157286        59.8525128898015                       1
        82.0154160444706        55.3494196089479       -2.91798268130789                       1
        299.968050580114        71.7934714006328        99.7115502726351                       1
         266.97231067644        76.4311758183547        147.297266726622                       1
        206.958306457973        73.0483935183679        134.724147651901                       1
        132.889907376873         21.825051854076        7.14609099537387                       1
        210.104926371842        37.7422003378008        104.094474683303                       1
        316.938113002891        83.2942804831127         21.252411693544                       1
        303.193772410655        56.3816785981603        43.6039047621779                       1
        347.505778446426        36.1539039925378         148.29842676161                       1
        60.2411547674404        28.0441550503926        13.8410172744189                       1
        303.376113614412        67.7057183261652        34.7385169412646                       1
        255.720172526507        62.3617278331447        175.965659104681                       1
         158.37705051349        27.2365391495781        145.938532851739                       1
        304.579919591585        60.0752396807396       0.594873368240329                       1
        246.707362412743        56.0342805411509        93.4108720039669                       1
        337.172496161335        18.6752131263905        171.841593544488                       1
        156.399070296878        73.0058032504681        34.9379272083982                       1
        334.483006294185         48.954124405093        7.71573432213676                       1
        88.2812309242118        63.3202475517622        37.9076282969192                       1
        159.950326390257        32.1798291869086        122.372691337707                       1
        269.779988823813        41.8681424957705        24.7374781230151                       1
        10.0107545559889        29.1731604889435        28.4022967203932                       1
       -7.97166830458706        56.0904837917903         5.9859223302505                       1
        117.208091231678        62.1302105849328        68.8272771545269                       1
        34.9421281651812        41.5943450679487        142.746088443696                       1
        147.250623178787        17.7241889852157        14.9531619321712                       1
        229.264741854453        66.2704771618242        85.0167780701971                       1
        78.9525602139145        44.1329702775555        167.095643757708                       1
        355.215350306702        76.2156885745336        115.639352681869                       1
        95.6495635254309        34.6702277157296        57.5136074777233                       1
        181.448325098511        84.1388613911427        112.454610680389                       1
        363.916530773261        90.1905209426277        73.9005773165755                       1
        101.012796021978         15.145076514626        159.559381465599                       1
        212.811424057363        86.3055519100592       -5.51394667793843                       1
        168.886791314852        97.6470715906847        50.5042035254165                       1
        255.007453406056        46.7864996042575       -6.11448582724812                       1
        231.760261480854        77.7407551102427        136.978206097679                       1
        254.483297030703        11.0739880479572        119.389199499244                       1
        215.094700050611        53.4240725223016        153.282497118642                       1
        263.735544624844        114.029273750669        15.6826986353809                       1
        270.734917700655        47.8321249685092        51.3758418983633                       1
          259.4145022416        91.6814857128865        39.7235590923028                       1
        96.0256729435147         66.356154234836        153.086298179401                       1
        312.209514576398        67.2074323529478        152.790378395457                       1
       -1.91061639638431        74.0796845993184        178.802310301245                       1
         165.29742832752         16.092053201258        3.72833261497941                       1
        160.931064666875        91.4624088494386        138.534295451274                       1
        49.0970661488437        25.2305475049702        25.3764166949081                       1
         315.54804180999        84.1865300541817        192.214809519072                       1
        41.9422557882019        71.1205595426761        112.291431658501                       1
        32.0723324201492        35.1753208020287        21.7233995488747                       1
         168.20237615741        83.1581159988772        103.405908014642                       1
        245.624164081399        61.0031523727988        85.0089174140296                       1
        87.9300304590603        70.8032789382552        150.077549060716                       1
        134.465853992344        26.6363297288651        112.438901794748                       1
        150.596185367733        79.6318731967237        21.3987572638987                       1
        191.306586575427        52.8776527785408        22.8500887384476                       1
        79.3057919227122        101.892121998515        160.051521597724                       1
        268.270632685364        35.8333888561251        112.748142462286                       1
        96.8217897824571        15.1003022777518        51.6995166118801                       1
       0.727790842862827        51.2988110354284        160.305467481678                       1
        145.264553293107        70.8304736560485        73.6468883961663                       1
        325.654434645317        62.9152741158106        158.649319656515                       1
        85.3476220951093        60.1157352229628        67.5606312316794                       1
         29.131500299006        87.2025617084336        55.8627118019433                       1
        135.449086468192        77.8994986704955        174.589845227673                       1
        161.692722069315        36.7592605754402       -1.02591821498232                       1
        14.6094354521155        98.1103114916267       -4.46084901428805                       1
        302.690928578908        40.4963872715818        37.8197522838824                       1
        111.151823789626        64.1198312998069         164.91916661826                       1
         306.66211831348         85.030914758608        164.970371759591                       1
        233.381408820898        35.6829338855428         176.26338394237                       1
        207.927444779784        46.7244618803133        87.1001309860798                       1
        283.323584061763        52.0235555423854        41.5702325686704                       1
        121.381276702437        50.8965597998171        8.02598255203283                       1
        134.722813443753        104.068324830681        160.232779377902                       1
        99.7987446848937        85.0191453938557        184.879655426414                       1
        103.195874634986        40.3471953864152        18.0204191664679                       1
        63.6478118759453        103.315091764101        85.1600090226997                       1
        234.581637303215          84.10768246506        34.0861740856399                       1
        229.791702825794        50.8631397459884        82.2962556706848                       1
        320.961499358331        50.7130144780189        50.2159545678397                       1
        102.308311179612        74.2904136847995        93.8493955802525                       1
        248.948440942474        65.8638780075982        66.9445306973394                       1
        64.0501058562153        89.8957682940739        107.073854366213                       1
        86.5567300819988        1.50043008393439        89.2822109533294                       1
        161.055376177667        17.8884018536749        83.1045533537304                       1
        365.432355861854        87.2474449785023        100.204481390447                       1
        255.874443314473        58.0242061200251        57.9089383648082                       1
         148.57553763391        63.5326451778658        125.928953010112                       1
         201.81794647214        101.397629130526        29.3512079169607                       1
        324.759315504501        53.4730350747348        177.468110359145                       1
       -14.2941060316877        46.7788205152659        49.3067350287526                       1
          168.9056909013        73.5848049915691         97.313690766151                       1
       -3.90723434487227        11.2850135372623        64.0844094045742                       1
        2.22486776743311        38.0721009807171        151.338157916602                       1
        91.7231022057268        76.3245236871058         129.91229130434                       1
        311.613877087295        70.0846541508987        37.1829333447502                       1
        254.234366230469        17.2458046051593        41.2759353590823                       1
        44.0608750060001        36.9786307023072       -11.6746068582978                       1
        157.830153787768        46.6071792735118        169.004877768561                       1
        154.578222401121        30.1928094366543        167.801208100847                       1
        302.999574178405        96.8004160284384         146.45405144564                       1
        179.347203970304         41.786712597689        17.7203112735732                       1
        214.688287184851        63.8229785053036        169.266845950271                       1
        126.514518287046        68.6677898171413        2.77520634018824                       1
        263.897914156707        69.0126652782057        107.298064138045                       1
         85.851321909944        98.4890290449444        27.3430173509163                       1
        313.330496834047        56.9609409194609        103.051268513815                       1
        266.734995254554        67.3889927632909        70.6473430824161                       1
        5.24296763532653        75.4711840134956        35.2686139035689                       1
        230.082044365889        77.6536522520172        115.363966581407                       1
        181.321148070144        106.515457068725        167.044951038288                       1
        275.425544120681        16.1531612017404        32.1580047759684                       1
         110.24433564107        46.3069677012778        60.4682241886639                       1
        309.478118852104        57.3043489385076        63.7890282394042                       1
        288.315088114751        67.1526046418788        140.728093737564                       1
        359.563074718196        63.9793532891109        171.494255430628                       1
        147.308512015749        47.4646620339408        24.3424426322914                       1
        233.135210982201        70.3056875595982        63.6757243101943                       1
        135.375035929797        65.6631658643438        58.2238094795663                       1
        185.812395461849        57.8331602577781        160.366768528463                       1
         134.16714418433        68.6874876750993         183.38661612259                       1
        115.155249360196        33.2099730164915        45.3327007988138                       1
        291.512431498932        76.2149726754806         137.35322702824                       1
        6.75819657038448        91.8236617966727        16.4420187140882                       1
        106.559496681079          43.56032782293        121.608290070401                       1
        29.0413580561031         46.483001032799        48.2830949488994                       1
         21.550954697625        94.0081041395726        184.422506321054                       1
        351.911116376932        48.7430569521812        171.698902488531                       1
        303.721718139577        51.5826638946544        137.190310667777                       1
        303.315366164646        42.9561047878473        85.8816743938718                       1
        183.180920867855        20.2655440089672        66.1868749892492                       1
        113.204942777423        33.7261227056147        119.925344901166                       1
         253.56745156153        42.8507372778576        100.771414680688                       1
         130.74626104836        12.8643021165383        145.775828138394                       1
        254.557515557499        29.0720888921109        66.8903261544612                       1
        302.584595209099        67.3434394946794        149.531167859031                       1
        55.6733878204614        70.9472079618925        92.6948704107597                       1
        345.738765360127        66.3089169528481        45.1792150428297                       1
        166.891339445054        56.3350184000161       -7.77302053561693                       1
        69.3723465638288        92.0256285878271        71.6446797057112                       1
        350.938382638704        38.0875903522397        128.816374252928                       1
        175.438935120514        65.1277846906912        90.6919809154513                       1
        240.217473575069        72.6499630723996        171.896965747675                       1
        7.39317731485851         17.703865408026        70.3885366769715                       1
        342.030149841928         100.17503355192        61.6598371463231                       1
        266.749090905386        44.6092846432736        73.8527996876375                       1
        347.170678033678        42.6324274798462        65.6316235109438                       1
        143.090369267137        32.8654437622419        9.90945671206927                       1
        107.208416686578        69.2559806540308        116.516545673065                       1
        237.488892825921        68.6498333948232        165.725777198535                       1
        47.5289886540008        34.0677253726015        126.313441278655                       1
        273.599582681471        61.3996248673476        16.8603357961722                       1
        66.5944463515359        33.8538186765643        82.1924812551075                       1
        281.058686312152        73.9760471254011        23.8556172681566                       1
        183.908308842276        82.0328124277053         136.46145427273                       1
        258.919215194564        26.0507996599705       -5.11147655617512                       1
        72.6140900117701        75.7040369867729        151.075027108322                       1
        134.513368561554        67.0918884117901        15.3887016609105                       1
        217.834702094946        37.3861906741214        89.8952403164734                       1
        44.9527743457429        42.8003501453427        116.920621445979                       1
        239.864771078912        58.9408299548836        156.521241688998                       1
        173.103381834618        65.7646015106938        110.295789636702                       1
        61.2591470507552        86.9075954204327        134.045597252338                       1
        354.325223768077        93.5855362945491        49.0484513788211                       1
        130.189360387517        84.9984143421231        42.8557796649582                       1
        168.639411469884        88.4205748403043        152.602530879889                       1
         139.03306618621        81.3253686942655         56.417667580279                       1
         105.52293958278        54.3995051505783        147.516728406962                       1
         349.42419820487        74.4315507118278        52.1706242312413                       1
        150.770553008761        54.9251009802493        134.070127735011                       1
        110.804380021934        83.9909848612639        78.0920153553294                       1
        202.319035893418        51.6739052946841        112.879450010318                       1
        210.769365765412        55.7864281916852        36.0277028715846                       1
        249.610916272584        70.0309496867776        139.811827790487                       1
        353.104491925561         50.991435348441        136.612812246458                       1
        342.569694185388         64.078062921868        170.692351018923                       1
        82.2342656732684        89.0112585726259        114.745035465134                       1
        153.848335386014        78.6645030196997        108.191084399168                       1
        136.563455503269        15.3217104180694        58.7196686168823                       1
        199.932114429044        89.4304336394302        37.3048030525167                       1
        327.951881999159        91.3068424289356      0.0316205136066775                       1
        309.253702167699        61.6814721608338        195.704791922025                       1
        336.035192782324        37.9042389553107        77.9862285295857                       1
        168.373248627312          62.45061286493        8.57555991123539                       1
        111.849243339346        69.0844002095804        79.5727823296395                       1
        216.509672492988        80.1390598825026        118.288282963592                       1
        58.7856337158784      -0.159935667001912        131.213583264672                       1
        49.1232017115984        59.9124746099052         107.90822733805                       1
        138.388800837603        33.5875240941014        124.278473620716                       1
        64.9267782922258        32.1658957017029        177.737822162053                       1
        197.061499452006        37.7317472052729        49.7892159968262                       1
        237.617657049195        65.6612928614038        19.8189769745148                       1
        362.704675236437        51.3313494099191        172.444658211015                       1
        322.294304381956        108.953857860393         62.196403479363                       1
        125.512844410151        26.8883958468863        53.4627322700044                       1
        206.122899496674        74.0342211011701        74.8040075811235                       1
        101.138283931856        58.1234987741289        61.5862478840218                       1
        122.245322926907        89.2140617485566        96.5367998307871                       1
         216.86279590425        69.3267455456992        104.396628269977                       1
        137.182888044493        28.5571878025879        25.7339281992993                       1
        174.366604276337        52.9410692146795         75.703347388307                       1
        126.885874058606        93.6367845539949        84.9764731303701                       1
        113.131559859593        44.4818678309856        26.9513387390241                       1
        198.538503675866        86.7347971872384         56.689463688308                       1
         160.30464606516        44.4711240144239        138.965251238669                       1
        7.92741667304776        60.9842758657081         139.53686128629                       1
        312.785497095779        53.6598748510555         139.03429604502                       1
        236.570406944436        56.8620763666746        149.968579678376                       1
        252.293758910534        73.9404352191147        5.22218704712699                       1
        324.918032087474        71.8586111517579        16.4899169799703                       1
        10.5331412520923         48.095474872041        134.560607944952                       1
        70.0891365983386        59.9639756375022        56.9284802999883                       1
        95.8106584087764        83.5207152046426        75.0989619819338                       1
        13.2901894299276         48.169052187059         166.45975608207                       1
        75.3489394921947        119.086925361255        147.672442164863                       1
        152.067905302577        73.9837219832285        50.0773533522842                       1
        188.716218585065        37.6681472734156        112.303101076782                       1
         145.71706513148        59.7227483141572        109.745546142996                       1
        270.942058443048        -2.4497540015946        35.9356293400735                       1
        115.294717686254        99.0919889056931        101.306921092025                       1
        268.410031620788        56.3868441205886        164.077638274018                       1
        175.443749194225        83.6184907820406        95.9251976579476                       1
        123.989842084935        68.2203864728407        167.138492554225                       1
        73.8846756069906        62.1919326046253          94.81700510836                       1
        306.339375783603        46.3012855530238        12.0648221247842                       1
         49.324829968086        68.8807619057029        118.734691632218                       1
        2.85937369665813        64.0750047286723         56.070746674963                       1
        306.458001301451        92.0179241671528           66.9539987655                       1
        345.101177061009        52.9649567038184        167.004998934913                       1
        43.9108209328833        14.1918876019119        112.522896540569                       1
        83.3835105137447        104.986440504472        88.9827656243093                       1
        256.574530531826        80.1327889292962        55.0867390396016                       1
        288.630819963226        40.9569520140194        24.8203985142134                       1
        263.447955393841        82.2168555715117        133.364272353759                       1
        186.747378007229        59.8060793373443        124.428495692942                       1
        17.0119435563698        63.8598450466311        110.999512874307                       1
        265.284368901161         50.053205657229        59.3541913664928                       1
        68.9310163447681         67.647806047834        101.354554064259                       1
        314.298683464516         48.838743783505        22.9158306492743                       1
         66.422715370492        90.0011854989173        173.088258719847                       1
        8.08679565095377        41.1765172325174        46.7188478174448                       1
        90.5014834855384        32.3807779954746        114.832287953516                       1
        314.356295541388        25.1356953126135        118.865499379589                       1
        24.7336987399835        99.1602879559806          17.50896892857                       1
         68.187501355346        48.6110412198263         103.79450166302                       1
        118.724850819253        85.6872150544325        105.145537541605                       1
         34.308017200081        54.8670734221416        146.276537172631                       1
        221.529433022149        89.8719000418359         67.715054020535                       1
        47.1804930751674        90.0528701749772        -11.161107564393                       1
        22.8274717642268        49.7451000931293        122.843191799668                       1
        212.973541629879        23.1431673642922        120.336379539688                       1
        243.325292346563        43.8388937205261        139.558592069436                       1
         68.095521747851        82.1540529765113        36.6577581158607                       1
        60.7997396001118        34.7580230843615        85.5911135463339                       1
        123.507731377587         52.380297066876        127.766163528905                       1
        120.434077818495        53.9220846092374        141.936191975082                       1
         212.03636794987        73.9319641558536        183.259893749706                       1
        285.674148674117        65.1373022056168        70.0795295551105                       1
        40.8435180388459        72.6866208373479        161.768956956858                       1
        298.742914352048        55.7223027296549        32.1007195328294                       1
        36.2899301998465        28.9608174246135        122.137368942896                       1
        321.426648790376        50.5486756391733        78.0269560302423                       1
        86.0527585516133        79.9376319540077        100.037814493958                       1
        177.340311334906        64.3313940317623        25.1233473041205                       1
        21.9064119096705        40.5141639374193        53.8101881078512                       1
        189.005571170483        26.8728165576505        152.329630489399                       1
        315.949782650204        70.1903673326655        82.1306451473393                       1
        342.525490666474        55.1483567852819        127.319058192709                       1
        26.6425626173343        39.7940048183877        120.011997444755                       1
        63.5674564992192        60.3946599809769         81.235218950145                       1
        344.788060621217        60.0023065012055        158.187262876006                       1
        97.8622098115975        53.0829989411032        112.416024802011                       1
         9.0263189111407        36.3595202469688        145.177455507012                       1
        341.541672543169        61.0566569027491        71.7728584645104                       1
        30.5654752581644          27.97750823744        10.8814095944147                       1
        263.677775724057        32.2126981740551        93.6700085402691                       1
        221.894441410936        28.0849479915021        129.580596359909                       1
     -0.0258790826085729        77.2592615111137        44.7585489191133                       1
       -1.60485245901545        48.5151894496067        109.827108372622                       1
        157.324029583902        17.8733383558362        172.775935590448                       1
        186.506516472998        84.4790577429397        149.615728571399                       1
        8.46546205126277        86.8114042662347        87.5273733234653                       1
        369.175032239386        95.0459210629914        95.2133851034177                       1
        249.795658452434        84.2284807625163        152.470710290147                       1
        278.407968382537        68.4148115353596        3.85059138213194                       1
        325.189022944879        67.0953310328915       -1.78403529909358                       1
         159.26154847925        72.7906250865739        3.50866388794633                       1
        177.875207027549         59.967364198256        45.9552361138935                       1
        326.992676324047        71.7062357577837        109.020516238345                       1
        285.037598929901         60.039015722764        27.3861656896166                       1
        65.9856324246321        71.3474853443277         70.921866442094                       1
        349.758425685183        67.5755309475957        28.5542498796924                       1
        113.562755394638        57.8979179682977       -2.94940541637348                       1
        51.6302911022753          16.21070878024        38.2694505529577                       1
        301.109000150565        41.7145125594506        165.269539614668                       1
         149.43457562492        87.0748065992817        32.6203773643933                       1
        359.901118079882        55.8961885079288        14.1753007824411                       1
        298.640229306151        53.3720896343994        88.2666809878042                       1
        201.865988933512        53.6012856505333         111.28759634762                       1
         150.53438750435        108.911869802326        12.3079954957898                       1
        80.9113826410317        55.6089834816569        65.9391260914821                       1
        168.529102101126        96.2928035992365        2.16477567409662                       1
        242.798174255861        79.0118631869716        40.2477424304506                       1
        112.824448520512        60.7724571819087        82.6975867162967                       1
          98.87650285112        65.4811962766759        97.6900732661274                       1
         60.354672425113          62.64258158267        41.4831041234545                       1
        123.881567281746      -0.731787128611163         21.257929891907                       1
        82.1150321847799        80.4409685681097        162.974515143173                       1
         37.570384086214         20.110042027217         133.69650019108                       1
        138.278956692903        52.8098825257127         99.659111485845                       1
         12.655645968302        41.1444729398888        146.811231581375                       1
        71.5427465588976        42.2716510177465        111.953942330167                       1
         266.12287544743         58.402468992043        179.890323296401                       1
        321.565463442719         50.984878440308        15.0446534125175                       1
        246.395181860066        74.9853297374064        122.822834469114                       1
        286.297693655362        83.3511117571888        69.2586979337887                       1
          252.9009004926        60.5858576061371         128.60923020514                       1
        141.899819809384        113.076373069568        145.130592178363                       1
        153.706506809711        71.2580576324375        126.285132660012                       1
        78.3877754029059        13.2487792265982        62.7413166123013                       1
        323.848564520696        37.3279159839622        125.034201044168                       1
         113.28371616676        77.8874252147073        144.814523512904                       1
        98.5787726699467        100.942501628795        37.6289955868237                       1
        231.159891868313        17.7741236031182        126.129483477214                       1
        61.6508730372425        52.1644360838684         70.212811003123                       1
        356.353764815513        35.6108446669331        142.952813217016                       1
        91.6662088312145         30.764813359852        42.3187030463723                       1
        173.475710104177        66.9865489246042        139.270387157278                       1
        290.282295099451        70.6498360546976        40.8825931134757                       1
        16.5218864603047        104.505735176447        6.41257881763042                       1
        254.129659402178        81.4672920571754        139.549269589497                       1
        12.3611885735098         62.164891760738        155.631750274833                       1
        62.7523622566603        43.7638182985067         110.02911307598                       1
        10.5694097878293        56.0936764890416        28.9122730136739                       1
        198.808757392941         100.48243353967        12.0418135658961                       1
        122.584081693127        41.1638778270825        131.493536760287                       1
        161.037508781341        50.9851434697894        117.518830973459                       1
        318.323407595437        56.0060829736157        42.0878194950977                       1
        132.545525141625        87.1897274995487       -28.2750087938075                       1
        138.415922563612        48.6910583162077        151.247885184197                       1
        107.496137133824        33.8352259528328        63.4803838372284                       1
        253.534004315072        50.6005646244993        29.0282233273581                       1
        345.049952374029        103.285003627321        54.5853291792409                       1
        179.909287473262        99.6399068608021        26.2425640645138                       1
        122.036464916275        73.5012984116875          8.820255771093                       1
        272.619786478093        44.7187328722314        41.2306877348482                       1
        73.7725500080809        41.6954817383617        146.256727843325                       1
         21.921794259117        72.1284119183319        136.788941669704                       1
        80.9993753233288        37.9436695466629        77.2087784031472                       1
        150.737910819314        41.2437316908585        164.175775474287                       1
        127.042605597245        62.9220515306369        138.161438089675                       1
         191.25407657647        35.6883228891755        40.7333101857858                       1
        23.6928168343593        11.8524644423737        158.733041404081                       1
        310.166851237944        75.9489930582998        175.461065666268                       1
        36.7228037888009        47.3273286887987        141.118237520565                       1
        105.163573277676        60.0169237384471        136.832402513759                       1
        189.980672006091        75.9627150728594        119.065487960663                       1
        169.007464500936        42.9243610603329         179.43212909632                       1
         244.24040891545        85.6716610904012        14.5363288093488                       1
        11.3320361267245        84.1696636861629        8.06195473349731                       1
        303.241311916809        26.1657829485656        146.419292641133                       1
        240.838870149034         53.652901738147        60.0795429945322                       1
        288.608226379374        27.6407678245524        36.7193984364045                       1
        321.949095046656        85.9234395269892        36.4489707241594                       1
        24.0380160799073        59.5856233898633        54.6628723500356                       1
        284.834455925861        61.6046752974959         33.125868760614                       1
        295.125736341368        66.8943795219113        20.5959910214388                       1
        21.5521914942945        78.0042066842507        127.175816703064                       1
        342.463646081597        58.0098875450144         16.308701027042                       1
         2.4910293349582        29.8859549033345        73.2898769199293                       1
          136.6699698983        50.1317480573821         125.33443080884                       1
        146.124670715253        64.9505510379493        160.726762565474                       1
        316.443354060078        63.2881232641379        31.5853362525851                       1
        17.9768208499578        45.5774491091416        94.7469854226487                       1
        71.8838474481312        27.1116645925065        66.9402783948504                       1
        26.1051470239704        55.5626334091205         172.09928517432                       1
        246.044075702027        89.3740232137578         125.50320606891                       1
        230.000719282043        59.1343291722443        92.4616132450082                       1
        130.491820197945        69.0665956136585          123.1640840319                       1
        185.624856067356        106.943420441481        4.75380038333483                       1
        192.660032384408        71.7592161805926        159.851322564703                       1
         224.44633162522        75.7134118631927        47.1293123082429                       1
        16.2064920024693        29.8096141265954        160.527829401157                       1
        225.211285718861        58.9150503672517        73.5662696018169                       1
        223.117979762608        53.6850391952727        28.9446755635908                       1
         348.05691208005        18.7146893044899        150.573471256709                       1
        171.851399355619        15.9455652608202        44.8109557268228                       1
        18.1089138230568       -9.59966299377091        41.2599180360437                       1
        265.449324340304        40.3269663555006        105.923834134607                       1
        278.363044414973        35.9354137771267        96.0897651315072                       1
        49.7679047277181        73.7272901711112        101.714665447823                       1
         333.68646953091        29.2525233181677        152.792567463353                       1
        250.803202178099        57.4077373518627        125.157013792535                       1
        38.9816061927558        59.5913238568032        125.779393791929                       1
        91.5649035697812        35.9698750045839        173.854885412424                       1
        267.734073887647         47.658227114773        100.831255814868                       1
        64.6198374759901        102.501509327367        30.6113099691523                       1
        193.009708209764        54.0159618664017          105.0731222508                       1
        166.242637139778        86.8030455887401        15.6450908237687                       1
         265.58712805904        52.9621708599148        188.727413759327                       1
        107.676580774551         77.964601984927        100.922263884609                       1
         104.88963906643        54.3395447014196        181.267040218339                       1
       -15.3518900214334        58.1651769767842        16.5901462834156                       1
        324.820736042598        90.7993355510597        139.499684052812                       1
         224.34991894687        51.6992195041188        74.8162428429779                       1
        231.135292807697        91.8290116807932        29.6701421066625                       1
        86.0565297598196        11.7926322564116        50.1024464092997                       1
        266.077390959723        43.0285187547143        79.8636522046082                       1
        90.5383735210368        14.8163166748452        159.265001756456                       1
        308.369247492547        84.7477531026115        43.8843806440405                       1
        272.478515821921        57.7139478067346        62.8173493009367                       1
        339.363907870895        83.5501438501852         123.72809521478                       1
        19.0330503605224        56.7549382687967        149.118051243521                       1
        89.9056329896485        47.2927029419921        80.8282633224865                       1
        346.404792733427        75.5620218515709        32.3894075995902                       1
        231.797702665651        62.3887230782424        104.527982129375                       1
         162.55320996188        86.1121575823438       -5.25181234094491                       1
        329.664904220623        39.6926286575848         20.962230140714                       1
        123.379757966591        73.5131032150506        17.5257544379225                       1
        354.606832645616         67.606551118332        133.872820047809                       1
         227.09787774348        41.7882752405028        134.960266153825                       1
        223.171010891359        43.7635374057529        12.2534360017519                       1
        318.744137946243        98.0061272613707        8.52287055878284                       1
        165.905051678462        86.2685408649255          90.98185198702                       1
        345.280379937607        40.6309129783296        135.287568894447                       1
        18.4740779502356        90.1041771187336        23.9011035043027                       1
        253.410003072393        61.6774552228501        95.8113226999647                       1
        309.904354399024        57.9799584297079         23.334655786035                       1
        269.894706140948          54.28054019003        166.701819569338                       1
        8.01124411388478        22.9337811621763        65.3620090787602                       1
        59.0820308613136        43.1816726549018        104.151948711562                       1
        14.3594529934762        53.4127935862153        115.221803384315                       1
        322.755890581685        8.92094668914675         119.75601886187                       1
        133.780961958767        33.2793264966924        5.88526391696875                       1
        332.681991715496        77.6599707701763        157.519877069251                       1
        194.276565030749        72.1609549433849         122.46844733697                       1
        244.667266942685        35.5573463610572        133.385773548677                       1
        267.507482518312        61.6652894668857        141.818465251122                       1
        250.327139310165        26.1496755375993        114.831857456503                       1
        100.946728682687        64.3119276199893         133.64115750263                       1
        331.903520427165        79.7180866740609        24.5210026889008                       1
        183.557921540384        29.9014857145514         132.90801995824                       1
       -7.55792439818594        58.7025963495855        82.7062863326192                       1
         75.122838097354        71.8240115855973        51.5205012377718                       1
        353.492344955679        27.5429981332255        67.7556548525255                       1
        67.0543311062449        72.7272975625132        113.432361777512                       1
        329.207676325049        51.3403504050321        108.222385465655                       1
        26.7262184460943        69.5159156140576       -6.55335608893018                       1
        160.891316180512        64.2979367141725        110.020047850569                       1
        300.568688893261        67.4546084255865        -2.5806528070341                       1
         43.425562399671        48.7339083147404        151.407506327332                       1
        110.711275177277        49.6265684647149        131.052857307315                       1
        37.0091787765812        72.0585790414481        45.0257159504807                       1
        118.171162424646        66.1219987912023        36.9195350984439                       1
        162.355672822834        61.8448982065667        162.496722518204                       1
        132.387394700059        42.8546987928813        169.657327485589                       1
        277.330286646762        59.6506087591872         37.223436646484                       1
        86.9777576280567        69.7826106377302        20.7753348008629                       1
        198.307341373671        95.6872790911377        10.5640972995102                       1
        241.609180112551        73.2146741749728        52.0426950808679                       1
        133.125381699656        66.1458165283862        154.650374379727                       1
        92.0088809854072        28.8424619676982        96.1634184939441                       1
        242.219166588608        47.2924704325706        70.7182956295064                       1
         322.77399157389        38.4933154830933        12.0211076955942                       1
        226.942986634547        94.8637334921076        120.144214629206                       1
        203.909701445786        69.1155286683587        14.3907196254086                       1
        252.741113050858        53.2332307341044        74.4462800835132                       1
        334.533576672503        43.4584916394762        168.069031383288                       1
        49.9779592421615         23.229958023798        108.437882407466                       1
        289.134179991203        54.1096895582325        67.0170123450735                       1
        307.261250492245        86.5303914382643        121.383969867587                       1
         232.35333113018        13.5389031187222        30.7386149962022                       1
        326.554167710491        80.4227228918013        54.4253359262327                       1
         294.79639604836        45.1398541290568        31.9033686919466                       1
        213.677919044571        78.5018324855835        12.9074309059183                       1
        2.63827836123661         84.291934328206        145.732861524416                       1
        255.044535028102        71.4611824714674        137.893720017886                       1
        302.883608275087         66.787285226333         57.048734309427                       1
        158.153110291281        32.5417704187594        45.3845146984842                       1
        322.354854725705        48.5794976779443        94.7117582531655                       1
        12.2117204515014        46.0166232396195         43.940492415798                       1
        102.157779829535        95.6933133913281        121.735745830005                       1
        9.34432271549629        65.6097801024329        29.3869296292984                       1
        220.693794726284         29.759880238024        13.8227908829067                       1
        237.257929627311         45.882192753016        19.5179957806906                       1
        70.1165446896293        70.9505682927334       -5.75613571438776                       1
         328.30073659275        31.8841053248412        106.998922624177                       1
        226.737359242812        61.1003824915216        14.1948016996093                       1
        196.717637954131        30.8422110066096        55.1734631849516                       1
        239.892777709067        46.5922468089803        151.171086200865                       1
         102.51244539932        73.7986829398102        20.7892319502169                       1
        177.676699115208         46.404736122539        155.665084794406                       1
        83.1332966363676         44.080099483123        78.7503372949761                       1
        133.640875394264         76.469857621974        86.4866056759669                       1
        169.576046479366        76.1483865451595        27.2439321698367                       1
        209.574846441449        94.3338498343656         32.604891612433                       1
        101.356519894057        81.3676191479281        156.080575268355                       1
         240.63868614349        56.1292061582908        142.626154097364                       1
        26.3946995979734        30.4769881736779          65.62963604175                       1
        52.9856156729082        79.1665313139527        154.195423616142                       1
        93.3667365324574        76.6652554337267        119.571644826938                       1
        47.8297217111183         56.258194647154         28.363275274283                       1
        64.8607559964576        69.0035950132952        88.7689303313146                       1
        330.290913418053        61.1352227228201        18.4985141558716                       1
        196.735101470308        68.9435210764441        184.839998551252                       1
        129.990742125046       -16.6000124475614        70.9364316483761                       1
        3.42275927370786        90.5539677515695        163.421202674932                       1
        225.376999816859        65.1947334192342        77.4481724387804                       1
        340.809665762286        70.6678485453343        140.581695216357                       1
        48.4377618476813        -5.5621057587917        125.554732884417                       1
        246.181114043346        69.9291737339584         52.083086674658                       1
        281.138673688235        56.3441714841396        26.1720530626237                       1
        333.113400137424        68.2861437211675        36.8651858832145                       1
        175.703154198693        94.2373266214256        156.393239949119                       1
        334.417120457959        68.7395968497108        60.5285676004252                       1
        176.253803297305        74.5990085817101        8.40592249976944                       1
        287.420825938326        41.2351684800131        73.8921041232044                       1
        302.887533970449        68.1238151249056         151.59271910186                       1
        64.4389239469388        57.8375616475132        98.4870542353775                       1
        297.375280917559        43.7982925941605        102.485676592046                       1
        211.526226652619        56.3524978826193        59.1075473471445                       1
        336.740286927224        20.5373210685303        37.1047921786991                       1
        104.860937615217         23.967345111325        130.503402970926                       1
        60.6223561061283        86.4263916158229        120.078326014996                       1
         102.72810847109        94.9534856710656         169.79188596173                       1
        303.034455077922        67.4389952473335        133.271646125299                       1
         287.04004359559        63.4352360681113        52.7162875702357                       1
        158.740946287335         81.687914488859         110.57499150404                       1
        30.1015299281029        26.3705204375856        40.4926253197463                       1
        197.471212568777        89.0304027286015        134.726670185721                       1
        119.233690839099        81.2443821339429        161.370112685221                       1
        225.387113927389        5.53529837777887        144.053356474298                       1
        263.938858868938        70.0836541269861        52.4256314589526                       1
        305.015974157599        84.0077031577555        10.4922972631264                       1
        196.086304971594        79.7716307724153        80.6370649426208                       1
        101.869812979815        73.5638451011839        66.1441623737368                       1
        168.132701502486        38.6985821043669        62.9292362991183                       1
        259.265369562678        79.6588481128457        26.8724676999567                       1
        290.424973439937        59.5808568952015        43.9302303986883                       1
         236.78469795817        39.4510861767059        123.436461589327                       1
        131.561262170918        69.0002258988026        106.706138962576                       1
        98.7169886381022        106.289159951377        22.1121973387171                       1
        263.391250237103        63.6233574402169        45.5062464291304                       1
        312.854445782283        14.4175100727196        13.4459832089353                       1
        248.912811493103        48.9584679246927        48.0320019470103                       1
        67.0081763101338        90.5133573124379        150.076615511117                       1
         255.06257877638        62.5591112147369        160.112870060092                       1
        285.917041497565        50.6207758746367        168.561287815671                       1
        149.012847856722        96.8732324156246        136.566137915736                       1
        114.208579697779        80.9810516268304        25.7270943545074                       1
        294.170312716093        54.7641425582633         59.479059818466                       1
        121.680464525254        75.2994485570754         100.28200231078                       1
        42.6620894618188        82.4302780494851        89.5313056665472                       1
        120.569645213824        77.5220816511536         120.92031046516                       1
        82.5315641372838        62.0799934513539         152.71762461293                       1
        24.4452430239444        68.9983092503638        7.63024589460323                       1
        82.1591975200277        45.7355450501468        98.4135282240569                       1
        46.9527452430787        88.0512391973677        132.469214241537                       1
        80.3403298976274        82.8392514637166        143.023997491098                       1
        97.4464031944191        80.1016346388172        27.7966553129158                       1
        78.5437596345055        76.6163612392444         54.263551299522                       1
        228.559176470508        36.0999123774441        96.0930836712851                       1
         245.86291572603         57.541610685616        52.4972697698947                       1
        333.109932015474        59.1318187305169        36.2673754158201                       1
         101.07230456725        49.3545680783804        162.466644490466                       1
        213.849364157212       -7.74612363979644        205.826512820836                       1
         184.91279302937        20.9228424212519        78.8145848945373                       1
        212.139879414815        43.3954223954145           115.663225307                       1
        114.926683630105        95.0428813849204        144.236035281123                       1
        344.848529624764        24.7523223965271        102.095706345415                       1
        321.315085203093        44.2485285569043        177.519160459005                       1
        316.169286539433         28.290828555676        32.5082755068185                       1
        82.6903667033505        82.2458543400275        42.3105352964975                       1
         359.89828493591        65.0537757914596        123.726613232798                       1
        109.984743897859        25.3801430617274        16.2125531652348                       1
        64.6501482267884        58.8393711233809        48.0987067169622                       1
        60.9580417648914         45.120999842203        24.6604217903922                       1
        226.220345903571        18.4987692796469        161.720902238322                       1
        182.399811936195        50.2769401673803        24.0100262054826                       1
        3.64651432702941        41.2307956850584        136.674182627094                       1
        136.577585788109        13.7202754422793        65.6900523402352                       1
        351.133448806308        5.35494271154182        106.759131649341                       1
        318.671677511008        41.0587611545947        85.1944358163148                       1
        342.011538498107        53.9570310885713        155.292190414946                       1
        286.091438833621        51.2219999206918        76.9677168895151                       1
        295.591939788818         89.305132641341        124.736918283819                       1
        268.984770180533        93.4953473786567        14.4706659735151                       1
        380.387141709055        46.9107743027882        144.029771569778                       1
        76.9984876864161        82.0744971722178        36.7811815406863                       1
        323.141972681524        60.4499576731649        5.76032776394401                       1
         144.03698199469        92.9878666293842        19.8908239569858                       1
        31.7680271953686        66.7097683350354        135.130967294162                       1
        176.545465905459        45.5058542861987         120.90059456472                       1
        130.100358936629        60.1526546250891        174.341719217036                       1
        315.985513094061         37.890917189736        20.8399435525612                       1
        87.5895533734399        66.7524071504027        85.5491460461861                       1
        186.837457608334        55.9454431986073        56.8993309099923                       1
        38.1144051367172        61.2002177387214        69.9744758900928                       1
        255.614479381114        102.881516533753        73.5681714237338                       1
        139.929916382958        105.115845057297        37.7495648239206                       1
        110.454585207813        103.847787831048       -5.21510641169254                       1
        182.776707413391        64.2833853679831        84.6553743184224                       1
        263.605168269393        60.1887222636667         34.325381437936                       1
        19.7320742363855        59.5646355785332        123.264654918241                       1
        147.118720858704        58.5694712296602         162.96324623598                       1
        48.0512092982084        23.4523719977621        87.5874092230854                       1
      -0.645075504368468        46.3767828154767        135.628266555165                       1
        56.5947197986828        78.1535550239722        48.4889775786534                       1
        137.460132525656        76.8703539904811        24.5442957922616                       1
        188.768537941774         19.534784167199        149.349771835077                       1
        319.459787185914        65.4301468953433        64.1248753730973                       1
        205.586011514398        22.1055267239765        196.252836306549                       1
        7.55356046741482        24.8057866950687         47.205753934684                       1
        152.905224506941        59.6359066742592        3.50570153841823                       1
        46.2359062085894        24.0344817682634        147.918599761078                       1
        273.309889870483        84.0848205418625        185.717763110063                       1
        105.154175749087        59.9482010868999        13.9138925148594                       1
        159.778579379085         61.019341041385        87.8314206691039                       1
        233.968172085847       -3.44327678548652        11.7577864343205                       1
         294.86614485047        72.3253359307236         23.577056989628                       1
         200.97622641864        62.4109681008609        96.1199181564294                       1
        254.547676750827        45.1012837334501        128.724921618228                       1
        367.315659220435        74.3071565629075        13.4554605067643                       1
        26.9968501877577        83.0355949925053        139.043799970229                       1
        15.5809885748635        20.2682004401485        121.424527343147                       1
        210.838360938649        60.4263975047285        99.6338471487488                       1
        233.542904089267        28.3431414570843        135.959748127186                       1
         87.741497021773         66.476709521126        109.396537461004                       1
        197.314991365092        37.0815764455801        141.012622346875                       1
        52.4897805428667        56.9957390315016        100.281424406699                       1
        109.491763212575        63.0602049242675        27.7243295763267                       1
        148.741625770747        68.6387046712302        38.1491361266248                       1
          271.7837860953        58.1471265719984        60.5904100144096                       1
        219.555824842148        83.9198236908906        24.2648035328655                       1
        85.0128956425432        66.1344095242531        132.022524130909                       1
        124.634356766386        57.5668549686549        142.380591324592                       1
        13.6264747835763         43.523267200467        112.278028075437                       1
        110.763730404481        34.6659675291296        133.709122425876                       1
        41.7334043612351        79.3215813891801        130.724841205381                       1
        32.2272139388513        43.7750863985487        1.35295316618369                       1
        38.2388712513721        42.8965032937734        124.168757618024                       1
        296.760092132015         100.01080810654        92.4749340637671                       1
        15.9747312843567        68.2985338578047        157.782841802404                       1
        233.973030718201        42.5166975127168        143.968076071556                       1
        275.223538240143        66.3217323476359        70.9255721996811                       1
        352.630615130891        58.2657706564226        125.635045634683                       1
        217.385728914318         41.784223512017        18.7352711681679                       1
        11.0407132730453        78.0062366638356        36.6896052145751                       1
        295.831487912702        54.6516035082969        170.687382949598                       1
        265.164993964409        41.6285634278324        135.492999618863                       1
        182.213109946917         75.375201235441        100.715919753731                       1
        124.736516868795        12.6527190813741        61.4074697133233                       1
        202.464130127864        34.4103348391107        119.497602771871                       1
        75.5442080050585        84.0170662076121        88.5268303483152                       1
        200.298354149878        55.0408612761111        26.4466952124484                       1
        25.5584174861341        78.7923736452027        21.7736533720845                       1
        71.7471598836203        53.9789751646704        57.6941383617551                       1
        344.446783635789        82.8640579481276        77.6351194629119                       1
        300.954738937935        61.6313490413316        165.224002012818                       1
        52.1046503994825        44.9056265429666        174.157131934066                       1
        276.169827109259        69.1020447661144        163.868446432239                       1
        14.5610336766176        59.7580281683264        3.14691370242303                       1
         182.31877541193        75.7310707449814        51.6402892601228                       1
        53.0979984857189        99.3664679093935        96.5169958297605                       1
        239.240931223824        75.5736732076583        77.3776636039314                       1
        242.492907478885        24.5037586993738        94.8138645816178                       1
         182.44865816284        27.5314026376135        175.149126823695                       1
        94.4372011605774        52.1259798726128         98.390704253046                       1
        285.962154388194        47.3962779147653        100.364712625785                       1
        16.1137647783849        28.2725369955488          80.12248895796                       1
        114.952030341381        108.983779708045        17.9179305929544                       1
         49.635583176481        54.5552194734619        22.1968931106795                       1
        297.843996801273        21.5291815632761        61.8702033357811                       1
        216.234339234726        93.8862837616992        168.218486068009                       1
        79.9079269583488        55.1822818895498        88.0195857775576                       1
        366.830479634952        81.1939415281075        135.332732190177                       1
        341.052379334759        70.0327666207982        38.0762947076188                       1
         149.42939214708        58.2106429949645        27.0605793556648                       1
         76.377097176153        64.6352695066553        23.8451478682743                       1
        214.105852722763        13.9387632034478        57.4822806344349                       1
        135.632800786425        50.4237225002803        44.3832764655555                       1
        268.232774008156        84.9650305809767         65.388536323656                       1
        189.956944024145         67.206774590705        63.3820934118705                       1
        189.242480720517        37.3003350923416        31.2297281338045                       1
        102.499111996123        54.8831262150396        54.1668528218572                       1
        276.367132460173        57.4093104578682        89.7670653789601                       1
        90.8602152929251        17.9298804760829        137.581986164927                       1
        31.7050890218853        63.3605526111559        90.8348892841591                       1
        333.426273050332        52.3582239979842        151.868570583753                       1
        266.550472739185        70.8158701055244        123.297765629565                       1
        281.583898481051        73.1058362074948        133.307360755401                       1
        190.357396940334        106.492470784706        39.3441929184955                       1
        360.239135729377        58.7781717945796        140.357844433811                       1
        325.462238665807        58.2591778707921        176.187538242885                       1
        90.2871916276317        61.4907553589386        29.9930436282304                       1
        298.340185573695        46.3896898432969        4.10529075497779                       1
        327.193812878497        39.7577768073318        97.7944270457075                       1
        130.682131194354        51.7274681985223      -0.541578881094537                       1
        312.151947548894        78.9408638441408        145.524415752162                       1
        179.492587146082        83.8847273794597       -7.58345893450241                       1
        36.4586662852224        68.4494597144217        7.28744077470684                       1
        11.3942890327632        61.7543069825173        1.79954666782919                       1
         207.74249982368        29.6741757558002        167.101823373928                       1
        186.436223764207        20.7637797071953        21.0691266249055                       1
       -7.92188558465832        80.6586390948602        108.847818069299                       1
        79.7021308287538        90.0489943518273        51.2898717086247                       1
        242.476875612642        27.8409124567445        96.1222022432628                       1
        199.548030970077       -9.66374874366326        68.3239155747823                       1
       -21.1647568409453        36.0050063838588        79.7285328119903                       1
        156.184203759963        19.3528670300998        97.8729017515625                       1
        280.978751612088        65.5516136169014        123.802661037237                       1
        274.505131638195         58.692442926465        113.600388160891                       1
        113.888001654416        67.2071645663787        150.927472127685                       1
         138.63087618487        82.7180819136378        160.247073278789                       1
        38.0412694568459        54.7014424669823        100.008618185012                       1
        126.429600270108        50.6242382102329        125.981330902078                       1
        242.229043771416         50.249801622422        14.3814876094059                       1
