TEXTURE AT STRAIN


B  400
        303.453989501137        23.9539963399731         115.45070380265                       1
        273.120049961612        42.1682090488752        95.3667067990403                       1
        375.930453740582         16.428313299464        66.5763028163549                       1
        264.850203457031        81.4033150861724        200.715261876233                       1
          297.7394879701        17.4592020261746         167.17769437455                       1
        40.0682225311941        40.7408464314914        43.3822871364079                       1
       -4.94995483588062        123.436699085018        63.9516219626669                       1
        58.9422678209809        63.4756651850925        159.048571804704                       1
         103.28849348271        99.2156978013188        7.05475616124316                       1
        232.431611085862        14.7512332785197        14.4906937979727                       1
        70.1576362712742        62.4073223673048       -10.6022877198496                       1
        130.218358055712         74.577646782432        129.030865165632                       1
        222.576830826089        64.2544117952696        101.809054919318                       1
        245.990986319318        60.4531880069325        93.4267428441491                       1
         53.572445853869        42.8000075067902        10.3055508347404                       1
        104.247709360245        23.6151685784959         41.432280507649                       1
        323.350323364234        21.6999633142678        109.698550368257                       1
        305.565564096117        67.9097355568898        190.268699082994                       1
        209.725727236799        59.5151815865471        174.371092418705                       1
        40.5698903147713        44.4280056333363        79.9678169999895                       1
        145.032312516971        110.498901840476        146.381548332365                       1
        216.244738606992        39.9802718352439         26.571777136092                       1
        234.416539344274         48.732946998739        41.2134032590445                       1
        159.335090664171        14.7754559401756        118.308652402275                       1
        89.0670473920313        55.1168584487758        60.9778313604605                       1
        41.1177816408568        72.4130714254011        59.8738431591347                       1
        99.4368233551594        74.1211529518007        100.875583090202                       1
         29.641420780572        79.0489985062104        165.843980573054                       1
        260.584041536593        57.2035029080301        130.096361360837                       1
        244.594066122362        61.4019434124618        10.6066115287077                       1
        56.8724268841602        78.9100544334644        118.189741572809                       1
        160.517929931239        38.4629315717388        126.055825155061                       1
          223.0458918346        56.1667814186338        64.0761370309896                       1
        114.221532309025        84.3755791759788        153.162264906259                       1
        128.417726372789        47.9976475402038        119.367732101276                       1
        305.773296177398        20.8105165857302         80.887391410709                       1
        288.485051155616        62.9199775705504        64.5821432150406                       1
        7.72657812806959        24.5091544762421        94.8444223727364                       1
        133.318411919799        90.6362895618158        168.710980672674                       1
        26.4657439570316         61.847451046544        15.4551207743196                       1
        130.529523548468        65.9258775300185         106.20354744801                       1
        129.563895681728        75.0578291288706        106.455352639339                       1
        315.705330591568         47.794817438501        162.824678484504                       1
        290.628971208526        13.9373226235675        166.991782886202                       1
        243.806806938816        29.9427403580156         80.902877138021                       1
         204.74098833774        58.2752775475715        51.9579836120826                       1
         198.82246046708        62.3173317818231        30.2306778409317                       1
        266.499607446276        90.6485551583331        168.859029157393                       1
        299.175029877877        55.7441496906593        177.946545458333                       1
        220.493302761021        57.1343368086671        32.6442993459159                       1
        275.829760295004        24.0769912958998       -18.4409905165143                       1
        313.075299967963        77.9052302765256        75.1256489898277                       1
        236.213378776213        32.9063052512342        76.8142312193125                       1
        42.1371575158587        62.0177767020374       -1.06536098649289                       1
        298.009664044567        76.6588506210148        204.786290448325                       1
        83.6254632630724        15.6857711130103         60.176429093056                       1
        9.75831039142918        89.9251553883415        70.4461920346102                       1
        248.449133577304        49.6295024319676        73.5089038523763                       1
        281.505643393088         82.406444608031        89.1976614989347                       1
        67.4670780019197        34.7630497120667        78.9394790067338                       1
        235.615803546446        19.4119114533386        37.0539178354741                       1
        324.779640684854        96.6592638808392         72.648109478089                       1
        91.3234312384065        66.8048955220533        13.6786028644134                       1
        145.190911050244        26.8505752588246        140.081034753704                       1
        115.113075872004        70.4024609846226        136.007912516895                       1
        226.865475816429         19.260832026862        59.2841320335641                       1
        318.919742986272        63.3534571786002        148.124434223335                       1
        218.739812456774        20.6791252584778        158.094047247069                       1
        200.918435538842        88.1161139492714        69.1991639306446                       1
        167.855000431935        55.7776826567263        109.344448158759                       1
        228.156760436924        13.5264442778545       -5.16228245309475                       1
         291.96121824605        28.6803899625394        30.1461823906681                       1
        30.6168149982384        57.1633222443584        37.4445707827429                       1
        203.211369535724       -1.47105239401045        51.0741245577053                       1
        83.0251481504435        5.79379467611983        11.0275765318347                       1
        200.742796045181        60.3436809061839        124.430313987999                       1
        293.181741559483        98.8046556113199        9.18412345570938                       1
        343.473853598109        52.1919635571765         24.110310419679                       1
        38.1709268153445        46.0929487108247        103.635913177215                       1
        92.2077534112219        30.0144325352852        66.7013238121033                       1
        137.971419120141        32.4694499334575        4.99856939594352                       1
        74.1491876155944        100.722489680323        198.117771974089                       1
        191.343294140728        20.2247117597278        70.0579938445276                       1
        41.4965879875465        59.3199515776984        45.4777961364223                       1
        299.998963602439        71.5335655506208         43.294601089043                       1
        147.287546666406         50.317151836362        125.831396953828                       1
        172.637689240416        11.0495867668139        27.3661873258308                       1
        10.8238806186049        59.2068316071741        17.0047648264898                       1
        134.973320394349        42.4443488344688        151.349531941716                       1
        63.9392028948267        51.5614892819063        151.695605651645                       1
        293.040360661275        80.5730775072996        1.15607700754391                       1
        358.272539570244        41.2594215646151        81.7865056605197                       1
        51.1864440940491        25.8316453840303        115.629388667056                       1
        238.781371487201        57.8090068771398         152.59952213841                       1
        79.7084943553674        20.3676968085501        161.619295755986                       1
        158.509030557103       -4.77926675565237        87.5959984421676                       1
        117.990219590483        90.3579326384909         95.997945316584                       1
        15.0097962411451        54.4580787723885        52.7660253955547                       1
        237.978684040815        77.8234598777568       -1.59486398475005                       1
        19.0901511704293        35.8192806477948        47.5940891642907                       1
        180.939277484374       -12.0026283468163        65.2557949692434                       1
        124.186854477212        32.4481579045319        70.8335832864651                       1
        302.725138403865        61.2582918982879        92.0885807066056                       1
         181.34372331132         20.268352546301        3.27527186395588                       1
        50.6819210418045        63.3755961937869        63.4469565481759                       1
        26.1420583576216        61.7219076864479        94.5635332225514                       1
        108.635527300325        44.6775864600271         32.110036358474                       1
        325.650263222424         85.917310486218        43.8097493979192                       1
        366.033739896423        39.0478357845047        3.86998175736986                       1
        320.867754753391        81.5875186246154        58.4353706584914                       1
        290.661546116222        61.1503803455841        119.087456856272                       1
        266.793756043962        80.5750882605804        109.589303633316                       1
        125.070860845662          57.54332678655        100.651990850735                       1
        117.423465289839        63.0276522892707        119.136922557678                       1
        138.758104445584        71.2168626120846        47.0439518536111                       1
        225.989551572887        83.0966803583894        118.204570483307                       1
        146.685927636899        54.0786397385418        115.701923059686                       1
        141.657717645085        14.1514635619681        122.647072889014                       1
         259.15636422016        37.3510200134147        12.4671174207767                       1
        19.3537387275395         66.225352476762        134.227434944681                       1
        24.8385576472132         23.500581849831         26.717382206674                       1
        304.540826971062         56.118465298018        74.1455613612288                       1
        237.283435196592        91.1155049397453        41.9715476817259                       1
        35.9927008462769        14.5607097609491        32.1177143407998                       1
        150.589285149415        81.5038929377287        136.842091291764                       1
        248.847852182525        75.6871742400716        130.792232026852                       1
        234.949686359979        71.2379843315134        15.8389827833232                       1
        188.195275263892        87.8018619117746        8.79471913179555                       1
        226.496929298452        50.9881389760557        7.65766092957577                       1
        53.4219081727186        17.6218569299793        77.5019166521388                       1
        41.1522145333073        84.9852445284319        171.761984372765                       1
        347.442768680323        12.4274647574073        132.608933472361                       1
        158.677499206365        71.1703774044513        69.4214375145833                       1
        323.835770341737        67.0177283441866        133.121860955354                       1
        346.361456492842        14.7024577259312        55.9991599343565                       1
        107.244575560706        27.5571935407594       -14.0542155343385                       1
        196.921030342712        101.882857497697        18.8389321214164                       1
        96.6867857226413        6.31825393512929        90.5509409399382                       1
        293.186103192574        85.5183507195498        182.429526809708                       1
        97.8654958777138         36.409280488423         155.93998444727                       1
        165.291910141782        43.1521172485289        103.039673701447                       1
        68.0685088781654        26.4385479471881        154.983654724478                       1
        59.9920941804072        72.1937608003544        148.783161793156                       1
        238.852720921732         99.482808253217        178.734690870253                       1
        89.6533893838592        37.7276460923837        58.8936177319234                       1
        296.250181835544        40.6027504035872      -0.439980217441887                       1
        65.0791738040673        56.0316196496368        134.850867589966                       1
        24.2906935561599         72.752256989714        33.5413105843676                       1
        292.584806985001        75.0565608805591        105.202824043096                       1
        299.087640637647        45.3917784981181        125.832791561796                       1
        23.7817440484665        74.6706889975881       -1.50710518571418                       1
        199.474285751222        32.5878682623549        98.1205696590701                       1
        317.243225899097        76.1272073440233        110.381577586885                       1
        125.284518257869        90.9261833912488        83.4225309848668                       1
        28.2097825995929        45.1642899587301        18.9338580007655                       1
        68.6878139754659        82.1636246401605        163.086023429617                       1
        239.975141826358        43.0178022101895         41.589410795265                       1
        28.2553425089476        24.6194844926524        129.333101154032                       1
        309.094066653355        111.572206645024        36.3928894720585                       1
        297.306000103198        69.5290134935578        187.885667314036                       1
         230.76463897535        22.6966703989688         165.42749033943                       1
        239.508241497769        70.6070368533742         83.877848665459                       1
        80.1064762118728        78.9176722373531        186.014044895128                       1
        308.690890916887        67.8988386041437        59.7037575937253                       1
        62.8091840027931        63.5013170876157        95.6333575519118                       1
        23.7584606344062        29.2861974210182         119.74667359834                       1
         101.21386561437         91.067896568136         107.33211107143                       1
        84.7281011554676       -6.17676700512138        67.5401451692732                       1
        309.272368840696        24.8322560385061        178.720192909656                       1
        153.153211212219        61.1852552820118        109.245384130756                       1
        321.433195606472        56.6963239641474        175.404768895955                       1
        237.102728141345        27.7159305480523         18.972446454734                       1
        191.290963261265        52.2152414109644         86.339146365131                       1
        267.226470353344        34.0559927031797        145.632980665487                       1
        125.774591646056        17.0721526600932        128.573182810536                       1
        29.6542266883173        86.5042748578367        75.2993430947157                       1
        200.639285933574        98.1899935153905        113.221074136706                       1
        239.168902289075        65.8055517740606        125.014169474331                       1
        93.0592995242719        55.6779879773537        104.088128531844                       1
        23.6633387633388        46.6272444182261        79.0098078917948                       1
        40.5788377509919        53.4810120939961         185.02992031559                       1
        316.316592714419        49.4175373513677        139.864323634725                       1
         63.202450278577        7.98878397976218        147.526443922822                       1
        43.0710378940621        4.51727097689503         157.26532284685                       1
        171.833601713861        74.0576432974023        5.73704345899859                       1
        123.194579460293        82.9481299774254        123.086504889107                       1
        150.796756127074        60.3558826422498        96.5509375814977                       1
        302.744719564274        30.3106376725526        135.913658588828                       1
        29.9434935883442        67.3373639397367        146.044637453968                       1
        269.561186169161       -13.2444762882504        88.9518589146129                       1
        106.271215232438        31.4981126006439        80.6430544477493                       1
        51.3390219030897         23.410659998298        134.464443138608                       1
        167.975540038124         32.047025366315         137.59582373143                       1
        50.8610850173261        54.7923118376275        11.8164927785763                       1
        107.274606199286        14.8300533069518        57.6175517763401                       1
        247.437125119311        58.6223404312595        166.863774498719                       1
        185.936527019811         96.331953273647      -0.738965480222044                       1
        327.254054928955        34.3858961662178        124.656916069348                       1
        43.4593724211507        45.2783667097647       -10.4341744014338                       1
         19.481730341247        53.4530887971941        31.5169751467049                       1
        157.762870183423        66.1716522179488        126.634861466855                       1
        310.643163038258        67.8055159047857        54.7101202600687                       1
        96.2392331907628        85.4854186946115       -4.55898611682722                       1
         141.99983059227        75.8268475669879        121.335209360854                       1
        184.054543840553        69.4837970702498        143.474053098746                       1
        341.136506575838        107.659593564709        152.154475336669                       1
        207.022437256726        76.2867513662618        120.051507174332                       1
        231.751324448904        108.044845374578        161.099569007225                       1
        83.4093979230101        80.2047557818261          30.41195598947                       1
        114.570858901254        54.2172202162409        121.545331573314                       1
        362.157192829444        46.5310130793412        48.4476009414936                       1
        100.838925641187       -16.1575028216706        81.9880162006817                       1
        283.682224876549        49.1666692729592        175.932909150043                       1
         308.93940910876        72.8254100533315        170.932071790298                       1
        197.505944004477        30.4301822248032        7.42615386183534                       1
        95.1032112593102         95.887139010691        100.180171053581                       1
        113.571898155021        84.2595524755388        116.465092870083                       1
        260.946126900907        21.8154204819413        33.6055725388716                       1
        241.734527501956        69.1019205303897        24.1302391203118                       1
        321.819380310966        41.4520457233907        112.028920227241                       1
        198.069656118416        40.2293585741279        119.411193899709                       1
        104.987227749281        39.4830784207427        68.5957199629533                       1
         334.12580126644        37.2141472400345        141.867609178699                       1
        220.056063065265        51.9602781600135        112.712238898392                       1
        234.597129233077        43.9384445686575        143.879380018886                       1
        283.655636389894        77.8021796626697        193.162669238697                       1
        227.300060471647        46.2871518010278        89.7805114028082                       1
        306.054002710775        47.4469380904052        87.2468508822727                       1
       -24.7849675162771        57.4824658505521         101.12366172435                       1
        54.9615578844986        23.0669090959803        21.6928248082494                       1
        213.686510225884        52.5560765189825        29.9486032305274                       1
        273.713706844392        92.6035426844151        26.4951868602446                       1
        40.7908469117702         98.552444381925        164.926597523153                       1
         258.33729086165        9.45016497612845        134.330709757286                       1
        283.643953917776        35.0625702308348        158.463450660773                       1
        56.6710188569037        21.1399957153366        120.830474754955                       1
        119.922612250706        67.0549595713082        167.727453111139                       1
        341.156496138227        30.8703930035523        80.4340400709873                       1
        280.898257632179        9.29797625494611        154.527391027604                       1
        164.660129096727        10.8414312735555        151.403563316704                       1
        61.7919355608052        42.7932420241803        165.113716978409                       1
         189.99221814468        48.4297333130811        70.1097651137696                       1
        305.425547899967        80.6152943525786        68.8532162176642                       1
        133.039855691002        62.8087782029921        126.424215916441                       1
        61.9470017325775        64.3918717686465        14.1511424906093                       1
        272.528812456782        14.5340078891533       -7.21236937224196                       1
        182.431799783264        56.2790559850165        48.8027509903422                       1
        14.9395158010049        3.27541016865791        91.6598564732732                       1
        162.923592609375        43.1052970485456        162.762748781004                       1
        129.071281381412        31.0485750757388        114.855727785531                       1
        183.132568538454        75.1145334227641        13.0685243426075                       1
        77.7406527452593        103.115605620569        180.600540736293                       1
        315.928439943558        35.3630416280932        128.151854094062                       1
        210.758263922508        110.193513541127        103.470406924364                       1
        335.459861861092        72.3551992436011        64.6600589144928                       1
       -8.10460245746037        19.2051656123999        179.998359764021                       1
        308.043350492727         92.819676765824        48.8213745802019                       1
         256.52805483604        56.5573340072465        39.6116389680369                       1
        203.363805490983         81.180069408207        203.399291370652                       1
        37.0024557037365        59.2266396266962        159.800589339267                       1
        173.408668382668        85.3325438032273        170.215204537968                       1
        43.8967222729041        111.853707495742        181.631587717532                       1
        253.033206352995        50.3766596510643        59.2127533529596                       1
        146.935034147285        40.5936599126445         123.40673044112                       1
        55.7761463786723        94.7069836423063        81.7656217733514                       1
        304.405684038515        68.5782373458834        132.154798900064                       1
        129.266881618357        23.1380893446016        139.949936322279                       1
        142.681534962787        97.7989335996634        24.0040463395842                       1
        262.575934493672         64.860686418728        63.7302025649326                       1
       -16.7120283971901        28.5600230378336       -19.9707355654641                       1
        137.691079745953        17.7684291015393        65.0567756688543                       1
        274.751528912821        67.2113425100669        64.4468744908988                       1
        336.614018868197        23.3654676530107        76.5178516782722                       1
        135.291185707994        50.5887943119245        71.5398002703554                       1
        78.4373156131056        53.9001569015888        96.3521224322085                       1
        241.082404675737        18.9941023778605        72.3049183710872                       1
        121.410192277276        65.7988665578299        67.8670771284061                       1
        294.681066445984         51.800874106981        50.0201605250581                       1
        39.7193052961472        60.3703475385964        168.075443739246                       1
        255.701270498576        39.2157321081293        49.1426547529574                       1
        271.794398392625        17.0960028253686        34.8381051069027                       1
        68.6038752707719        91.0711574285039        120.463569983395                       1
        307.449578247287        87.5412319032039        7.31131642816364                       1
        41.2068859289677        61.2109434750921        43.3046960481621                       1
        48.7563108904318        60.3652719003748        143.105642728141                       1
        123.518109734622        78.1317658324104        11.1767297084356                       1
        208.289435388082        29.8025590722201        109.603001167493                       1
        251.972785322538        109.641046889128        53.5772104771681                       1
        10.5281056731842        70.7526062058373        14.9496941170166                       1
        100.102517979846        112.072173661706        142.102435077528                       1
        196.437561241549        12.2461244917966        177.922530047875                       1
        239.625460361617        40.7024677553776        181.201971227423                       1
        43.6985051575158        66.7912112389708        6.47158949035275                       1
        324.930599692058        78.2828302135267        79.4760411067721                       1
        282.437072720108        79.0495215818403        59.9612226900904                       1
         138.25418245348         76.976559137886        85.5846162670728                       1
         334.79380677749        18.0565570755821        107.685420691238                       1
          167.9280518845        55.7196566557156        181.601038527847                       1
        119.237033125652        89.3001525718313        96.0414496271533                       1
        49.0636992092517        79.6305191100955        74.4408408867895                       1
        284.835306419051         64.735285881794        12.9463808153573                       1
        3.36395036618591        62.3675717242033        108.401311305342                       1
        57.4611588215307        48.8500358073208       -7.85029715902503                       1
        68.1891422440392        96.4778713078083       -4.62291242021327                       1
        318.447057230142        61.0585717281413         118.56822798198                       1
         296.90322694055        23.5565498468784        81.8372563628003                       1
        128.165855593587        34.3057585131195        127.644466560445                       1
        127.114519282911        41.5214868382713        140.041663270094                       1
        172.815939228369        62.0379580936862        102.497727651709                       1
        130.010632414958        93.1425189493527        52.0430933647259                       1
        107.711720795849        73.5439163835029        104.286177730035                       1
       -14.6983274831603        32.0246752071266        22.4497367816726                       1
         302.95778374527        83.0053687055827         62.072168212992                       1
        181.587756612246        112.778083707442        176.754184415221                       1
        365.623531591085        19.2765043211221        194.649336595317                       1
        37.8805585702061        72.3793620091589        104.326625761723                       1
        320.633464818343        121.958104697731        49.2271372028036                       1
        292.166451297971        87.5160313762536        114.349961266516                       1
        316.667583681183        54.7733976765357        99.4120790123283                       1
        208.639709397258        43.2342950429465        59.2883998515237                       1
        288.582575917344        74.5967067434124         72.939940000114                       1
        294.526454743461        10.4284256492564         81.186023697825                       1
        313.377760402278        74.2655996665304        92.5359109882336                       1
        232.571401200609        54.8387511587497        25.7174822187722                       1
        167.490879737358        23.1677294281608        43.8618428186655                       1
        278.347439006742        56.2121962373948        45.8518566323291                       1
        16.6424048426643        54.9815428423563         120.96814170928                       1
        41.4118152474265        8.33145024708266        116.937494199696                       1
        31.1151764870069        41.2772898033515        169.164953462501                       1
        304.465446565711         52.658634032188        63.5366098112301                       1
        86.1452854089021        61.8724290167702       -4.94138324645007                       1
        142.574475077761        61.8637145995355         142.67938114133                       1
        38.8870687791377        29.6941832954995        18.8779858968789                       1
        291.507074177218        28.9975073149627        47.5473820149307                       1
        277.826865463618        66.5526821190953        2.56047545532933                       1
        21.9405501297933        56.3862303137436        160.601398489633                       1
        172.843005989964       -11.8520455698687        97.4173635561715                       1
        300.139820022551        64.7069389924541        79.3987925370293                       1
        129.784302429844         51.529627998671        140.288981319444                       1
        259.046031878845        6.35016782725782        159.198317896318                       1
        110.658271562751        80.2155403410731        81.5710381414981                       1
        256.812699915455        32.2456154252397        66.5432163490025                       1
        298.576071295221        74.3878221276165        20.6101193362406                       1
        223.558270157878        30.7672293675148        78.6262283143311                       1
        281.193032851519       -12.5389478259544        202.472083891831                       1
         71.582599939612        39.3592892819592        -11.965582849531                       1
        221.877261131422        101.206087375583        92.2503810312545                       1
        317.683094093517        25.9162180203982         140.79865248386                       1
        323.678398083109        61.5865329905276        88.5515571347316                       1
        134.172088677791        46.6370584800331        154.101879733712                       1
        332.982537636118        46.1915311627719        47.9728594775431                       1
        342.955507766169        16.0389163360178        61.6080063782385                       1
        119.456179748402        53.5518329879419        150.172311697618                       1
        98.1868935818795        78.8734319623114        8.86420382717618                       1
        108.818117422243        47.3244364634857        138.074505139048                       1
        252.050461436896        25.0766886108037         15.509326044397                       1
        148.706157244895        56.2331019191415        154.115941078838                       1
         15.307156747981        72.4154383833127        94.3183209000936                       1
        209.153730086469        104.139095398375         122.88179822814                       1
        76.8674931399795        72.5878820781452        176.509227920951                       1
        302.030415535227        66.8765859368523         153.88780242005                       1
          105.7004708734        69.8220469095825        66.9469229177965                       1
        191.747629162809        70.3891729170445        93.0090896726926                       1
        237.843000448604          5.845345902024        27.5552070758231                       1
        179.536336403253        69.1289053330253        87.2618564400349                       1
        274.885714649359        22.5984660928464        132.966446143696                       1
        165.771452468816       -2.35539197248283        146.581117758286                       1
        41.2291439764753        109.402853001616        146.776265088067                       1
        83.4660928940287        42.4930162549704        53.1644174370397                       1
        231.437682523847        61.7821713617523        5.36276731378642                       1
        24.4575633896789        62.8555378105001        70.4711137136421                       1
         230.71013174779        107.204471087781        5.19513263201303                       1
        7.32731461011195        74.9117670042278        51.1520694033068                       1
        182.755349470995        16.4783622172307        114.725453749669                       1
        112.662588772334        48.1253427626282        81.6503480311779                       1
         192.14630833222       -25.6695294832497        22.7193215803204                       1
        214.181374944307        65.7758258302403        19.0985912809338                       1
        112.336501340305        55.2422740714927        160.901937747641                       1
        315.938945132171        37.1633962832655        151.587444258582                       1
        198.391511915546        49.1600862218858        106.919124531826                       1
        346.889532275314        24.2382404487503        81.8106230626062                       1
        331.879817263267        11.3488000507402        57.2439798977565                       1
        317.078563418749        65.1500144951568        73.5272575515382                       1
        195.564912577786        71.6671620696638        54.6511722795324                       1
        92.0824329794266        18.4433208929737       -15.3455824580055                       1
        72.0645093124638        84.7666472593309        14.7483817963377                       1
        295.129436089417        72.3116630436305        66.5250786848079                       1
        290.717057738364        85.7300741791524        171.975943273489                       1
        309.566151104837        83.6267180686232        26.7151480795299                       1
        226.044203285128        40.1261479004053         32.067233832342                       1
        102.305490458456        54.7486755932242        21.0211546794237                       1
        259.636182059672        72.9577434920723        97.3057392846587                       1
        4.04360668270532       -8.64980362794629        29.1569431718045                       1
        104.597578522034        65.1945430123327        162.293373746424                       1
        136.119561011549        84.5182522546456        87.9371787388576                       1
        371.932177939615        36.1215636417118        109.920715405854                       1
        218.790445991632        39.3393422548805        80.5665496170549                       1
        218.525987741207           99.4629644473        126.260631718597                       1
        310.838244152245         80.280386785733        45.4374164044617                       1
        264.797830383445        69.9925890359848        77.8103372887141                       1
