TEXTURE AT STRAIN


B  800
        138.275346979523        34.1034562348031        134.449065848428                       1
        329.417612044515        86.1525739471189        157.582424448101                       1
        39.1395833896838        44.2499021557503        41.8725550293763                       1
        77.3211866721105        67.2925836944477        40.5037086054759                       1
        94.2802364713696        36.1002160736194        135.455797491456                       1
        60.7511030362402        87.7527494355008        179.681395885323                       1
         157.03762291826         18.022840374023        107.854025580121                       1
        -3.8398721022556        56.8894530833465       -2.32032059392115                       1
        142.948027060113        44.4718685096608        83.6572462557406                       1
        101.076078948655        79.5847075219949        66.7058025166354                       1
        8.32527878143657        65.2815475580979        139.469533314703                       1
        255.406500227997         81.214392111406        88.1175834565395                       1
        167.832967175292        46.9025449460216        126.379110172671                       1
        102.539261726919        71.5558350498056        92.8805930568347                       1
        189.739499794248        20.6827508053658         30.216723914818                       1
        221.720968697517        99.7270822858923        59.3423853232504                       1
        182.704742361948         60.233522946897         161.37809481604                       1
        207.747472727314        90.9225411067309        42.1776179404659                       1
         161.25383510025        51.8324646593779        30.8998983902313                       1
        160.647351435429        58.8070436581517        44.8775389094035                       1
        2.75227362231549        37.6560582173929        99.6226144622013                       1
        160.973521768471        83.1730210398023        161.434639118162                       1
        296.488895813605        110.380325253368        117.808147045136                       1
        188.833866293168        41.0699932415616        35.0311507555921                       1
        296.643135636088        100.216886563349        105.736227331156                       1
        109.026201163453        42.5789992162592        160.613618212682                       1
        140.525588524664         14.875774877926        55.0670919775078                       1
        39.9281738041818       -19.5728602626261        144.102862684516                       1
        345.026747384635        15.4078726512482        74.0024323262277                       1
          220.5552840494        35.2253125638317        88.1940534220006                       1
        209.562402078735        89.7519215460616        58.4785125435153                       1
        152.579964159818        37.0743855061533        45.3278048425286                       1
        136.793747043724        46.6834263450453        113.206176231977                       1
        227.762173806028         61.352950531051        51.4918715960845                       1
        318.619360667261          75.37363259305        34.3076379195251                       1
        168.864734767933        73.1807418752949        169.472519751034                       1
        234.824415110734        30.7631830868615        133.723499607861                       1
        309.161808838101        24.9986511695229        6.95962647854492                       1
        58.6232387111345        44.5830076315938        105.035001594329                       1
        192.322657586547        94.3369221830876        122.532030708615                       1
        88.8121095637946         72.287695418874        117.793488334808                       1
        55.7245781881398         38.198505505368        62.4154299456465                       1
        22.1468757404774        48.1068918874584        153.946327168264                       1
        314.557124365474        64.8453946399698        51.6027624773895                       1
        253.177536533133        27.0605176246629        153.861234426345                       1
        194.594582778164        49.6265993859929        152.309945628771                       1
        75.5640281582546         49.312695700728        17.1496064642995                       1
        205.978582591158        72.4212010538571        30.2745386932915                       1
        90.8377747137447        60.9264226847904        109.629552193165                       1
       0.230346005141886        49.9319311875267        154.856498425538                       1
        358.069332858423        74.7171268560517        64.9777817346925                       1
        47.5409819340931        60.7023565187988        104.575819047263                       1
       -16.0433005862945         32.494636824636        133.649240463927                       1
        1.17477071385768         18.936896775176        13.7237155918083                       1
         88.921162859615        6.68710854691976        2.29910698238071                       1
        131.725363700296        63.8222944645959        14.2197999234914                       1
        79.7031452118894        107.489369887935        73.1458091998788                       1
        19.3954016553399        69.2709808719117        85.6526914676978                       1
        200.879666809087        68.0161453492392        105.472340170583                       1
        295.301598726274        30.9841018587803        35.8385656891705                       1
        350.649052444211        71.8707574497463        165.956576653322                       1
        71.1754876762858        30.7528005250624        93.9773679880636                       1
        14.4904144168849         55.287255430729        173.379552564252                       1
        154.972482227363        44.7221043483114        95.2377501184207                       1
        149.822654328997        28.4771828152196        166.607614747166                       1
        18.6430968218912        68.8301252792675        103.882016284305                       1
        11.5326233432362        41.2708932065002        84.0441232681638                       1
        271.146582325827        22.0895180278232         100.86573621095                       1
        4.19633673734001        45.1658586066631         113.89932825442                       1
        263.289056857204        46.7576728790406        59.1817254496558                       1
         340.57418002674        71.2060440165732        61.9618100971124                       1
        227.554728473306        25.4301521988323        122.076087431989                       1
         147.01560029033        22.1088915715279        32.5885518445031                       1
        300.276089119771       -11.0828488352342        61.8729324384687                       1
        308.301182830317        22.7257847981486       -11.6871173064626                       1
        2.84967912483738        53.6636527763866        157.650600586479                       1
        217.171271770322         12.486227345784        43.8037646969298                       1
        167.546048352202        50.2724348264684        118.019483717481                       1
        294.035983464063        81.9383092729856        95.9495813071133                       1
        23.2783187261057        94.6208573526801        16.6471165269418                       1
        280.235010123611        47.6649610174655        149.614078887137                       1
        243.349772066776        97.5772601769703        123.224219822405                       1
        320.792258925482        80.7609766253149        17.6582457546266                       1
         187.79461106119        49.9771812218823        63.7215260771864                       1
        140.947492586813        82.3509290466568        8.67117686581448                       1
        127.336434800773        74.9129477469584        6.49993832734798                       1
        160.582731775684        39.1917713496091        -14.582837331979                       1
         107.94157944695        103.574030980007        116.347705438776                       1
        308.755662809421        52.4668830391279        24.5087763308077                       1
        159.526014233771        68.7444964551177        29.4213985808465                       1
        363.845344251211        64.2765737641538        131.837454629106                       1
        281.033274584979        44.5570400865203         139.62480469011                       1
        53.6365306349568        26.4594220451377        103.458907685921                       1
        9.27672786202513         29.469586403034        148.791712691578                       1
        79.6826640762412        64.9282538450832        72.2094848313398                       1
         360.47015223965        75.3576325962607        163.617042727839                       1
        158.972882503711        68.3570379570719         60.010179677451                       1
        356.180439068314        59.8369970807071         33.593351302986                       1
        262.526956525755        26.2512862507044         16.272199959638                       1
        271.559798279465        76.1179657003056       -7.75484098052124                       1
        347.554953543337        54.2526153451015        176.299792092604                       1
        86.6251119585082        82.5015119992575        62.4641389987836                       1
        321.531745377043         95.751915886298        78.7853100028694                       1
        75.7369181093112        66.0882998079201        102.088741181118                       1
       -3.03926068159439         91.202718346811        90.5692982325656                       1
        172.460175543224        34.9369775610355       -11.3568526625862                       1
        266.121189450324        63.1899502266951         102.71289181768                       1
         68.064199776278        53.4972820263614        90.9975917866962                       1
        278.327709539308        86.4835037026809        85.8081652502947                       1
        87.9233749264878        54.9043993713681        86.6739626922955                       1
        3.30667397749636         17.391396526074         157.70478579922                       1
        79.2542369101106        14.2067720433366        84.8264051729787                       1
        361.049695658371         60.050525109392        61.9965271763225                       1
        142.536926808674        70.0066795497606        68.8643570725119                       1
        336.903807020541        36.1328931895265        9.98250679868602                       1
        36.5616002399153        30.9825394479994        55.4458664868944                       1
        29.4426747714405        32.0716366712925        107.677431652099                       1
        34.4894931827561        9.11635742436454        68.7485462755902                       1
        124.380413810519         62.433198859759        131.389338495516                       1
        133.615001541647         87.667962137864        174.709324172643                       1
        24.7816035768162        57.0310755874656         46.270615907361                       1
        102.400038266699        67.8722655966353        177.075236349055                       1
        86.4322390157621        77.9222004611453       0.253497689917628                       1
        22.3289299469011        50.0886055041795        65.2626727437679                       1
        194.363071173711        72.3739204624194        45.5666077301297                       1
        219.343241559283        46.4631002447484        140.160564095108                       1
        149.428714283399        59.4569211404788        130.020022078078                       1
        191.623853366373        28.2653614726101         82.424018314298                       1
        81.0745250335592        39.0526924676341        25.3181317663073                       1
        192.779231710064        57.7063965069616        13.1159254916922                       1
        89.3558859839856        90.6740363048401        103.990457817183                       1
        352.002908748236        64.3669957121157        124.565214029285                       1
        218.955769741174        27.1169947212075       -2.16748911579627                       1
        171.141236445723        62.2962604528442      -0.082570872528613                       1
        94.5481967993581        44.7951736467655        177.076507473617                       1
         270.46584875849        79.7983825633672        186.082917218199                       1
        182.953549759467        32.0911804057667        125.190770932089                       1
        334.208533273635        28.4475056449756         85.159245499217                       1
        147.521403942394        59.2624516056162        42.0590465006781                       1
        90.5123206128907        84.9392223153934        20.5107688984394                       1
        224.541845470797        53.5169671931808         108.34710484657                       1
        93.8494911147432        53.8188206163146        78.7001791309419                       1
        61.6063214789622        73.8025548304006        28.6870209917041                       1
        364.091827888353        69.5646455101975         113.27813110587                       1
        56.7961906076588        47.5909548490065        69.5300797244398                       1
         360.00610294577        21.5751868115343        145.803796526123                       1
        233.084235808074        59.7496246132309        119.987424515546                       1
         156.65507132463          88.88560027567        14.3753738832604                       1
        101.718634452252        44.0767975815533         62.527456586771                       1
        222.082351008789        17.8658438695677        113.444440913218                       1
        253.571709118075         71.080244226565        101.284484302682                       1
     -0.0267804653602986        99.4771139514403        55.7281551648517                       1
      -0.459551786627214        74.3376342190864        95.7720509176304                       1
        87.1701114674333        65.6371008505941        86.8639973642928                       1
        209.163289973968        57.1034757807117        159.160460442829                       1
        256.096458380389        75.2963576147257        62.8189429038681                       1
        264.610171452248        9.81606097041255        108.604667704232                       1
        82.1139449517369          17.46713309535        107.080450774723                       1
        168.108068127269        19.8634263022569        88.5808950243346                       1
        23.2145041462764        71.5066858825154        13.7459270136892                       1
        191.745148442112        81.4864901173129        47.4511991653628                       1
        21.0704280592602        19.8741732234164        30.1999943624736                       1
        15.0133399112505        85.9152502226663        106.694770520699                       1
        243.239638921757        82.1515074962239        122.757925539432                       1
        183.101206365156        59.8310345456282        36.5549626243977                       1
        221.946994603126        73.2290431374759        103.265109167556                       1
        62.7447684355265        47.4796817739381        80.3009231635686                       1
        288.235644884845        58.7142788676443        30.4454686497457                       1
        229.909153657789        29.9554198818975        97.0993206419901                       1
        233.059703043562        90.6761841577034        46.6722103055995                       1
        182.781301646093        65.9838140951597        53.5987533885966                       1
        214.510587894297        41.0501056661904        123.561939177888                       1
        210.566591951739        22.3054561721869        56.3099606537268                       1
        248.589057227815        57.1899959362446        160.948204071062                       1
        171.564577385002        50.3296135068744        155.423464246304                       1
        32.1600774628749        6.24633290014432        172.298682468407                       1
         131.49483474641        18.2662485091934        134.943530147063                       1
        365.098435817041        28.6253022452764        193.005912748748                       1
        256.276990737823        88.1973922630699        167.027852391289                       1
        180.159278437426        88.6729389174163        10.2531157054996                       1
         143.40310892014        74.7604276094363        91.6332642115497                       1
        257.677007068449        26.9655768964725        98.1879170272945                       1
        197.297523472314        40.9421463179755        95.5349258720771                       1
        186.694493841001        76.6090471302621        19.7432711670987                       1
        177.658584261951        33.1530384566995       -2.51085600803555                       1
        349.252049649002        66.3541902083206        34.7417201224868                       1
        5.42651698449136        46.1914952444294        30.8422672985196                       1
        60.9416856372679        72.6850489501398        173.885822390651                       1
        238.828681259465        45.8098966910783        62.5083201461531                       1
         328.13241335867        39.7830852903792        13.0200089164862                       1
        205.171125980267        42.8562979918652         123.12981649901                       1
        2.24338767689273        97.7883424421236        75.1566784497678                       1
        331.190664554778         75.366795664943        90.9399011885937                       1
        290.667629899749        84.3788712897975        24.6808914373318                       1
        275.923473962362        69.3297609086093        143.882453942412                       1
        69.9353620970253        96.7244114328251       -2.26332341056231                       1
        237.898186011999        41.1616718527974        56.8792473996111                       1
        162.280618061622        24.2395230719005        39.7731727747481                       1
        216.561829742038        88.4392551012614        115.163106732016                       1
         30.228350230287        40.9419897069338       -3.19374683091225                       1
        360.866581826106        24.8892291086139        175.848088592977                       1
        239.439892294654        45.5820530346708         105.35865623128                       1
        261.191785439138        16.2382528509495        162.368421626616                       1
        345.899680511316         22.847651611553        66.0841612054153                       1
        10.7279319005359        67.2478184000786        72.0440497561642                       1
        111.928063725249        69.8958659220523        153.778794977614                       1
        203.940255977299        89.5455644939495        73.9556830987414                       1
        82.2507112494431         32.887389975786        84.6358070340821                       1
        181.295764216047        66.5962404136862        125.393626908436                       1
        59.6970719561175        34.0213469620216        70.1836917950572                       1
        228.831020290792        96.5816091836652        9.35020410528254                       1
        258.615581311422        87.0522756145448        173.440879014736                       1
        360.224661315911        83.0714289817664        170.129379134117                       1
         20.778302733955        57.2515155849182        76.4444181751644                       1
        289.163616370804        41.1500386929478        39.1920089898184                       1
        201.580869426601        73.1590453600338        8.95801371117445                       1
        203.487173438794         28.768082424081        147.512332424206                       1
        199.089848938938        55.9181420772161        83.8130258577824                       1
         335.65761843099         66.834393949229        47.5295425849906                       1
        32.1431005366026        26.6400427115458        143.982457888511                       1
        211.905749127935        18.4286081161002       -5.25940945153946                       1
        40.8271902408511        110.119481199555        17.1554094556187                       1
        69.9265518956873        60.5774089703022        38.2517574841251                       1
        28.7183510069094        82.2249264692809        69.8825412917892                       1
        30.0959984656849        101.100493518126         4.5156724605127                       1
        265.956326388912        60.9653013895825        168.412348103837                       1
        61.0868848183743        78.8768668038205        94.7509226980559                       1
        259.873541274835        40.4844004223865        20.3107188227098                       1
        182.470292214376        13.6706715940512        169.082609807515                       1
        257.069438108627        39.9115731499329        8.44435438157256                       1
         275.73897611091         64.982467795189        81.7270791100762                       1
        90.7204148345188        22.4446522373858        58.4160411133237                       1
         328.07460714878        81.3361342177876        168.097199361405                       1
        134.562831509304        36.8189099260428        167.686217798435                       1
        70.7875752067377         57.952519271501        28.5435629358453                       1
        335.693490177809        73.4398377337072        57.6231913121872                       1
        144.237612282258         51.324580948249        165.742144585938                       1
        3.78082520796484        34.5531931871903        49.5217400687571                       1
        109.036012369937        25.8376786197794        137.935878709341                       1
        317.887727131779        83.0486990172393        114.269453921798                       1
        74.9763109628193        50.8374019154877        153.954588674397                       1
        79.9981538996696        45.1428579079128       -8.45662008035177                       1
        165.393161054309        70.4089255891577        100.010384103545                       1
        274.551360206021        75.7530903806334        158.972874482055                       1
        221.065049015842        11.4545093961056        89.0025691646663                       1
        39.5580924890723        59.4336732070033        38.3664631126491                       1
        276.751200908464        48.5091533604975        25.3687500705805                       1
        250.146469787097        48.2858618174877        80.3845429479277                       1
        260.567532934275        98.0167336445747        88.3692074127871                       1
        270.689551760314        18.2584365438589        38.9677264883851                       1
        181.453072261833        26.5248035476972        9.49059580154183                       1
         211.71789361889        68.7979185810395        172.326593363576                       1
        191.774740169346        46.8775942157608        105.304579476523                       1
        259.612165633996        88.0637916600485        3.43175607848442                       1
        38.6885234648274        88.8697582817723        57.4727430436036                       1
        119.334221651641         21.814381805693        38.0816613561441                       1
        256.670724571835        36.8111407087095        107.514355532073                       1
        252.613293429397        107.292070824962          68.68802306738                       1
        126.646640324056        33.5582152910017        157.798027976262                       1
        154.605838962469        34.1527929871528        70.4847184232191                       1
        151.038762320516        60.5488192154805         137.74403659756                       1
        195.802081242685        50.0921861288818        41.6183885765005                       1
        288.423216353183        55.0002347465334        14.5738774943452                       1
        105.043097350325        90.2688646716045        181.969524358257                       1
        142.455512947927        50.1850415706101        137.344777692444                       1
        110.570969679277        30.1157300681082        51.8401926413923                       1
        337.096666274893        51.1056279277089        52.5322768094415                       1
        244.449666328127        63.7528831857265        68.7096461789386                       1
        301.465150268452        47.9484389519811        19.9568507732948                       1
         48.786095465945        78.7582366570243        55.7647936290066                       1
        277.132620705176        25.2992884841173        171.544595940749                       1
        181.494976821638        23.4197172607488        159.920829475798                       1
        162.178268008421        86.2334827950888        181.196909626779                       1
        20.6648267306421        80.7248478923308        173.132070560113                       1
        80.5087005937813        65.1173624563706        157.355650192503                       1
        314.742810308023        65.9558688000365        175.375747224501                       1
        110.980015547496        15.0514755420043        44.8361164189262                       1
        163.452193109542        34.9965980371478        32.4864169352106                       1
         117.53533671393         56.456615951968        82.0491981566845                       1
        158.373684101014        92.5393300193149        101.844039911995                       1
         337.19408562493        87.6536381957143         107.04503516896                       1
        299.052239901069        73.0207706788572        79.0405360235774                       1
         321.41509112848        44.3575411828515        122.867198866011                       1
        11.0176917227233        66.5577741922866        181.672910974343                       1
        193.056426408696        72.3149398937949        2.99712965142253                       1
        73.7556645757344        68.6244503651659        54.6945493852499                       1
        115.069111228316        53.4635639062731        76.1088338856344                       1
        152.592429993098        92.5214554452553        79.2375584066855                       1
        160.166153201167        33.3674617275677        143.976222163424                       1
        217.403268484173         38.450605524606        61.9108846717182                       1
        323.689898063233        42.7756447712384        83.0973244420328                       1
        338.247166279901       -7.29404113419018        155.668144553002                       1
        74.7453742439596        44.2091235422559        75.1381417249703                       1
        226.335885981178        77.1510031827808        90.9120371544068                       1
         164.24428933642        55.7284717994932        85.1353698966831                       1
        182.953603925821        13.9255668911018        2.92923738733602                       1
        305.904870484064        45.1231799535517       -5.18053956664912                       1
        308.059927485409        18.3340371436642        51.5944490020542                       1
        125.185497630245        42.1524384832117        143.415722197465                       1
        351.255861162403        52.4511453623574        16.9745614275569                       1
         314.84771102997        70.5617363887346        65.5687359619539                       1
        136.069248009419        43.2774753954014        84.8412225144488                       1
         39.346462426824         66.107814843168        26.2011607493574                       1
        109.405297306396        66.7117011402585        164.291466957902                       1
         55.345747911401        89.8691751360499        27.1649720673096                       1
        124.718370060678        52.1643449878251        15.1003698111143                       1
        39.5648356679872        68.2887914300356        8.85633771838774                       1
        223.552928270078        51.7062272337939        27.8383758978947                       1
        75.9911222546745        48.0727368039968        59.0678326257757                       1
        338.176216744981        65.7004244351394        22.9282554007575                       1
        154.925795200482        24.7156156949831        26.6861637339838                       1
        287.422799690546        49.5680668828242        31.1077089043381                       1
        333.993579367923        34.0085846603665        116.799565143736                       1
        319.661909140458        106.129745506587         42.036459087084                       1
        39.5153739938704        17.5446866179453        47.4352192138725                       1
        190.578059328555        15.0372616106422        97.3257127512321                       1
        253.710325152416        103.962905515345        96.6949447461208                       1
       -1.57747898307831         72.141714708585        2.03958928976866                       1
        240.564354359525        36.8905680406276        134.467389335388                       1
        307.610657740324        60.1088502191343        151.017436692835                       1
        196.879474782572        72.7865036548288        3.10681741521183                       1
        234.780676153629        51.7271519479291        79.4848137409731                       1
        298.091089533648        32.3429047718937        115.237562828733                       1
        174.327048200937          36.14657920756        96.0653594347486                       1
        366.450513853431        69.5855499526197        82.3619486398673                       1
         19.492127834514        80.2295052329924        143.386606192806                       1
        196.257063159412        86.2514897564704        183.856786590681                       1
        53.6325524323249        37.2779728010367        49.5570920381749                       1
         82.940599458631      -0.183856440246095        109.008806873811                       1
        49.5242411781554        33.4478089526737        147.909331630296                       1
        254.993942344222        93.0801172583996        115.620706509659                       1
        132.664840265088        75.1463605710132        78.1914164347451                       1
        70.9909085955275        5.43661482171494        38.6257868871509                       1
        281.984210364178       -23.1573902760838        68.5320760197472                       1
        255.405769013918        34.8496206097175        51.8907080082454                       1
        204.058831979674        55.8196750284587        171.626447644312                       1
        209.744029788554        52.1718194396316        18.7916026523326                       1
        138.344455828162        42.9105515896828         125.24290242315                       1
        99.1330783275888        76.4570354103317       -15.1779105139223                       1
         71.765674223256         25.796916849962        73.8865325284055                       1
        20.0232547354142        33.4549304391451        107.823449228834                       1
        157.510129956534        77.1994033882059         108.72993056905                       1
         333.63388372726        49.0194989416034       -4.11827713899641                       1
        345.453924696621        66.1043661892517        141.130173572493                       1
        291.812397779389        69.3805006931433        188.713715429401                       1
        162.709358675146        53.1273912964617        54.5296963732055                       1
        336.185670594472         49.968865724313        37.9327061573856                       1
         278.41028292983        35.1970737885359        155.941102419785                       1
         241.14135913887        82.8206956379328        76.3338643292885                       1
        32.1679440613391        73.9506064649256        59.4347485700988                       1
        205.063832074659        68.1698401949167        17.0235560721545                       1
        341.669569922513        98.1089857345192        160.518295093614                       1
        108.721202700444        43.9723106436359       -27.5893405681841                       1
          215.4898160809        53.0634592112153        201.975149693214                       1
         289.29739683936        23.2732678253921        136.447176302955                       1
        246.202973255139        21.5455640494055        103.491175333486                       1
        267.833150538378        44.2947461031143        43.9193789142418                       1
        258.376333293255        76.6199169365842        183.727742953148                       1
        128.647460754926        53.5463627358386       -9.80370849324659                       1
        65.2490349072765        76.6308220275536        102.970747166639                       1
         48.691276733156        56.2949227544483        55.6845919493399                       1
        31.9737878057686        52.1557472463742        112.135693819547                       1
        288.016824236664        92.8016254681157        147.478566340327                       1
        15.2135980936748        9.94757967172886       -11.8145668130196                       1
        117.451739617263        60.4439479973182        150.578198234764                       1
        293.301764689331        1.62081994444009         99.455717043023                       1
        277.856215524894        73.9549231374988        134.011159411218                       1
        202.222978437943         83.899371234988        103.303973459806                       1
        312.518428669231        9.67455407062557        35.2575804058602                       1
        171.551103105639        42.5922004445698        169.383343616969                       1
        189.645117828998        74.5767999211064        174.117641626682                       1
        13.8853580706418         54.173603275436        125.036766240318                       1
        80.0833924104016        70.5212442790535         23.775161276379                       1
        199.503123102874        29.9738233191556        53.4060605988476                       1
        202.410774219756        32.6585758471026        159.286147481998                       1
        91.1331287831469        39.8481768205746        94.9451949290779                       1
        347.119881495182         39.022683429488        19.8722851931166                       1
         17.313654890072        81.6937161112503         70.963760706271                       1
        81.5937203794797        67.7515788662205        99.4805613740674                       1
        149.848738967965        75.4702295412032        42.4318049166488                       1
        64.3280413275149        84.4368973125069        38.0744778119169                       1
        133.237744823136        29.8873458024182        49.5123394602072                       1
        143.526489855593         82.856821983718         120.38848381279                       1
        274.984313986517        59.9855212937546         52.943790750902                       1
        315.476106773014        23.9338864613466        15.2796169737138                       1
         96.525942962634        47.8606384904407        142.807735958608                       1
         115.87664835428        32.6842024869179        26.2254525639221                       1
        337.663138960084        3.70934703010907         168.34595520573                       1
        216.129131537765         88.324525484126        186.019370454191                       1
        287.434910567578        67.2280366943023        17.1733177651017                       1
        250.935233841968        19.0378097042347        66.6164953151025                       1
        14.7570296873353         43.492120102375       -3.11483589592827                       1
        141.730844570862        55.8772905376585        129.020114774579                       1
        219.287207830583        86.0715247955859        74.8273877273767                       1
        308.577437302462        86.0472837201952         141.71314981352                       1
        84.3015557695874        84.8307134061405        152.648804950627                       1
        309.929155886684        48.5320778215845        41.2210074499632                       1
        98.9932261817043         95.298669870068        25.1556972336825                       1
        82.2164736846894        104.032589975373         26.251745907343                       1
        151.619894420757        74.8894058344539        70.9020045541477                       1
        323.150186555983        85.9698064958325          4.146944020662                       1
        31.6152743361815        29.4764586054324        98.0836285156773                       1
        69.4573609530443        34.5462643117677        97.4697345924575                       1
        231.703752298243         81.141214617391        177.503009438878                       1
        273.206553537826        83.5134439115038        199.004104656964                       1
        337.275464767595        65.1624577564798        73.5169503810416                       1
        94.1382956740408        41.6448432458631        59.6026108440681                       1
        320.910292002207        36.5849605642592        105.153870168768                       1
        104.957701711374        18.3667189016224        182.770685926419                       1
        175.529177245537        58.1198858101398        131.160415180218                       1
        364.610571199609        93.0879002295801        97.5212649077463                       1
        172.607035909305        34.2184326279528        107.739462732998                       1
         353.64050215864        38.4117013129574        160.424039318617                       1
        358.775316596216        49.8457978618796        21.6790813906358                       1
        242.503693017557        63.7227386099093        19.2201007642644                       1
        370.941006997476         38.052481611983        162.009610959419                       1
        321.439668506493        97.1039292099331         105.88980158364                       1
        266.172970989889        31.2775102793988        57.3194404839274                       1
        80.1302344340889        81.9550127324208        39.5732366210383                       1
        327.229361863115        62.1556670705175         68.737838987006                       1
        222.648785251543        100.376560437327        181.515440810576                       1
        44.8578645753019        37.9730833582398        177.143762702267                       1
        251.102029369016        76.9056891171717        47.1341486707049                       1
        170.954236010233        86.8446742803441        79.6898303237097                       1
        172.294576375431        84.8152109677205        28.6759235043215                       1
        103.414283319635        89.6676741676538        166.849255592164                       1
        310.460224706976        53.0138116547571        68.7933143495302                       1
        345.472672007295        82.6062870825504        66.3607949297394                       1
         304.38273667705        101.512677260094        25.9006251916422                       1
         335.13734619965        29.7172386647626        37.1564281915657                       1
        82.4168781247518        84.4647921046776        148.489741588113                       1
         82.860424587494        59.7948589505958        10.0783399496671                       1
        84.4028542536705        55.2659642545901        80.9326522139418                       1
        305.796968492575        54.7179233143498        177.696507395098                       1
        280.206243601777        45.4657400632927         5.5099156145486                       1
        13.1144202175702        83.8660691885652        166.476744693396                       1
        333.680799916856       -14.1449212838327        145.764044883543                       1
        204.366315661873        108.390644602848        64.2966613448993                       1
        83.1386761347698        39.8934208114136        79.6297019271233                       1
        286.624602739205        58.0101277376411        67.9870919201346                       1
        57.6408772416853        22.2935638475879        34.4278212283839                       1
        30.1563142337988        16.7673919744051        132.684737120365                       1
        252.396164329392        86.7970327522248        161.544753453987                       1
        224.063218241065        89.5274095687457        106.947838465541                       1
        344.687910392943        39.6944519902989        75.0318086100298                       1
        91.0000658308531        71.4362451391753        138.429439399693                       1
        249.172357013329         100.36717562968        170.177696507811                       1
        320.011061901587        34.5673598040092        173.714255344457                       1
        90.9758755182816        69.4022070831428        29.4222433954817                       1
        101.105459179621        67.3939468077551        104.183264067782                       1
        157.060682969371        34.1922618651552        128.545552245481                       1
        121.381250430687        34.3156943094026        130.775687054857                       1
        209.016768094973        60.5303305111474         87.732720655464                       1
        330.465254558739        22.8048465732638        105.381191392245                       1
        42.9783518139216         37.509886206344        130.024917361356                       1
        330.774168175939        91.4555220914098        162.460898069728                       1
        261.914164519788        48.1549353732466          120.7481663927                       1
        211.694757179461        27.3028280785492        82.1167453430284                       1
        200.644155310684        66.9665791368929        1.81296034017914                       1
       -10.6897217891316        42.3710241871379        82.4180850166358                       1
        272.273141253981        71.0156917676954        176.267795504303                       1
        34.0105703905256        8.33933502489524        38.5637586274629                       1
        301.081048813645        26.0868076145196        5.85455407378155                       1
        317.630973775214        71.4984687161937        65.5716114174294                       1
        100.568632699147        75.7233863986087        87.8932373614153                       1
        184.986554833456         57.281290121111        146.315867562752                       1
        170.275306021791        78.9077761567179        114.878772377723                       1
        262.985604446906        83.2551260505759        119.379625771697                       1
        224.482023167453        72.0807245028604        110.386952543162                       1
        134.893826676734        35.6750936108717        133.898146558348                       1
        203.620391701203        41.8570906848296        55.3919407379219                       1
         350.43636396189        84.1217051607979        134.761134605728                       1
        262.087362147241        69.6926288005307        60.1614653928918                       1
        83.2928518719344        83.6342012548497        102.412358351796                       1
        33.7719678387134        82.5641950679363        89.1219149618074                       1
         249.92735349166        88.7781038352674         75.365551645165                       1
        43.3881410406061        40.0027895897775        98.4132192411379                       1
        48.3248334868899        68.4816918447545        145.735561412662                       1
        289.749225157312        11.9625418253297        90.4223982843238                       1
        285.640358127874        66.4688728643136        151.826761408635                       1
        263.201167417753        63.4323988887616        81.7491993742436                       1
        349.487426668368        77.3491672286375        149.899851696145                       1
        111.500811538861        24.9997686041807        70.5014560698867                       1
        78.5315828955368        36.0265266739962        63.3180099201384                       1
        180.358453886995        48.1746316168987        130.169724145863                       1
        24.3627449553265        76.6640903820097        161.705888161424                       1
        127.073481026321        55.9361772160777        155.528481544016                       1
        221.243611249108        96.8970197049589        158.717932221182                       1
        156.419316721273         71.381632292707        1.58446026759089                       1
        189.736773115061         39.641801424564        57.3935193573336                       1
        276.500044438607        72.8839485625986        23.7750902848136                       1
        254.758855186384        67.2964028347836        95.5103082835488                       1
        106.501121182711        38.7265935132506        58.7620218720145                       1
        28.3144135278927        53.9898496741492         11.653297925178                       1
        56.3664686910447        54.0754279237525       -3.80565148417113                       1
        355.677157762974        41.0645037909014        182.399216140195                       1
        33.1925502790546        94.5009864766633        161.573161918131                       1
        253.932885260999        82.8012571090557        130.795654942225                       1
        226.291672724038        71.8305749712785        132.836022469824                       1
        364.626704587196        55.9638344156129        96.6476441651627                       1
        46.9448839961164        14.1827071271769       -19.1758046152176                       1
        59.1493048218418        67.4798348627963        38.3657035686928                       1
        76.3434918867136        21.4887213738039        47.4335610217961                       1
        196.569880830652        30.4993466958332        154.546667111332                       1
        244.431342875947        78.8328268817772          118.7594201634                       1
        11.5382771494958        61.3372434384258        35.5544001975588                       1
        149.968528232964        25.8340224249538        176.553567573641                       1
        69.8481435557814        82.7033285643758        16.6650109730914                       1
        333.039193295159        68.8403284371279        129.560890356377                       1
        238.954158034752        81.7299641321086        86.2020110722857                       1
        227.931914717378        19.7369692475701        26.0068989628412                       1
        78.0194088890417        96.5395899748182        37.6296351225963                       1
        324.382385448856        14.9541201877104         12.963783507928                       1
        16.3776636222971        40.6391377101677        126.705499194879                       1
        179.028660077776        73.2200714123596        38.5183604476867                       1
        87.1874169001151        53.5523355788939        48.6835000953485                       1
        244.215140316644        86.9570650063131        147.680099652804                       1
        93.7900174494555        31.3763877827817        157.109020922588                       1
        347.239922879281        24.3880409937641        116.580378944736                       1
        96.8744361504145        61.8748521568024         63.865196049331                       1
        212.674617939468        72.9255716484211         64.918751909642                       1
        246.974673408653        22.7102787548518        55.1258157706388                       1
        222.516592188551        19.5165257628982        99.5022772871889                       1
        284.895176037474        34.8012638770297        22.5438680577953                       1
        195.366094569765         55.906294553452        107.243820795956                       1
          256.4294673474         3.0996554674635        85.3703434877984                       1
        38.0316407273233        65.7776609197802        170.239893570166                       1
        246.484030338155        10.4555696253599        114.370357151385                       1
        82.1565740569303        101.818688482988        165.042298556833                       1
        109.288966926549        43.3730158521352        144.364630040513                       1
        64.7982828823763        72.3788268727443        127.893100930976                       1
        9.31220103404908        62.7622235776632        170.283088645834                       1
        12.6409791121366        65.4234708097029        159.053988462504                       1
        325.479249698228        55.7422738684319        73.8965872958708                       1
        158.475726463197        34.8175941180504        59.9193376506461                       1
        176.795627864479        51.4788735289098        133.793257979785                       1
        367.776007846448        91.4232584069684         115.24553066969                       1
        102.361245223774        46.1625215587886        51.7554789705585                       1
        65.6418384166496        39.5175035858003         81.197462071629                       1
        322.646387343173        72.9613768113319        159.500787935969                       1
        138.152997566612        60.5437154984504        76.5402910364963                       1
        9.18486573901221        83.4519921769251        118.872569833855                       1
        241.293019387813        32.0058303700498        10.0751158924954                       1
        83.0267015299214        52.8197356469058        38.0507711951059                       1
        123.849062196275        41.1990513671403        55.6527321352151                       1
        267.595231571288        64.0867909771975        95.7728700948545                       1
        353.830245972795        49.9810468253415        48.5852905584001                       1
           171.196292468        70.2406464355954        22.8595784360162                       1
        166.869435358675        69.8233912902313        55.8881949057102                       1
        140.231400310007         57.725747871384        67.4249151992922                       1
        11.4415794529764        54.7507784504337        64.3826191612514                       1
        6.33203752958411        115.846805055627        152.987971704685                       1
        190.727915446868         82.137088001651        24.6225842045681                       1
        4.47147489555461        83.7896896293993        3.71163074132404                       1
        328.092296708769        54.6666683168093        17.2003134697079                       1
        9.01143074248595        22.4289463359532        101.911898955452                       1
        287.992695056404        69.8265250985892        161.203059011552                       1
        233.585422556618        79.9184619301216        71.8167003731581                       1
        103.066815193867        58.7628183261231        67.3098534175293                       1
        345.946195281367        62.3062268928959        87.3091740030682                       1
        329.435816478374        55.5188448646476        122.551655573516                       1
        160.826831332276        58.9211322732375         45.973057141726                       1
        350.444566321939        58.4495986287782        155.317049339627                       1
        328.258387929917        22.3722128621858       -5.88567290016464                       1
          269.8805529078        92.8851796204809        58.1929996183278                       1
        326.225361365664        60.0291310922577        1.43568057808077                       1
        97.1303019800516        93.0010844916976        140.510171551562                       1
        140.182418814677        64.7690947927149        111.162644671971                       1
          352.6781441488        42.1205800319725        147.496028776408                       1
        238.960798217479        70.5071075088004        66.9095607143308                       1
        171.992890443653        64.6905222218177        120.451907052165                       1
        93.4926443377748        60.2479378560541        86.7917198230159                       1
        103.202785947823        57.7161859796083        10.4975758987249                       1
         240.30347209085        88.4390118631911        66.7057067210154                       1
        61.3149398314986        22.7933475975396        67.4113141074637                       1
        255.238366413896       -6.43983477650144        93.7490957128419                       1
        137.925354820108        18.2215739553254        14.9280072417132                       1
         364.44422199432        92.6955340773823        6.38958734539139                       1
        92.0141587796554        77.9415779343387        188.077970423309                       1
        315.350715951025        65.7202556291136        120.002129466903                       1
        102.627895302436        56.5165472036177        167.161676286181                       1
         175.09143771929        50.6670344609606        37.0266278597481                       1
        354.602529986685         47.653190887167        138.783601146878                       1
        40.6855485398404        49.3004030060735        21.7651544773759                       1
        161.360328796945        20.6464448675817        122.449544367911                       1
        162.853787425174        73.9772734841449         190.69437237381                       1
        311.530776878856        49.5228608480856        86.6630084068958                       1
        366.717983849871        75.6688228743366        130.966859717715                       1
        68.0542080555378        57.0124598742795        87.5637827109463                       1
        101.328648341357        54.6535148665265        125.491275492992                       1
        335.095144012239        84.8674124601865        147.867075900938                       1
        180.206055026009        38.7593545112331        142.522976287154                       1
         6.9522731030335        34.6648947247441        12.1196173176321                       1
        136.257725411912        27.9393725367394        29.2834554569368                       1
        67.1214651637424         103.85862563724        12.9279221118816                       1
         134.98968052825        64.1765430945919        57.1478572599784                       1
        347.846805211979        78.6417008801399        88.8740325419717                       1
        176.696415688954         33.428284854975        104.228704973386                       1
        55.8284755175345        70.2883347056197        126.456177211228                       1
        81.1012103104605        18.2926914892643        16.1511129538741                       1
        119.085491034568        56.7987490799197        68.2504542082845                       1
        217.108218788581         67.794102352027        27.6059890940919                       1
        189.494247454211        26.0684616675314        113.116496953777                       1
        276.307631760649        85.7174004428775        99.2873198312596                       1
        23.5337716286889        54.0270839136571        130.173270231319                       1
        294.793547601495        36.6612757320047        133.597216264118                       1
         199.49399439768        33.4326216912444        71.6453038715166                       1
        304.764486065747        68.6383569050285        146.118765700562                       1
        85.1080812466163        59.3224002657462        138.798536123475                       1
        201.355236513645        26.4310827484807        125.433243834667                       1
        271.693013155419        54.9474875075554        125.546175802597                       1
        113.312251762944        10.8327126292406        62.1496570349761                       1
        81.0278284644157        82.3681539520558        35.7146851993763                       1
        33.5514943377103        23.8122846039039        91.3215182696248                       1
        109.715536622491         40.892966804158         111.90841490228                       1
        270.208591215355        79.3817928961733        44.4058144554064                       1
        240.253723767303        74.9624445258861        83.1679059615638                       1
        207.956787867496        39.1492989307658         103.51393149519                       1
         278.83210568247        11.7457074806119        10.4342572436828                       1
        110.198738984091         47.795815200565        37.1549045706177                       1
        47.3650606076384        102.972999530675         123.87310332747                       1
        25.1421555287168        73.5654889198709        125.861427817114                       1
        161.568010363227        43.0809540225399        147.610765800768                       1
        306.255283381469        105.196371334866        109.709990912318                       1
        76.8839981132059        25.3398514322861        36.3075036670232                       1
        19.9837194839732        85.0510479533772        84.7056358904512                       1
        353.193893497168        76.4247954341441        44.3398826852144                       1
        108.332958403197        27.2277558826658        22.5822001750468                       1
        305.561492317256        82.9681665763379         92.869647007098                       1
         267.99386897077        31.4916455736473        122.794176157256                       1
        264.968441354501        83.9665941540733        94.9187067003855                       1
        227.873556373423        45.0641952289209        5.86617141122739                       1
        262.885333461448        63.8665463940631        68.3941992631912                       1
        57.4591637569489        81.8210468010415        119.051323317205                       1
        307.552007638261        11.5216191376237        107.542648640225                       1
        225.004391887336        33.8094716694402        71.7433166292962                       1
        332.003374637134        68.0945224600803        162.793725944934                       1
        229.162677075278        34.0209857340699        41.2471183176841                       1
        156.566000432913        53.6074652557012        79.2627728037391                       1
         127.19082362748        28.8290411194872        46.1607647571193                       1
        270.848139149797        87.9015753420937        51.5571147633684                       1
        105.295117368011       -4.98756234861941        73.1305982424992                       1
        280.972617499856        15.8879591834064        55.4544276215976                       1
        200.710715511735        49.4096829989889        121.129382604508                       1
         264.68983751909        95.2444081821399        3.18443876695942                       1
        334.429828474573         105.48453371827        147.016172257329                       1
        56.6038539363585        56.4519690702621       -13.8252722376415                       1
        152.172341497143        70.2394583884444        19.5928062809816                       1
        203.562776206047        79.6752630536191        17.9537791524744                       1
        134.246301846983        90.5408630393023        21.5401502805724                       1
        329.378404314509        24.1662382118902        150.945463755186                       1
        188.007443840203        15.7624047962359        154.263592204603                       1
        300.833588902044         66.255838740953        34.7963430288201                       1
        97.7729272413006         27.929524394603         43.617050239623                       1
         117.49763512648        54.3933249768698        140.724617674572                       1
        22.1841789674099        72.2415658648815        126.248596456784                       1
        297.065606644134        58.7837759481906         131.25094013911                       1
        15.6253495469039        97.6433197395703        48.5665892240734                       1
         20.643012100293        61.2395241974671        139.862705194106                       1
        262.351340523126        47.4123259662165        30.6555362397686                       1
        137.455275884667        46.8750249472443        119.444974434256                       1
        232.789136768672        58.7217276641728        130.237001689969                       1
         84.777372970915        31.2663591017907        66.8420145444642                       1
        23.9239368240131        53.7336446413336        182.581089432644                       1
        256.644981037762        55.2279819956536        65.8889446849964                       1
        81.6296568911038        79.3106001660363        105.702182289587                       1
        307.810436918445        84.2088008027906         166.66632239321                       1
        264.380588438416        7.28508049572042        31.2647721201383                       1
        87.6819584639738        38.6561136987649        39.8639366333408                       1
        201.540479595158        92.0897440989935        28.9475259774292                       1
         296.66452732571        76.4705076521963        108.809112035435                       1
        26.6493445398439        82.5301169197053        39.9979565492707                       1
        208.085430254024        5.37229914177556        43.3809458285572                       1
        348.407095727611        82.0279794068343        77.2986388532996                       1
        187.788733874566        18.5912875991411        48.6858124169279                       1
        174.217946854491        74.2701599575581        94.9539626643939                       1
        42.6565076975763        55.9759462903728        149.779915997689                       1
        27.7970364198533        71.0878609445307        54.5421192979042                       1
        85.3112724894847        64.5894173196509        51.6882740752944                       1
        89.1862126606605        68.2479048621318        14.8130452935064                       1
          68.26904180598        14.9853322077197        72.6315123576651                       1
        247.466342031439        68.1560648102508        174.927512375783                       1
        190.660397359704        45.1108319522493        142.790802920507                       1
         244.61247842194         61.408763040808        85.6878301222061                       1
        325.945000868284        89.1956504778492        124.078818362801                       1
        109.890985398599        58.7606673352709        73.4116138669279                       1
         347.38133704735        54.2496416925142        117.690913657589                       1
        132.608996651393        56.1977806981052        131.492525636837                       1
        146.013214603128        77.7481934174709        29.3176082971422                       1
         149.18360064126        44.8386281281693        140.938869741286                       1
         30.924580055095        48.0562446333362        137.787083922733                       1
        41.3483767347837       -23.6543388023445        90.9226553576769                       1
        168.332424605703        93.5787085782683        100.622235222644                       1
        105.096237641921        39.7072068967187        152.264312627216                       1
        368.719357603208        38.0932131703345         34.974595356623                       1
        76.9790091795579        94.9568785772452        47.2547242078182                       1
        162.881941762076        14.9437593971974         6.1721406723834                       1
         385.22917481048        42.1113607092429        162.815921383303                       1
        31.6634831634394        66.0047623865634        125.827580814738                       1
        264.710341984505        30.3096252388967        24.9898145473026                       1
         93.679332305577        75.0273493926988        142.854392446877                       1
        285.910298058985        22.0759168946468        99.9036821494769                       1
        287.589875597444        54.5881550623178        55.6605798022564                       1
        161.354786723273        12.1475119233179        51.8695287936202                       1
        172.135638347644         51.354168891498        123.884702775207                       1
          102.2779916394        73.6010568819575        126.925039658867                       1
         123.15985120302        44.3179174060375        69.3444361442605                       1
        98.9096327025764        57.2930847645492        96.9089845543375                       1
        206.720502141062        82.4561331178422        88.3379462932613                       1
        175.945433077817        81.7353335590295        130.081521418992                       1
        71.8794581200192        47.0572424053585         102.66075960237                       1
        246.424406661074         55.398352262133        136.060311801835                       1
        143.813338408262        65.3830380126322        21.9689705691012                       1
        306.564916363643        36.9026298195793        41.7270263433505                       1
        341.546521075641        92.9511107283929        64.2699482530669                       1
        150.404966162192        51.1936119045548        123.837545219656                       1
        249.230941095671        42.8338452822322        86.6136935437766                       1
        -25.444644062543        45.0640053430922        145.522112904083                       1
        268.677475730729        71.7000622328864        69.6575122756622                       1
        160.523768763136        65.2101096792887         69.591706702026                       1
        274.019164243974        54.0662943897287        103.770203964718                       1
        336.211952262083        37.4050242211737        173.431931381309                       1
        188.928063436953        70.0179607495044        142.081405234762                       1
        102.662581685156        74.6032592073605        67.5128152222069                       1
        240.433613811293        25.8437272367006          62.46148310322                       1
        333.759644648312        18.9200269085776        117.611777678236                       1
        212.942186340509        63.9967195400056        126.740776976747                       1
        91.0165632032956        53.4631831160859        100.730149100424                       1
        44.7254758258599        80.2556193045777        44.8314142400028                       1
        43.6827172716617        97.5170954795328        2.00278846012888                       1
        236.720679218804        95.4564432772475       -3.63248551286489                       1
        79.2228654023138        63.3145656091408        6.98135583080309                       1
        151.310579526916        50.1326788440676        54.3165117163674                       1
        40.5632241366641        23.3728769103771        141.149378944275                       1
        217.556265880052        44.9284675243549        73.2642229667304                       1
          330.5730603704        39.9630831289567        174.993661509037                       1
        119.441966185936        21.3868694110281        41.1212699456682                       1
        245.335078629509        64.8988745716003        141.158797575367                       1
        238.919754664818        43.2275392773618        7.06790812335325                       1
        88.6561271305802         77.236393402768        74.4148948970398                       1
        354.259023762699        14.0991522187174        177.226909742764                       1
        38.3516475140033        74.3708959734343        105.216724880874                       1
        40.0598655687125        74.8914808623534        164.889082661102                       1
        267.997609321107        63.6546959041784        40.6500000245844                       1
        60.1646301102478        65.8894666013685        16.7138926421761                       1
        176.342573833114        62.8415775042813      -0.423916419662969                       1
        268.769970846611          80.24402284327        133.805089164004                       1
        66.6459375120135        64.0255635911214        71.4069622489748                       1
        123.216735858992        42.0722584538357        78.2555271486181                       1
        298.810634366078        34.5579554983113        24.6999762326698                       1
        227.302036426941         38.852730876428        167.457247959531                       1
        157.165218968996        56.2398855263282        116.053993502529                       1
        115.820689207352        83.8859312744908        14.5672095199746                       1
        211.186893775426        85.4199625332448        166.711313831054                       1
         275.21922350238        92.9703222007668         128.96140392514                       1
        86.0140482277491        55.2030402465592        65.5382216200637                       1
        304.919591575612        11.0882081101795        8.13145691892852                       1
        255.698329407519        56.2907413708222        172.957295345521                       1
        171.258936504775         11.034370842951        162.428509335732                       1
         258.09361489067        56.9026090323074        186.944361372779                       1
        212.673095117359        37.1472870686846        158.700548205992                       1
        253.611583353211         105.01406045033       -8.57340937281283                       1
        146.163404821274        35.3554705260028        120.183891357356                       1
        26.9803189278699        70.5831775598014        143.247690253136                       1
        190.310453432045        35.5647743790314        9.67209701106833                       1
        60.0373295804441        59.3566743758559        23.9132433166248                       1
        100.927771118688        92.0366021748134        128.516530537214                       1
        329.016411395895        50.2023507446572       -15.3780617299857                       1
        186.867468996938        96.1280926461961        81.3471623321888                       1
        194.015921743578        101.831124922529        131.674114893221                       1
        76.0117713844101        75.5458880224476        25.5337874385311                       1
        334.235920441864        120.039935606619         4.6077255182835                       1
        252.029754406566        88.6299941963301        58.6429753209642                       1
        146.139400563411        69.8956955874059        177.493105265615                       1
        69.6508739162984         80.371179548287        117.257651517165                       1
        9.68099721999375        80.3623072171911        143.408408331786                       1
        147.209576912069        76.6954650116852        174.837385294073                       1
         8.2569073772417           27.7300226695        70.6058546458083                       1
        65.4853823055017       -15.0618656433503        84.2712849925956                       1
        221.703649305725        58.4536579581254        65.7043421678789                       1
       -18.5619870961635        54.1537455676485        175.358407786353                       1
        78.4458876770679        78.1023336289286        137.154811533638                       1
        164.025465315448        79.3578114231682        6.43585088377035                       1
        225.632642151268        85.8859457542021        63.9690737016675                       1
        68.1067868607563        58.4278442253952        126.750623077918                       1
        96.5384710791648         76.659732082583        170.042714711539                       1
        283.661411733396        68.8303758301525        98.4802955294604                       1
        103.407374180723        55.9522269839454        144.075954082283                       1
        333.101829791589        79.5326280226587        125.881059674588                       1
        338.929021614353        26.9866100652499        165.885057977288                       1
        82.9032465402005        43.2329334041142        64.2975709460648                       1
        207.392532882221        84.5093475208287        192.144121884925                       1
        295.802202360307        30.3106510937393        169.409888664013                       1
        215.834401023642       -17.7679561824993        107.427186973146                       1
        308.846558910477        39.1648463454839         152.54469541544                       1
        254.722244152958        68.2750781141489        125.847673951255                       1
        237.716359388002        70.0352961601017        14.2296021752638                       1
        127.666716862855        67.3662759421041        92.4746682832498                       1
        174.246541629298        40.8501812815951        36.6773442773917                       1
        18.3197623306413        33.2691890974091        19.3534953673006                       1
