TEXTURE AT STRAIN


B  800
        342.387422389864        70.5816845557074        53.7704157987805                       1
        351.865647794522        68.8403246436588        157.457523623548                       1
        200.463841308012        83.5098692054809         53.400301614084                       1
        170.446155706368        37.6106757537198        3.66415959967675                       1
        314.211855126221        61.1192959727015        81.5606342862554                       1
        259.571924293916        67.8579906159664        146.006904623493                       1
        304.293414265242        56.8517986804914        106.090271651278                       1
        270.862598038593         56.406765906656        126.726856787497                       1
        15.8560383489412        21.7982011205955        51.7661577376747                       1
        291.000036746989        85.4912390361471        165.973721079191                       1
        112.950984899976        40.3710682139219        29.5428266315824                       1
        309.078705436633        64.5701787395301        20.7666344468114                       1
        89.8153569618158        91.1014228058853        46.0520987877679                       1
        219.967130183023        68.4818215956974        175.209425057582                       1
        267.538304080874        57.0893304541085        125.637635391505                       1
        315.085248008706        102.990888609038        11.2320105347589                       1
        161.317216703893        65.0408696434097        10.2487431646507                       1
        297.982434581251         84.390807145494        111.825664653498                       1
        112.928899457284        63.7925543647395        103.158714673488                       1
        262.537707182852        55.2974805701463        110.924053151408                       1
        184.184598425361         73.820619665064        122.968765687798                       1
        12.4183585648707        30.7087751162906        90.5735146009157                       1
        274.421548911987        73.8422264582542        158.135579413525                       1
        234.078061794658        54.7326442880245       -5.98525381247531                       1
        94.8768229992383        48.7499368499714        30.3448708189863                       1
        148.742443648958        59.9041139256777        157.944290111821                       1
        281.853638080412        58.9742085337232        111.205352131065                       1
        267.504423364227        90.1512935850634        118.664676262716                       1
        101.352243151662        83.5841532785384        68.8907639454828                       1
        89.1685153288874        45.7290492845666        177.027855166167                       1
         119.89696690317        36.2062662998797        72.5480749267728                       1
        283.731857355934        38.1560245232775        90.7677691728599                       1
        74.2521002572923        41.3175125357804        48.2409868899131                       1
        205.428555819834       -23.8354951859243        34.5251347765411                       1
         124.93807999118        71.7520599654833        160.953303558981                       1
         79.087527031205         88.504667662006        65.3796526123287                       1
        104.862938475483        61.7918492790585        177.268927436449                       1
        132.303468122788        54.6113802703293      -0.112994418887255                       1
        266.282550313996        77.6652146325302        90.2745136374405                       1
        289.879561807961        70.3891794928737         69.433213169266                       1
        273.609314272326        92.6196836723917        75.5249940884658                       1
         216.13211397412        26.2124560420074        3.06217835979435                       1
        222.245885278499        59.7992863085005        103.413387979373                       1
        19.9817570673229        22.3625172248934        11.8599628952379                       1
        252.331910264521        80.5473629033891        82.4222948001199                       1
        247.657038198353        65.3767723297283         10.305163405994                       1
         156.08050079243        103.324023566002         144.90315861626                       1
        210.205528916527        58.8862723216719        173.057490888475                       1
        142.020314446023        69.8701840892694        135.156973807004                       1
        149.106061799929        51.6777160477138        1.75065939809724                       1
        261.332576106143        66.1765757455892        113.963586640335                       1
        282.214090811784        86.0330039767241        95.7602097077699                       1
        122.455037845997        54.6440090876064        109.605721766965                       1
        322.333256704227         62.860808117437        81.1931828995824                       1
        51.0267016138399        62.8004599374635        24.9672833210222                       1
        74.7144567535244        66.1270402039509        77.4211408776886                       1
        129.492641208419        97.6239849420165        50.2163985651494                       1
         190.89215374237          57.55488364862        81.4708771009584                       1
        339.929673508901        66.9735344463837        78.2186789709339                       1
        282.036530933498         70.221445941682        16.5979676772448                       1
        106.950809478673        35.2574415683805        160.116117061692                       1
        26.9652473063852        77.6641856219886        135.019011481235                       1
        209.553421652585        30.8956473856723        80.5298538621577                       1
        280.078416733031        96.0570937313392        130.015488740957                       1
        311.458084399488        90.4304007277337        54.3350344644637                       1
         131.40950051452        72.4830412575505        110.661633206176                       1
        95.8402875634344        68.0586868298316        18.8157816094766                       1
        70.8734627540973        91.1033614963169        133.219377569475                       1
        364.308397478384        61.1732384909082        153.305975473707                       1
        27.4587603181386        101.674562479137        85.8626560307456                       1
        166.806131409679        63.8945462738179        23.7041035691962                       1
        197.037585897343        110.695328149051        160.199671463407                       1
        213.531596991386        25.2698798516984        173.165621167566                       1
         313.00833497461        20.2691595664976      -0.246500632238749                       1
        229.310841130807       0.162591742678018        82.5271499735009                       1
        331.640203378368        67.4727159722089        169.457907079103                       1
        284.963061805474        63.5784797955157        84.1973741461005                       1
        117.342686541738        80.4109897125632       -2.61850555246037                       1
        239.521089060376        97.7044238413987        6.52414549609301                       1
         9.7819947822406        41.4462871286717        186.162856342446                       1
        168.967218450194        54.6722290289447        72.3177613412299                       1
        329.055134390028        50.2852642551842        97.5242155612743                       1
        88.5924198241063        56.6430912597056        54.5574523329816                       1
        293.166408503115        48.3200242268266        44.2047049547192                       1
        278.508051598361        66.9381943749298        141.181122598413                       1
        347.496799118604        90.1355487766944        36.2755316606232                       1
       -8.20109018859068        47.5481082061739        11.6389141518891                       1
        65.9152908942981        85.0626945902639        57.3478990369861                       1
        227.804245801925        48.4658736194118        29.8082241429609                       1
        283.235444111636        85.5334290886163        30.0260118205877                       1
        223.526772710283        44.4232487493173        57.1822512134387                       1
        126.144661130293        53.0052936176955       -10.2088581331674                       1
        65.8933562010176        53.6972553585325       -6.61795654662643                       1
         251.96271736789         52.939921261847        155.812953550592                       1
        139.291907216389          41.63654618318        104.114028635337                       1
        106.419547368313         73.413363487961        115.410996808584                       1
        322.301244805242        88.8996041531157        45.4016778195752                       1
        111.002501680386        46.6268660891447        71.4146142336483                       1
        331.052015293134        69.0992333022249        124.074281944023                       1
        77.4280405696774        48.7312311695795        31.1474824476019                       1
        65.0651689494149        58.1689332585018        184.525033205468                       1
        290.229992125733        58.8114394624235        77.6210484947784                       1
        206.706697149877        45.7571574784546        78.0273294011484                       1
        67.7424451626863        22.4975640202156        186.619623157443                       1
         118.33585558857        88.7763436665892        113.948668196262                       1
        89.9668019172465        87.6391603777108        30.7119120661801                       1
        70.9435775816588        104.424363891495        30.4131500473347                       1
        199.616604470138        72.9979109426813        84.2221388605287                       1
        53.2577557478118        63.0575958651613        74.7247761378267                       1
        185.774012261028        82.1391448445243        16.9850068984556                       1
        284.769271470396        42.3573512450261        103.224658047277                       1
        250.954661373617        31.9266789217595        11.1346145965476                       1
        317.449640785008        51.0621881499268        116.445669894861                       1
        296.540516348303        57.0367488653283        107.465043613901                       1
        264.386370083933        50.1234401451388        120.615813236604                       1
        146.390063357502        62.9961623327832        166.592405167077                       1
        18.7636561252003        72.4914799267172        122.687910371838                       1
        32.1047007670489        62.1046009526554        49.7426701700307                       1
        293.166464970196        65.9814250275217        119.975039911513                       1
        124.069189659425        15.4491376822339        55.3397795499907                       1
        232.989696422166        8.00336920520617       -1.76596770464872                       1
        347.233821073949        58.3193514730617        126.192877858163                       1
        217.360088560374        66.5735496750258        20.9853302473729                       1
        159.157544587397        29.1208923092126        33.3541070264205                       1
        117.749780668266        64.8894590518165        122.859279057082                       1
        192.588173735921        65.7918730642562        65.0824748703778                       1
        27.4334680678012        90.3969450675388        156.414089826457                       1
        244.089306074544        62.9952550581529        93.3448044128392                       1
        241.067152910739        70.3491744457342        108.825346975175                       1
        139.267582366473        88.8645135642707         119.98883160006                       1
        145.517512474735        64.6211944792895         125.90736725298                       1
        320.556206937838        44.8640146193392        70.9703064605119                       1
        337.768158160536        85.1938914780994        172.045131227705                       1
        258.069445905787        66.5374572306329        18.9600973198928                       1
        186.901260558759         68.866707606746        79.7269025543561                       1
          103.9818643634        55.1485815313035        89.3714311041486                       1
        90.0863347582618        85.7689158047285        5.01623337027596                       1
        148.251012271787        54.7185983952795        141.094039390429                       1
        321.930900452372        89.7298173634303        118.539080190208                       1
        276.053833038808        61.4100264592431        17.1115769062998                       1
        283.827580678473        72.4978736772604        0.55971191017616                       1
         294.20400262606        56.8141891785175        20.2609795445161                       1
        217.933306911589        55.1029846184956        56.4376857940876                       1
        61.7099691137297        91.2557265152666        109.628494850983                       1
         189.03178147845         77.276529434786         107.66714299434                       1
        259.966916053405       -6.11976365210824         100.61773249422                       1
        240.231782948143        63.3567909896201        61.8201750542045                       1
        278.426097060781        23.6058358188796        61.7114979571144                       1
        258.959763993294        67.5689131075935         -15.25034188669                       1
        83.9018364547912        109.134319221958        63.9356633655906                       1
        8.11885012723761        85.8807025985961         159.64200358523                       1
          341.0959829633        35.3596949852544        89.0021299772828                       1
        35.6533047405822        62.9645248437408        124.529225188745                       1
        295.635441178841        68.5171281230195        129.984035595222                       1
        257.973216851855        87.6680799055941        14.4699803093109                       1
        357.978924793666        14.9593433223908        15.7213768203711                       1
        97.9343607934691        99.9648937840923        56.4755579084705                       1
        210.700326736786        46.5035840919455        29.2689364796075                       1
        55.2659833010917        45.1320746449648        16.4750338582291                       1
        33.4238568239317        69.0335166804977        187.061671875784                       1
        87.0651856552338        18.4442566540899        157.256132435516                       1
        138.071973177454        44.9546716562739        167.039829628503                       1
        72.6324182294897        72.8056061384078        171.854980082799                       1
        250.350625695974        39.4688900770678        54.1392316408719                       1
        236.042317243372        78.1689218693828        116.758315778924                       1
        266.463283079879        75.8760595358122        4.26526959954866                       1
        174.580408590667        65.7386685844761        151.696049439646                       1
        171.461176012623        59.3698074791028        53.4507624842072                       1
        284.851204840165        74.5612875485001        76.6772208122943                       1
        147.229425206109        75.4861719766668        78.2363556420777                       1
        344.516538374556        54.8158223606041        19.3050400019564                       1
        106.055412925747        24.7047961429903        15.4226898533249                       1
        82.4142643652874        14.3155408599763        137.965157941634                       1
         26.355513681139        56.0783402354975       -7.07561962896087                       1
        285.356891892425        54.0678242795577        104.911455906631                       1
        256.157369191587        80.5098279814532        176.645475966087                       1
        117.487367582046        67.2545857578026        3.08431515329298                       1
        195.522300946922        80.1818736350653        159.214896728987                       1
        67.4137474317081         52.809893075904        98.8041171558645                       1
        170.735175287038        76.9325348737868         125.49102265986                       1
        276.621374811047        72.5978822190212        35.2613978442235                       1
        55.3020860778298        51.7182495291199        54.3078602015963                       1
        21.1730760387092        66.5686655191178        70.6874147658582                       1
        256.616311895007        70.9896796749814        45.8109506692609                       1
        63.2038063789388        79.7506330683432        82.4198611138087                       1
        219.193244089233        55.5708485277927         72.793777972551                       1
        66.9848894512688        14.2772764287606        31.7158849070201                       1
        231.460535985517        60.1407208430267        191.120780799737                       1
        86.0413739354836         55.214215052578        148.371219310018                       1
        335.619866347544        4.02642447893734        93.5559278151831                       1
        203.805614149634        39.5100800098884        46.6486524703896                       1
        178.716628862768        61.8654005656185         25.239425685935                       1
         245.77043386286        68.6704655244838        66.9879161301723                       1
        229.609986554584        69.2899753937976        96.2829684833312                       1
        203.516758114108        63.7306769356144        44.4402990278805                       1
        208.233343908862        58.0050573929364        6.76689666202218                       1
        289.257444050116         63.069703070189        80.6784643797096                       1
        296.701779750425        60.1706337571942        116.408784562099                       1
       -14.4438860525031        79.1168320571398        131.778120060192                       1
        163.069791758134        62.3110066807135        125.197206710947                       1
        196.678591077095        38.7784539177947        176.907071701152                       1
        246.763890578611        67.5099971607371        133.574524751184                       1
        249.055297593678        56.2909795153763        87.1958831810556                       1
        73.2461179323058        93.4109977563167        6.24788831087017                       1
        103.309648950043        66.6777573204466        116.982529518565                       1
        172.364578437343        75.6314956299769        140.754441336083                       1
        123.743445434905        65.2571521314716        83.5955785612109                       1
        34.5139820590464         91.029143915533       -7.40843871322562                       1
        218.134761279243        64.3769112378482        17.6947202111933                       1
        116.169411666875        90.0498883306164        139.946958849098                       1
        37.2086873672681        49.3434350822077        88.8507618064152                       1
        27.5722434355341        87.4955080670807         141.52823317724                       1
        359.125195061588        54.4752080496123        134.082093207481                       1
        135.186921665872        30.1036552898877        79.7424670023695                       1
        162.584406617879        58.8273773099505        39.2866221488849                       1
        52.0319367139309        47.1064009062589        126.065071771512                       1
        133.699107490535        76.2981160433211        90.0984902253803                       1
        57.2971610270119       -9.35196956301438           101.772898435                       1
        215.902475719824        29.1943240608219        152.516323903457                       1
        177.684930467458        78.2729544124444        102.382411109983                       1
        247.508878718281        14.9772214513595        55.2522692060818                       1
        281.201142347912        75.3252578078436        51.5399901321453                       1
        191.800661005376        65.5099159535036        37.0893549417241                       1
       -39.5793595509928        64.6464340329083         68.908699925736                       1
        316.062967039851        66.3166252398412        56.8553905866668                       1
        318.761566581305        113.063932823482        20.5652302796602                       1
        176.823584669924        32.8966119514948        130.907615631557                       1
        301.325718089533        75.0425277541888        117.813891037523                       1
        208.072046393771        39.5065209411649        191.036473854582                       1
         88.748526396712        80.1617074665683        167.030940267047                       1
        141.652243952377        56.9724560142324        73.8583192721231                       1
        122.656738624419        37.7337942406818        108.229745053459                       1
        320.623683785496        49.9240075957717        47.7678121487399                       1
        54.7405757842705        81.0989016407225        155.933924559805                       1
         67.146408215714        64.3183518528631        46.6780292676313                       1
         79.769973229699        74.7881740452648        114.763618589748                       1
        245.621332377547        70.8556589047199        83.1194828602245                       1
        45.6392462205004        33.9940357177175        62.6201341696432                       1
        182.455714326226        45.0092277159955        134.777966374196                       1
        197.561597920878        54.8135010767347        96.6322253352944                       1
        93.1651179585634        84.4542483768598        82.1596995120745                       1
        57.3316701375131        24.5553696656915        165.945709104113                       1
        97.1857616200437         77.953232888328         171.65226993213                       1
        345.226895078579        50.9203264659905        28.9510958186529                       1
        190.370051081566        63.0179287956952        9.52564018908673                       1
        286.295838960867        65.6300215516093        64.6855193913602                       1
         251.47163704502        49.9791134279816        27.6990870451244                       1
        303.629332081182        57.8834142404838         125.61229998549                       1
        205.408486821842        83.6245380035724        131.483712411538                       1
        91.5299437506761        111.313932522353         124.28572775001                       1
        350.177477168349         60.912128985911        188.047216739117                       1
        274.531542864736        50.4980505351852        162.769490139726                       1
        221.447254704658        75.8187304386702        30.0435918569042                       1
        139.238287242374         57.474073733134        36.8078325062739                       1
        152.072725277179        80.6209060903775        -16.649517749552                       1
         259.41952370868        72.0542696085681        69.0544538539976                       1
        286.910077278961         82.409584644302        65.8705662151758                       1
        190.441851044876        57.9046769657634        19.2776855712675                       1
        275.083897948569        78.2474334942929        113.106767683314                       1
        281.215638896443        67.5019359605174        95.2831580528601                       1
        333.063078221638        29.0065064446987        112.726048349703                       1
        120.020268774058        61.7283972676528        153.503869491108                       1
        21.5491076051511        37.1578479940601        68.8732542263348                       1
        254.973371440679        77.4551106177467        55.6653318307689                       1
         1.6581081112266        64.0681932781814        119.505128436667                       1
        265.630429244333        76.3551777088189        55.4916090556929                       1
        168.009326316937        54.8459101339153         181.21685137732                       1
        181.198336387186        60.9963247919986        123.537783187051                       1
        318.989524791643        98.3790551912441         86.956395349676                       1
        326.924200175877        60.6334111490782        51.7278081769503                       1
        310.283541574552         93.596723641619        114.731243641214                       1
        265.483779528453        65.7570946345161        164.900038087718                       1
        208.635470621913        63.9251309118934        74.9257457469082                       1
        199.708402292188        50.9312321321058        25.0256155286316                       1
        198.575332418766        76.5231007289772        19.3692408744511                       1
          136.4288431534         80.593444612973        149.607229282534                       1
         367.93947214448        61.0208959073958        27.4099830094373                       1
        23.3251305856691         43.029966551533        88.4261921282714                       1
        182.568871349424        94.6555388434947        97.7325306722939                       1
        221.552153929044        93.8123928892204        105.410899362713                       1
        313.406195205508        32.6332942705935        18.8180717358997                       1
        294.134395485003        86.0935981135444        102.378214676398                       1
        142.450898681543        64.0072984765297        96.8542372857438                       1
        142.828119388046        58.0852308537193        142.612552360359                       1
        77.1358656859096        68.5562449089481        104.214731712742                       1
        138.731490491934         60.631146205426        141.223331625011                       1
         131.86964253762        74.4150624909333        88.1758594585258                       1
       -5.06798425238469        24.6967091653128        83.2543491702123                       1
      -0.969470696797338        64.7572170962935        89.7949236524715                       1
        11.0454454705467        20.4385586924926        67.5864524578315                       1
         148.08945614766          84.93658744269       -1.46235004358953                       1
        98.0992837554519        57.8990367181338        87.0556441301075                       1
         210.81900869873        46.4297897264063        2.67513350047751                       1
        13.7031501469586        46.7348698536966        50.1740051610407                       1
          338.2005047226        34.9234300808582        175.654652531822                       1
        107.967540395817        52.2911465397741        102.842427970548                       1
        135.824547090832        63.5535373611196        73.5032315208606                       1
        346.203099968141        43.4280381361319        127.179040270335                       1
        106.027393118615        83.8202235877015        46.7755419413222                       1
         2.0638185845483        36.5964457906328        22.4070982091727                       1
        262.028046006515        37.6144005122538        136.967178150896                       1
        215.597874378811        63.1405597644603        21.2319967157868                       1
        354.684196094617        45.7854301350011        27.9514203511734                       1
        148.355796111936        113.822919445003        167.478331809672                       1
        371.823683662119        85.9655626174338        99.9734889510586                       1
        9.54561000986492        60.1600686992923        92.4964299393975                       1
        101.997830928058          95.44702914511         93.410328871374                       1
       -1.40156653518501         78.333434553252         108.24550902058                       1
        351.280650696622        32.3127757103755         146.60252616171                       1
        302.558245455814        44.8861717958371        65.2152830154581                       1
        126.261602990983        31.5223910893078        76.9089843005587                       1
        107.673721962443         73.553643942428        87.7912185711608                       1
        297.964643850992         103.36433268524        81.7947000862748                       1
        16.8239542413743        46.6765340672267        73.4892150104035                       1
        14.6419269634646        63.5683558473575         141.11781494441                       1
        315.762733731237        50.9076517941666        96.2394295081859                       1
        176.293038679386        46.1146184915981        59.1426014500226                       1
        156.449958247257        74.3498811857763        30.2655422386724                       1
        249.267006931428        84.7378173688637          1.909825797902                       1
        325.655451877258         46.818060947544        37.6303442993554                       1
        43.6731799549794        88.0639728347445       0.583511636398138                       1
       -1.52832854260178        21.1777865720061        97.9835573077724                       1
        226.613756977586        31.4532656670572        122.947782153265                       1
        342.350086118566        89.4292001953442         103.32837497401                       1
        248.141462060978        63.8238971951604        186.596923056175                       1
        25.5365343444452        22.7214231468478        150.492753160885                       1
        319.519303961383        24.5008790818403        168.301042746514                       1
        17.3680558651395        38.3343964937619        23.8346388777882                       1
        347.282679983781         45.668837225166        173.479701809555                       1
        90.8212113699445        106.332658232162        103.584710317885                       1
         333.54823470985        56.5642046797316        68.4801106025442                       1
        352.593416023162         93.978597261576        89.2095794725228                       1
        265.063241233667        56.8735867868748         158.28851386029                       1
        35.5598403877808        91.8225360497664        106.877972493745                       1
       -4.87751347868695        69.2105068989758        133.310562293164                       1
        90.3901476167955        73.4115119359124        41.3932186827767                       1
        77.7946544831694        96.6081205296367        47.4903554183112                       1
        119.035443306593        92.3594929483723        86.1196808146672                       1
        161.202218701977        72.0799460483868        135.376823898488                       1
        12.9276326839667        89.3698699827809        148.028595518723                       1
        12.0791853323315        79.4141261905101        28.1649166613292                       1
        244.376105425582        56.6173864973685         122.95418320036                       1
        166.908525617164          66.04636483222        98.0297880426109                       1
        115.870587821655        37.6943643459217        14.5554090109607                       1
         260.68203917916        88.9014936234066        61.4056733935888                       1
        311.390942779563        36.9417208061101        63.9720142152884                       1
        3.29477868502103        69.5378721188147        14.2790488101439                       1
        286.882463354775         74.419314227111        109.658290937229                       1
        50.8314540605923           22.9602222095        131.784342510935                       1
        34.6794207450863        51.3204265487323        45.4534579735247                       1
        151.827779471044         69.222803963684         64.312069932984                       1
          310.1023212072        84.4264029758953        157.277360825117                       1
        339.057321136633         11.714139865094        114.713400134758                       1
        71.6702017670899        58.6653223431941        53.0052740898156                       1
        279.237324285343        80.8641172657847         103.58234325466                       1
         25.847281255668        20.4052606452407        61.8391758901389                       1
        208.262691209211        57.6027970472875        15.4481451059674                       1
        279.696617071696        66.9836496649838        98.4130851226392                       1
        274.111872918156        70.3656907040938        162.973176007586                       1
        219.524187393887        69.7488467834833        128.499126195056                       1
        27.6083149290628        33.1178826260898        3.26758181969959                       1
        92.1687004128012        102.468384565744        94.4050383398404                       1
        81.4351486517576        83.8596768633125        103.153017019917                       1
         380.69174459548        64.1551541777358        156.896645092553                       1
        155.985425833956        47.1585062654322        63.9577759650894                       1
          316.3062858186        88.6034423199076        90.8576903581602                       1
        196.098888482208        65.4779851283115        181.568537228919                       1
         86.137094846546         75.325827755449        120.110846511421                       1
        31.0677453946004        52.2150442174077        65.0199683440128                       1
        155.181681895761        43.6074828859493        111.032911230046                       1
        186.455440023718        58.5472359877212        182.993294615852                       1
        55.0053495707492        103.662834885749        95.2888695995701                       1
        292.997953464028        79.5161212784441        118.108561546736                       1
        278.432402376214        64.8510672043671        121.899568764283                       1
        233.576407022654        40.0698013983866        130.073225521175                       1
        272.860886863022        67.0465076293849         107.01151280672                       1
         260.22971156406        18.4813694281437        59.9016159814921                       1
        343.534408296533         55.838257825684        108.608535832626                       1
        103.808795146519        97.6408200755262        38.2219775825025                       1
        91.3161121397402        59.5703503788258        92.8917842456582                       1
        104.067587595863        70.1265657320839        101.180598511903                       1
        105.028897300313        44.3640870396033        48.9938344985213                       1
        278.894645297473        56.5981747866193        152.003583634534                       1
        100.409407118857        80.0991810197589        156.755786843795                       1
        192.342755310445        94.2789072566253        139.630319303614                       1
        259.385606638133        84.9006307943791        123.290214525916                       1
        88.1649586744876        77.4364967439603        62.2505576500971                       1
        110.529961516386        103.585545463435        153.894046256796                       1
        117.069027507122        69.1347075092485        139.430959052576                       1
        115.880073178513        75.5267624365092        151.500932687354                       1
        168.720685280678        11.5618965925927        149.310059517588                       1
        80.1046827550089        62.8360812487709        115.653196193512                       1
       0.518911565138315        41.0495021578608        49.2494967448866                       1
        285.533253318461        83.4835666585594        75.7065017358517                       1
        314.229595266788        79.6200954955751        6.79456054111576                       1
        347.465026961595        32.0934777110456        89.0493885335921                       1
        202.165041301452        56.9604954937873        36.2827774541208                       1
        13.1542816447786        56.4056100825114       -1.87716609282024                       1
        194.913906531045        100.008281675681        122.204509116738                       1
        315.485179660449        111.377202923423        17.1324477103833                       1
        224.525674925349        82.4824734518721        125.587418130561                       1
        70.6745349433233         31.324493159399        127.841316317411                       1
        142.388145807911        48.7601176134584        52.7849321260054                       1
         130.83590942683        74.6124875035967        135.525675463409                       1
        53.2623279477151        70.8824564476079        40.4508757638645                       1
         226.63692428431        76.4965871755313        14.4038474586502                       1
        361.504543495898        75.7886848226542        140.870334803976                       1
        59.7689160095456        71.8860261568038        119.127129154643                       1
        167.704340874326        61.1476510989942        138.939117002923                       1
        203.876482887781        16.0915481174848        170.702675132196                       1
        145.963927221712        78.9685852288839        114.519243107531                       1
        296.972610197187        70.2371930038128        84.8353305536457                       1
        83.4772274179273        65.5658250114956        32.4171594543039                       1
        138.744979562485        14.8835517884078        77.9396172546582                       1
        244.257897324331        40.6368187920231        170.145316092651                       1
         268.00210028093        50.2155055199633        54.0373353287475                       1
        122.586211438282        64.4450568720847        94.9843887477703                       1
        230.328932282631        70.4618219853208        111.256241182168                       1
        202.285328994108         50.094719086472         100.96142410037                       1
        70.1839791871073        95.4570887919538        72.7766681038265                       1
        96.3599518073087        61.5067742283479        69.1431490014572                       1
         234.13592441352        57.1846812449927        122.631423311225                       1
        251.487892861539        91.8082654155242        79.7581211664295                       1
        370.815600622895        35.4237312535467        169.647451161278                       1
        120.191591552694        83.8265890531254        81.3066465723313                       1
        31.0128106319061        81.7528321341239         42.369173790313                       1
        164.368733571345        79.1835066036375        22.0043282611281                       1
        152.105317047018        49.3017450061426        143.747450078419                       1
        176.723501280494         41.975494968987        21.5384231232971                       1
        24.1209448325288        63.5201193955797        28.6393288309285                       1
         366.70591811188        90.4848307469791        146.523121487885                       1
        318.389504798564        18.5881371660956        66.1843450292742                       1
        337.333968503614        26.7054025086839        54.7747679624404                       1
        131.756385551262        67.9893822809321        90.1097198964268                       1
        211.682162763189        74.4052582303585        179.767112337029                       1
         200.77827416237        73.1691033151799        32.4071417839767                       1
        24.7009407323697        74.3143759056206        62.6847440800908                       1
        11.0327177252057        79.7827364999139        95.3040899524701                       1
        186.736882207555        65.7349779472273         133.19429547151                       1
        205.224206331558        71.3128295410093        190.887353204471                       1
        108.677006846211        75.2492156246523        58.9247829662887                       1
        157.479378298228        50.4852785572706        144.064427387905                       1
        354.475034363233        79.7422316249789        45.2475773139084                       1
        144.889991249422        44.4796493650847        84.4477916142115                       1
        7.29564076173437        49.7564569786851        9.42406109281818                       1
        178.000923058186        48.3898765291903        3.47877882603373                       1
        164.900664707513        74.8800564706469        116.412019778384                       1
         306.30932413787        68.8913119664185        72.1137295339814                       1
        285.046535350109        74.7381528768708        107.364181891932                       1
        151.819130736284        57.7439692922213         23.841747823572                       1
        105.995022926024        40.5640167673429        120.158542796454                       1
        199.873564484082        75.9287912510908        8.69708736712006                       1
        140.722523058623        81.8481610776312        109.318591199091                       1
        283.438743513984        26.8366651833743        171.579899619098                       1
         376.30056959162        94.6108752713317        138.356616230487                       1
        175.408124992042         42.623173943623        18.1577203759554                       1
         206.49127269856        47.9285374310543        55.8991148770729                       1
        135.644731429004        105.847312544334        14.5883671124515                       1
        221.257257500906        46.0119442725715        149.072184443052                       1
       0.650697001291693        36.5915612563909        93.3562466481475                       1
        74.1776241307976        45.9086002485977        115.318765126341                       1
        35.8954654830685        81.9546503793955        124.355502731736                       1
        170.122377396292        83.4796754769587        33.3677235040822                       1
         120.72166254686        91.1532607698123         83.719136669208                       1
        287.773965845673        41.6947905600313         7.6698462058124                       1
        272.055361586986        92.5289507477152        115.568456725377                       1
        116.722869262337          24.10912190026        21.1407877099359                       1
        201.346741163689        57.0686412741351        66.3355435979706                       1
        316.117221131289        82.0814526351782        116.159549808686                       1
        255.596588257793        52.6647873651118        82.5145011196756                       1
        229.681661384482        17.7109709312786        138.906278441867                       1
        76.8385013206345        34.9558271910938        22.1232676370105                       1
        45.3866412733624        33.6343872449116        140.410195700372                       1
        313.937082751986        74.3739489332095        83.5402631444226                       1
        263.539631036403        81.4197243278703        4.36297259786472                       1
        174.014939444124        52.4692969485407        117.996439963017                       1
        282.385440619517        89.2351314540226        20.7861883943185                       1
        325.641298006841        28.8791831789113        141.769784945765                       1
         61.049039896667        80.9106194912446        137.238194179006                       1
        247.916332760827        85.5726558108681        72.0081746633012                       1
        228.716530355548        84.7120387553922        167.926067513083                       1
        319.441704370193         97.767207358539        170.760112224738                       1
        42.3128451204924         86.748166600398        126.167700553598                       1
        334.300314935748        102.305751696531        103.150785266216                       1
        172.006035063677        51.5332062287871        133.459254678378                       1
        338.428893406524        22.5718363500488        38.0007807150976                       1
         347.31200563486        44.3780409815616        7.91784829167445                       1
        279.919417278908        55.8774047044286        113.657354368022                       1
        104.335515193117        81.4220369996334        137.929976769665                       1
        295.180494769129        75.4454030934671        59.5495790287435                       1
        300.275871535728         67.446166332007        97.8586133234561                       1
        101.174377901989        93.8577867258605        118.759843975054                       1
        77.5713044689348        77.0164171192196        4.77330065371128                       1
          1.701463869721        51.2483599259263        12.7555359797543                       1
        304.090785421178        56.0451286747995        60.5592736005946                       1
        228.082184836677         48.336607263608        187.963565426642                       1
        325.027040598794        64.1501146403283        174.918112952186                       1
        -0.4451434550333        47.2391872547017        179.021768146098                       1
         144.15127880409        37.0535724847157        77.1685019107922                       1
          115.6519638869        93.1439102851909        167.892947362812                       1
        375.048475218045        55.6011179127747        58.5583736596107                       1
        227.987467083652        38.7971590401882         165.28133920193                       1
        179.525571076028        40.5081401581676        77.6202138586357                       1
         20.306442517444        47.5011158508821        108.825963485758                       1
        181.079610782474        48.5139214322518        30.7276794316152                       1
        113.507445614387        91.9981970491606        54.9169003532948                       1
        253.610871739953        56.1828814311216        176.038772302498                       1
        66.9258650750372        110.668264538378        190.185794698785                       1
        158.318449323057        57.3199243435332        120.451832264131                       1
         164.09713369411        56.2335716679314        32.4344874312902                       1
        292.408296543069        16.5864419032348        111.105295758073                       1
        333.725532364045        74.6208137762171        152.501251474575                       1
        123.535124080274        54.7853074849351        154.653996905818                       1
        40.1999343790481        79.4409751491951        191.752981581394                       1
        291.213930957531        81.4361431533157        84.6162935378995                       1
        213.374108736476        66.7788877324809        164.585248246228                       1
        69.3332538768516        47.9380058184842        129.724931405126                       1
        262.959927280727        89.5444930693863        55.5226100702457                       1
        159.014612364303       -10.2384906530714        29.7876028124322                       1
         272.76163810453        78.4138435937147        109.521265261085                       1
        129.639282186546        39.3465952777988        158.885157502458                       1
        116.270560517427        79.6349054135777        85.2425274823571                       1
        310.784635778999        95.3202522170976        100.482595458591                       1
        243.947360134096         30.334442107558        140.765305344855                       1
        16.7659165960314         20.547321434747        187.929814503643                       1
        267.818932870393        76.3884736763261        145.754581716402                       1
        308.918651536011        84.6639905034437        78.6074727631721                       1
        14.1474649496426        76.1787152692456        87.8480556361518                       1
        1.55884467611496        76.5509677205175        1.59899425133114                       1
        336.781203465945        34.2345847429095        46.3901428196316                       1
        300.402765939721        32.4245502125062        130.484158775901                       1
        332.344440315165        104.877375421894         82.958714422554                       1
        123.517562945421        99.1364732774598        126.771238865959                       1
        178.737101325314        63.7877868793104        37.5232061159754                       1
        121.227955153886        58.7012249948223        22.0105410383059                       1
        151.651385730389        75.4511140363561        10.7720511893672                       1
        97.4963429121447        12.8208603121801        67.9865877058542                       1
        257.731129015896        84.7081652410499         103.98661347902                       1
        177.920390030043        78.7483405314807        36.3636045153874                       1
        243.042139828249        69.1545666254869        74.8728847920489                       1
        219.884629725738        69.9759825973933         60.354628619801                       1
        335.918859645334        64.5232313443359        96.8826247084407                       1
        93.3904906247121        65.4916221060306        79.0466521570703                       1
        353.133946405883        89.0214993305134        77.1574228529252                       1
        322.656897606386        29.4099365505293        35.4077168851925                       1
        119.667758267491        52.6029387284841        77.9898823980402                       1
        119.744056702392        51.2698802914309        86.3339599568253                       1
        255.821873082391        69.1097723306016        120.612805088248                       1
        140.590576532073        55.0114327135796        147.306885638317                       1
        292.023911497185        62.5900834712113        44.2614617271911                       1
        300.601148780495        63.9930477047444         75.625247711629                       1
        191.713057733646        46.1486772862167        24.1643097267224                       1
        4.31221747692982        61.4473251251496         66.325621214081                       1
        236.700793078418        47.7042600428748       -4.79764942267365                       1
        98.0733698934237        6.97216092886181        79.2514790226406                       1
         301.47496500467        19.7398270593438         169.33216718346                       1
         86.013990894889        55.0771288669966        54.4478053343016                       1
        353.688068053947        35.7496191747642        18.8954764056387                       1
        296.632158638994        47.3163174504466        144.817811838068                       1
        264.523577306334         82.566197373918        161.095294211301                       1
        22.7676270125697        73.0023788579845        69.2349527416366                       1
        212.029691924686        77.3826546694341        65.9810302094826                       1
        256.122563453373        75.0435673423954        109.608388603982                       1
        217.121903811863        66.5726917416351         68.790095395468                       1
        109.921782730709        53.5048012557522        155.127839400352                       1
         22.481647762156        56.7420019961421        12.2305831552033                       1
        7.97356327734323        32.4099466435311        186.333304570286                       1
        96.7147026517107        89.3985963179258        126.033820709343                       1
        34.9300989501157         41.749223909895        46.1076304217472                       1
        80.0454165982859        33.0327645972579        47.1681642192232                       1
        91.1735538532383        25.2337445440001        78.8713556314811                       1
        164.357974773235        24.7460845457088        43.7649703725924                       1
        209.459195962073        78.5321699168069         143.31238040213                       1
         336.31672701899        37.9715203535409        27.4989399353869                       1
        179.687193835812        59.9237950558923        73.5720883986065                       1
        28.8385185046132        61.4018122408805        90.3511481977337                       1
        275.145954732142        68.3658138819972        96.0172887365688                       1
        271.533972903525        70.6137421660238        118.985465546259                       1
        280.650758895362        50.4952734677234        100.145809635944                       1
        49.5574858105404        74.1107158502717        56.0117304625441                       1
        337.008441705855         88.266386340829        79.4723504950544                       1
        311.492482025106        101.462374572331        142.058231366961                       1
        191.757439605167        52.1089591154683        9.90288164716789                       1
        51.0300995254793         53.342484030944        63.0159925822559                       1
        132.789316823555         66.525011020401        131.091198151987                       1
        203.143846354138        80.1401689611848        127.491605834438                       1
        80.1174667741323        84.2106120273957        110.522766530527                       1
        59.9842457232507         61.639652983959        136.689217609743                       1
        208.446283688441        49.0980581804937        75.4305013905532                       1
        214.300797588938        100.872242273708        169.900864128453                       1
        362.438175669591         59.494067019343        35.3600706519787                       1
        284.096601061002        57.4078148550124        87.8558476626414                       1
        112.458325148726        80.5232508580174        120.776212845902                       1
        235.260656204089        85.6756557215679        89.4253094779832                       1
        131.121319232331        44.6114186982885        29.6894316338447                       1
         60.512304952819       -11.5787334453169        109.179231125377                       1
        270.255946844214        51.4634996537065         72.933863956075                       1
        205.513793372216        46.5746642145435        12.2545684935127                       1
        209.319583883324        70.3737662865097        171.641119747929                       1
        73.4880608089593        58.1439397147516        15.0567644386029                       1
        314.505132001331        74.8824180741434        96.5724858440667                       1
        204.540485811116       -6.37072273037858        31.9147676654472                       1
        122.610591035654        60.1034564702942        45.4820368313944                       1
        20.6317625058868        76.5895135206544        162.694420893411                       1
        147.983415482494        65.9757245379439        113.610113780352                       1
        226.288292506145        50.2046967183701        7.74677850283642                       1
        280.853678745877        76.4412879874082        132.511142443707                       1
        332.730326843278        86.3890467546801         85.451020623862                       1
        128.827221031089        53.9437989294618        165.251188169261                       1
        28.9000364194835        94.7489534301774        101.340830485056                       1
        275.354235049486        80.4385278812794        193.920960975388                       1
        122.913948482184        87.8193884848588        100.581210705945                       1
        350.319048169648        76.7040478378641        92.3708534024882                       1
        257.532299419683        72.5856325229465        29.5782528740863                       1
        99.8318599127592        82.0260574642055         71.568926326002                       1
        129.775806291994        46.5390133578847        100.934439768671                       1
        190.475622779443        76.2672234830363        143.478304151161                       1
        134.674479971937        73.1618544508197        1.89395101194297                       1
        198.087055876566        31.0965682941373        68.1488567033371                       1
        193.718647541748        45.1120655187877        114.020801017644                       1
        152.560828818852        75.3945831546784        124.415948034106                       1
        315.672455097955        85.0871446529601        86.2632488135455                       1
        80.3622927486753        63.5727254617863         171.07006553405                       1
          317.0451788012        45.6819619257645        156.569511781569                       1
        118.221241801809        51.2345053690814        96.5826047720744                       1
        268.111581397917        72.4605478949991        73.9787667493238                       1
        369.669338244951        42.9772592091066        99.7848400347466                       1
        153.947167535469        79.7308766623153        92.0026396815928                       1
        220.688212677155        36.2291918975481        10.4477613255658                       1
        145.268487773011        40.7311877269393        162.664464045646                       1
        281.819507085403        63.7880018297812        46.7481380818448                       1
        87.0342335635787        99.0949190530781        141.384233953169                       1
        93.0823686992066        98.7268951655864        3.34171226815275                       1
        202.178767996963        61.8797507057688        115.362390131366                       1
        316.210942207535         46.864479180755         106.60939393805                       1
         90.927050221963        56.1590765692281        80.6031898398944                       1
        262.988289348382        84.8386148479262        71.8457203610712                       1
        213.516277861856        85.8236875602573        48.2352861703098                       1
        298.709067174817        15.0959254198606       -1.86660595968696                       1
        299.517841433758         77.806787298941         76.937650030907                       1
        354.446003548185         9.8555714542662        175.563946566767                       1
        344.530909725984        56.5255113126976        17.2386393480259                       1
        125.835810681673        24.2848499766415        143.089591291995                       1
          11.23213569165        100.065345822781         174.14312134097                       1
        206.093465009435        72.9883125212934         39.340454974478                       1
        234.964701869713        62.3605911207401        134.047085356569                       1
        9.04857486752713        52.3829718004234        43.7334096458316                       1
        95.6069670663054        59.3052744548732        87.0223476785307                       1
        67.2561038202641        99.2663403470786        120.232644604891                       1
        323.132694760518        78.4365412509154        73.3977469851931                       1
        197.692669259318        62.0350999283503        28.6645301079241                       1
        233.925055283609        80.8615913367949        107.262909429152                       1
        74.2608441363593        73.7182978925357        44.7711376427823                       1
        178.548078307073        14.9278482251837        31.9460259713345                       1
        292.918412752568        107.694863783566        97.9896407839659                       1
         78.382887486135        50.3558526940898        78.1002715505151                       1
        288.401922907309        51.9820358523544        125.069216550257                       1
        59.6748809258018        88.7275652881801        19.2557221141636                       1
         311.86007301909        65.1519849011585        126.992985116925                       1
        186.567020906401        17.8933206632278        3.32767666298038                       1
        279.272411616569        43.0247472004244        79.3892420041071                       1
        295.042454656837        70.5815191412262        84.6961272849684                       1
        329.539088371973        94.5555835389678        156.557208358045                       1
        164.466905691701        43.1169361608007        163.938015935847                       1
        103.176598847092        52.8954599382326        15.0268238518556                       1
        238.650655734601        50.9972716255065        113.240445146528                       1
        87.4402623913629        69.4910228154317        111.863979861643                       1
        134.839956248307        113.427228268553        70.5888833557676                       1
         295.94821349147        76.3738841320603        97.5971183177941                       1
        245.738531949728        13.1366603536132        31.7312465279399                       1
        213.301744365726        33.1824119099113        114.473230131335                       1
        162.850608868979        23.5030779052904        120.480311280203                       1
        154.564341705509        33.5930579288572        43.1638864942255                       1
        8.85323928174012        61.7978867080342        165.528187832926                       1
        150.412960485795        59.3466384815514        81.1796375065885                       1
        32.8815150689059        48.2689801678506        156.785135997446                       1
        56.1574782118437        37.5679560272931        56.8097975111286                       1
        337.534485128563        47.5776086442928        51.1944993866459                       1
        157.063424020107        72.4552709017811        152.272067163961                       1
          257.6706305815          72.51865802049        96.3952721533509                       1
        89.3421966579178        46.9257949527557        92.2026743366894                       1
        158.479230575923        43.9276677388294        138.871140939256                       1
        225.867464919927        78.0291365104611        81.2457084964359                       1
        142.632384944377        98.2280217032902        1.54878401826997                       1
        174.202873732963        74.4399448634878        19.8638332447701                       1
        236.858062053271        61.9765971973422        1.51598605899704                       1
        9.73141722333627        7.41655046827748        113.678610810215                       1
        178.036125810875        80.7403868044223        69.2609842695316                       1
        233.954440082128        79.1393355306596         52.272735550747                       1
        143.472835406367        57.3912611151514        44.9444813753877                       1
        187.987668746618        67.9232073246516        56.6269645932612                       1
        81.5947705431998        78.2234461912522        135.748701245642                       1
        80.5198167203011         79.512916508173        163.392210411462                       1
        162.370384614879        58.9093557264636        22.2154262982876                       1
        43.2489182134123        64.9047164857914        71.8837936928369                       1
        96.0122069422438        40.4756968528522        11.2782911422043                       1
        143.943063801573        22.6440964133919        148.073382985329                       1
        238.440266674525        78.3933776375986        11.1398609140679                       1
        188.144900808016        64.3898788543613         107.07921331818                       1
        170.204417120952        64.1915370626627        52.2258016572658                       1
        329.095239486172        81.9293824319532         93.815229142129                       1
        127.826028412656        79.4335597071382        116.086838855885                       1
        239.999059406329        51.7366944069693        23.5652019682464                       1
        131.861673477932        47.9557672793839         122.47386769917                       1
        36.3855672228289        46.2683523106787        115.179540198306                       1
        91.9351947177258        44.0628876982151        97.3919815265605                       1
        191.006053593614        50.9880529284504        134.160229104974                       1
        215.841839878235         65.820483438356         89.353638704767                       1
         195.01765834815        29.4155559028644         10.643037543746                       1
        256.501210073909        53.1919371527633        135.203185567229                       1
        219.470685160956        51.4512705222123        114.683061504932                       1
        170.343453598387        34.9898333657495        47.2022321553913                       1
        263.560838071926         68.990381993764       -3.18705516342899                       1
         39.490086702255        67.1429231793528        140.982890771607                       1
        98.1133136349742        36.5999783603696        49.7816997053901                       1
        339.483602265612        37.0564692780817        29.8116598944031                       1
         183.02110956351        36.7584953760105         29.943380704414                       1
        257.909005296487        49.6884354555038        97.6271366170424                       1
        249.415784286678        66.9138489427175         103.06408017566                       1
        164.653046853681       -12.8961370462757        72.6587269650502                       1
        189.289216238251        50.3549823817584        96.0527025552621                       1
        7.96603810361386        35.2157237351806         77.947921273629                       1
         110.29900020277        62.4575238922577        34.9757809605251                       1
        263.623569336621        60.0754652614669        38.6235813701796                       1
        323.226749462766        115.412983973105        139.011553177472                       1
        168.067146935583        8.87977063483629        119.714641258093                       1
        270.573013488987        62.7552382609445        83.6645971226291                       1
         272.00914822146        67.3765206830476        134.567700892079                       1
        96.1519629484801        63.9812048116727        43.5412322920546                       1
         256.39281681035        57.7541475669741        104.504356784581                       1
        150.344741686388        73.9617004720512        145.317653065502                       1
         365.23145834447        48.4087254319116        36.7840629936286                       1
        68.2040113797078        75.1509482500672        119.788967041459                       1
        201.298054432375        59.6423876342069        146.810379351123                       1
        83.7993439413103        77.2101151757787        59.3745422249867                       1
        345.604876705445        48.6081095396744        36.1212934614996                       1
        149.454612948445        95.4570301378388        21.0434415694444                       1
        344.574197681847        23.4309734739475        113.599600873436                       1
        264.032936212322        45.6138870557033         173.71436009045                       1
        88.4774459607306        90.0626854996403        112.595425436765                       1
        295.830772386223        68.8200321985787        182.033140702567                       1
        265.670362846485        62.0652915802164         48.176378095494                       1
         234.57909186134        21.7624246590149        82.2760956646787                       1
        162.831849945634        17.9784830266041        130.011997399081                       1
        24.0150971601349        77.6171177503664       -10.3246158495897                       1
        232.814024437006         62.057076794791         105.15762279699                       1
        205.674994045951         37.720064121662        168.493775002463                       1
          117.0781504595        80.3314406403285        97.9574501578202                       1
        330.110923236399        45.5012317597879        23.0474267560041                       1
        184.166452731463         21.278202883509        170.651249171209                       1
        246.101419546576        74.1052761303463        115.150636867038                       1
        42.2002990823984        33.0399461098527        77.9346213540102                       1
        302.504505496824        64.0295138681028        48.3858635900094                       1
        108.058288989649        51.6701089799867        38.6142159754677                       1
        173.987903385585        21.2194901616784        55.6879207446041                       1
        147.443162557146        34.1791393322924         160.52239444906                       1
        93.5928056391686        101.952753696674        56.3593378974066                       1
         72.209773320194        76.0694817856559        132.310531222972                       1
        335.306773335163        87.6495159966211        163.285801030936                       1
        284.539032864644          56.51317281323     -0.0915998560540139                       1
        95.8095712142289        88.0665286058822        3.40687914896899                       1
        88.4768438970456        39.6311979193332        151.445766228746                       1
        341.052144461596        51.1104961051553        101.278510448866                       1
        308.522758478583        74.7369948694465        107.891819323106                       1
        96.9541791042238        67.9830231547665        174.286183396233                       1
        184.929111250167        35.4284301304747        27.3937656613215                       1
        259.124440285133        65.4886116679641        67.4220840951964                       1
       -17.5813121506354        59.7044144804893        28.6768051518028                       1
        154.841922173052        41.3426329490647        50.5036664243564                       1
        119.009337327192          54.15975741193        65.3781509683889                       1
        98.2048287864758        70.7097070783497        146.048351196381                       1
        43.6976538068019         67.556539354195        178.924434194677                       1
        271.810064318141        58.8832742343325        176.973227350379                       1
        308.866115521549        46.4006708040264        81.8426508078937                       1
        258.890231412334        59.1965698529448         177.17734421281                       1
        202.783581545412        26.3713371346918        97.1719487565262                       1
         196.65827397942        85.4292993997692        67.3658719797239                       1
        156.820788336525        70.4037982961995       -1.72754434485813                       1
        89.7176949216857        120.737239920607        93.7860583943766                       1
         352.17913412623         66.024641352824        23.2788069156296                       1
         251.12073530579        36.0834813194122        115.103953547335                       1
        301.372235423168        74.9464722394155        96.7827602493326                       1
        129.743110060417        73.0160731771693        71.6798461216035                       1
        231.385412771237        53.8081289085235        23.8420659917485                       1
        67.8649772585766        88.5962497116732        113.106706974415                       1
        60.0908730496184         4.4079842443487         139.42221455008                       1
        130.777549578296        61.7234154669441         108.29575685989                       1
        53.5545623926252        106.147550077607        106.074489623323                       1
        188.249441277826        40.8569648883742        144.748412337803                       1
        203.422907631974        94.4820581794833        155.961791309179                       1
        71.9435845601579        66.7818587833921        86.4369892811546                       1
        186.739137678497        26.0432163031821        141.936490585345                       1
        194.441707272155        71.4339538077672        153.136748256117                       1
        214.273975315682        81.8480453842876         22.976062117184                       1
        67.5503799155033       -7.44525375770697        135.021276190493                       1
        17.4295647382633        91.6340364544097       -5.63719643143681                       1
        259.341858195931        80.7501736574615        105.975536660188                       1
        220.995290434055        59.2012786384608        125.797028554363                       1
         94.717459443535        92.4934015149758        56.6935844775789                       1
        181.731104820847        78.5575107692243        144.102612344701                       1
