TEXTURE AT STRAIN


B  100
        295.420596134786        20.8197297048661         57.132094480301                       1
        80.5075359825787        52.2443069930835       -52.3299031496995                       1
        262.906497711669        35.3704389766395        112.623451536684                       1
        52.2766916290011        41.3405212306035        142.124081657902                       1
        62.9160795791023        51.6843780724756        98.0055671774823                       1
        54.0984225412902        63.1176206603587        123.623612712317                       1
        70.7736721267784         59.698382812245        122.804560725296                       1
        374.926492227147        110.177559237846        165.156323831465                       1
        58.8847026268757        35.1279123987064         112.71085430002                       1
         48.827724779704        79.4684815920486        63.7602869801306                       1
        161.238194956908        69.2816421916435        135.266508646905                       1
         66.283609011615        71.3100399045001         111.21762169975                       1
        251.026517695765        99.0872485377323        134.550109587458                       1
         190.63352088891      0.0725637625043107       -22.0308658751635                       1
        360.245085997453        79.3937924660817        107.074343082181                       1
        270.726450955758        103.612856758255        86.4489049086348                       1
        242.750349999424        90.9160955520611        82.1533805395259                       1
        37.4217173694921        50.6522356765135       -8.61153060801424                       1
        75.5543048872274        68.7119547232161        105.243385528414                       1
        232.454668282054        32.6832701795661        105.093841527341                       1
        65.1674710482165        86.3589192306708        117.352612695802                       1
        68.3735967465351        71.8558957304196        67.5006155036283                       1
         32.315605435166        48.3341032038828        123.308239832758                       1
        74.0051413483668        67.9209597289254        99.7202192520495                       1
        243.257918161214        110.836991152634         80.363426583328                       1
        42.0185684293336        57.4013231711811        99.5570901706119                       1
         81.521432793068         51.732950110993        85.8469212543261                       1
        218.263191698076        106.861978397129        16.1981878063374                       1
        235.459454545323        39.7167650984278        127.341928913429                       1
        180.369872273435        39.5395989220216        13.3150353647544                       1
        242.113405516759        105.228528347874        48.1290791174127                       1
        51.9248418665303         63.278919547654       -7.28632189291293                       1
        43.2298027914193         67.323529589177         141.58498865167                       1
        57.4025048454537        74.0473524563634        119.228630597506                       1
        200.129111144837         50.801274208723       0.895002189610209                       1
       -33.1192759110943        12.0880290380013        215.725824035668                       1
        71.6601695270549        48.3947884573899        74.3560696149884                       1
        31.0924133110859        53.0913594708163        13.9184461848892                       1
         59.015035327144        55.7337462071518        88.2321131715333                       1
        57.3705257830277        51.4426638822008        103.033641941355                       1
        198.305970260649        27.5294922235926        152.259153605758                       1
        246.365659957993        21.2083404891018        119.668327035787                       1
        57.2366464054442        64.6219356861693        151.059728793318                       1
        3.84265122236566       -16.5123597620904       -5.42710136383075                       1
        199.541649124452        44.6609205415987       -14.5857468556651                       1
        230.798043712859        24.0291999963498        123.927580933904                       1
        41.8434064749489        63.8036042232615        107.898874398208                       1
        245.030413199995         29.749199354132        107.964631452735                       1
        41.3172114303372        42.9776600202871        132.716281017089                       1
        51.0897822926687        55.1624259141438        -32.049451354831                       1
        317.251783038687        33.7568211668843        33.0065023453648                       1
         1.4223320277783         104.67956505617        143.140973409585                       1
        319.536759412604        25.9263048130417         52.425865296255                       1
        76.8572501926783        38.4359161067487         116.92028212578                       1
         257.83969539742        93.3319895433503        77.8150716327178                       1
        256.867136791884        25.7299222302132        74.0034325729469                       1
        222.636978700658        14.0356991394508       -63.4629840555247                       1
        204.742227170642        66.8527564477696        -7.8488007384684                       1
        293.270787927105        41.0634044009244        57.8517988243448                       1
        356.530523974112         93.610832666075        122.750002872994                       1
        98.5455396080785       -18.8167018567608       -78.6431192601803                       1
        278.116831633158         50.233064328961        73.2141427745388                       1
        285.987065409201        34.5993294680409         47.628759487442                       1
        94.4762950446548        56.8025195370904        103.078064331457                       1
        259.368884276358        95.3802671276101       -82.4952100928579                       1
        177.889263668437         58.671433796874         25.551798872873                       1
        59.8232955951547        60.1594409595781       -48.8841143133541                       1
        -51.526342450541        17.2170243325082        27.1672316600113                       1
        258.504312561071        15.0150179008702        87.9442805801487                       1
         50.468439882102        38.3095400228392        101.038041072146                       1
        95.7083901039254        42.0899444325402        90.1131991113816                       1
        241.429594527431        47.6406339051692        102.149700404624                       1
        50.3861699891499        57.8495899179656        116.776779218719                       1
        288.527868913775        26.1499244149992        72.4345641853962                       1
        64.3022441421717        46.0777790699874        109.645193409461                       1
         55.160720577585        91.9501485770036         82.073031769956                       1
        73.0298086367869        65.7897109916167        78.6320281112478                       1
        84.6468558581047        71.4793970047014        114.932630841447                       1
        48.8108991396367        75.5026423853057        85.5844693184659                       1
        258.104085700522        46.0448546039401        73.5042026316011                       1
        263.452080519812        44.5761189119291        94.7262498200703                       1
        79.9565706357531        37.1065722810073        83.5382814819592                       1
        77.4933202255239       -34.5620832433111        87.3921715568437                       1
        58.3287969797916        73.7369671327389        93.4143203658734                       1
        212.242511634478        30.3962698488321        156.635699619181                       1
        77.5842624964121        56.0739002002409        110.308326469361                       1
        261.755605243002         111.70048690488        93.5373618460694                       1
        273.527560279719        28.5567576632841        71.2163055482844                       1
        95.0280885308201        60.8245881055743        86.7918534708814                       1
        60.3839125763101        51.1698859487855        -56.985094974771                       1
        48.8870361354876        80.9645654286298        107.625374094512                       1
        219.203468662702        41.2876984646944       -48.6720476130816                       1
        275.656949939443        31.5851287006588        86.6050756565677                       1
        204.029342037495        110.518770689155         175.68108492343                       1
        295.906184774876        39.7618883099161        77.4928400371063                       1
        75.8764241231394        55.5883908457475         104.47628220504                       1
        217.481299136251        55.2330952315409       -26.2570740225251                       1
        187.284380680794        59.2343971412883         5.3956325369628                       1
        213.584740884051        115.085830701071        55.7085899797418                       1
         69.761871562135       -10.5508182519954        114.226559255653                       1
