TEXTURE AT STRAIN


B  50
        90.4668224012318        115.081895880989        48.2065029488377                       1
        345.708431348553         16.329042015047        236.589438427384                       1
        177.938192201341       -28.4232970501397        33.6666161297478                       1
       -82.0988677403438        79.3568072742891       -41.6507821091517                       1
        181.418476882062        107.358648438076        -25.731494436707                       1
        256.363140765437        64.4732639499534        170.281580735431                       1
        233.752075607601        105.025750437723        106.290190586333                       1
        214.108541600768        126.393022334944        95.8169145823452                       1
        306.275481704884        24.3933865235717       -66.2518773781553                       1
        175.901636897617        53.1301666842411         132.51292359153                       1
        276.239877000952        19.1983523993044        129.748331781539                       1
       -16.3522295775031         37.030696399925        81.4109763915286                       1
         280.63708919782        41.9800780252083        72.6323650820516                       1
        198.191771110177        52.5690707710078         132.95068734554                       1
        298.655630110514        17.8892093828293        93.1915788186022                       1
        295.305945202951        33.7848577258233        103.242061701703                       1
        53.8715414619909         45.840835121492        59.5833110975431                       1
        361.710958214565        32.6208374264698        45.4171709803871                       1
       -61.5650895593024        99.3350894114276        80.2874030870378                       1
        235.876469198503        81.7682186897973        157.512209355748                       1
        167.636240807704       -22.2887305542743        73.3978861307861                       1
        174.208215564744       -3.92275057051687        57.8905490853695                       1
         75.672863068718        101.327400969141        36.7708341809688                       1
        209.979154438668        38.0336558584064       -46.1845205236779                       1
         246.71712968727         77.672623368729         168.91020061322                       1
         325.26397695329        24.2460722132457        81.5178673407597                       1
        196.554104961368        39.1325568397369        120.029582429081                       1
        207.451957726617       -19.6110311986866        11.4304713707311                       1
         172.73879598612        39.0724235401584        120.540533404732                       1
        318.072543091737         36.422787084828        92.5331986200091                       1
        210.339337415282        24.4356890040878        118.176617974959                       1
        221.364790651424         115.20719228336        112.870907379432                       1
        39.6668151303111        81.8279737371392        59.5572356812316                       1
        84.2093856738506        281.471924778536       -23.7211425469892                       1
        69.2824295233424        114.446331147108        205.093950746613                       1
        315.114572393687         29.439522312343        76.0035083215306                       1
        41.1260262934997         19.555236472543       -164.221384860277                       1
        154.995758297055       -39.6754532302864        72.3309083854134                       1
        255.091687654721        47.0193352475781        258.755903182482                       1
        98.5827701629585        146.135113026641        82.5444479593229                       1
        218.959735901665        13.1254834725295        97.3250780750055                       1
        208.923961225066       -36.8613018557039        197.760046314162                       1
        8.70953680036842        153.779987580079        61.3407908655195                       1
        90.8745229132256        118.884043954736        209.666238857908                       1
        60.4683819614452       0.922620697424419       -26.4316863031677                       1
        108.166991911918        66.1918943493979        95.1825635926077                       1
       -16.5683613416035        15.4184264172273        37.1129591730198                       1
        262.270691945933        25.4482727802954        124.149869494881                       1
        304.167002213413        117.046285682751        76.5385627963218                       1
        185.296591229034        220.999386824758        39.0068420000005                       1
