TEXTURE AT STRAIN


B  400
        313.135317529449       -7.93326346911443        120.313717393646                       1
       -17.7712382031456        87.7621353091567        108.285731796575                       1
        350.440580984634        13.8894516731124        74.1679639459931                       1
        257.121231167309        56.5509635084243        17.5396552571871                       1
         134.37378368866        75.7190763176372        114.459679098683                       1
        75.5489759802447        81.8482745961246        155.642734144092                       1
        42.3369561146104         23.661112561422         173.44042750908                       1
        247.781349800556        67.3981751690686        182.421168813784                       1
        34.5868155488888        44.7245185891429        172.994463577587                       1
        329.441024333608        31.2987998988275        70.3306803865086                       1
        345.574251557839        80.3983473652928         75.431980343904                       1
        221.188458728988        54.5737611643887        55.7027606034468                       1
        158.994423132122         84.460616314777        100.240191864519                       1
         176.30974927383        42.2125718639957         165.35054641755                       1
        87.7790077892325         73.141109543261        167.553361902567                       1
        253.402933120347        84.1442921362928        163.025511853026                       1
         296.27461851361          51.54181823744        170.829119490941                       1
        92.3649164611571        100.395802468471        21.6029604407217                       1
        32.7270341666505        45.0752258539482        49.0774026498262                       1
        199.391290818958        51.0195445610655        173.671799487122                       1
        115.705703579259        47.2980886358411        45.4649414840013                       1
         66.904142148347        36.9988998438317        133.736919683307                       1
        300.550525321178        81.3670900091155        76.7172379146645                       1
        168.296080813883        51.8710875193374        62.5124812563038                       1
        235.466068785901        94.7558595528084        188.512395292644                       1
        19.2229740525565        21.7082242328164        5.93252917359086                       1
        23.4800984642148       -10.6424996377601        29.0295426252763                       1
        208.159433761661        104.368273838383        140.396025520862                       1
         309.10868211372        85.4550191413801        92.6325648818818                       1
        303.601041544216        29.5779435329634        77.2825283223169                       1
        149.637351128581        62.5290976024586        12.0446979829455                       1
        262.481948606298        95.3193122605283        194.404735479144                       1
        112.327232989828        99.6961069187293        78.4884275842217                       1
        222.785536551848        36.0665473225675        55.8656007019674                       1
        133.144547777184        82.8017372555716        46.8286213717797                       1
        125.565729492903        87.7998925945679        29.6081900216382                       1
        318.843075262263        61.2027049590341        83.5665230422066                       1
        115.364131336055        49.9896721895176        148.293714589251                       1
        248.996950726461        103.663080740488         187.64235950637                       1
        278.835268193668        87.9061688661702         20.880211779419                       1
        37.9322249392655        20.2669860581344        57.3306289766583                       1
        216.518296376117        50.1674054863575        42.2164113398772                       1
        233.035887435168        77.3877407910225       0.716358595148191                       1
        155.587154212754        69.1983424565084        78.2860827710851                       1
         150.06144495975        56.0356104114804        36.9872685048739                       1
        320.303515596426        107.801680182341        92.9552023556943                       1
       -6.33627767446175        73.4904618080433        106.643720461902                       1
        187.455869244885          12.53091484933        13.8348585587206                       1
        287.057758748684         49.638149583886        105.852684879978                       1
        253.875777396059        105.642308446395        166.949825628797                       1
        326.064094321255        101.279975992546        97.1507956490944                       1
        222.212307635058       -1.86537625532015        185.873902804294                       1
        128.642332042831        35.5174097271879        113.517308385964                       1
         180.81638544442        31.9453645043228        176.581896840386                       1
         55.607069020805        96.4155049508699         163.60897995657                       1
        91.6258708536865        50.8870768378286        146.523524741036                       1
        238.657237256057        34.4488406320657        156.244675136915                       1
        213.913625518797        45.2596369834332        68.1676113818196                       1
        304.901770225526        18.7243957957693         85.626991916391                       1
        129.397678661276        72.1385686244329        85.5107437260901                       1
        100.720079750989        69.6327211137344        150.933699887711                       1
        218.262432592064        58.2863288506623         165.70999786416                       1
        353.144448131798         30.388470326878        54.0158560466107                       1
        61.0488143568626        5.92734721886878        152.612752017519                       1
        125.778871159925        85.6242911023623        100.373134097975                       1
        127.608971711636        83.0852951246602        148.317690586354                       1
        312.971273696229         51.317428305509        70.8919922486537                       1
        124.306319080141        21.5053063372107         74.200294461595                       1
        273.710369387253        103.638369581515        202.718602593847                       1
         93.074904915126        49.8284539505734        118.663169282137                       1
        240.225978565449        36.4737362486189         26.023679225973                       1
         44.803240935125        66.3326880531978        15.5411770781551                       1
        55.2775993167553        47.3139378147098       -3.63109097011102                       1
        78.9783734376935        56.6514570910099        2.97215490293576                       1
        189.611754865542        40.7385325848384         55.300739506581                       1
         328.87351711855        71.4068209719715        99.4846363410779                       1
        40.4245210678525        63.3950172678857        80.7138795628189                       1
        167.696099235255        61.9422620748974        84.6873447446833                       1
        306.885915902968        3.47592479697671         87.099685366401                       1
        310.353421687324        55.8472253129075        124.260976252448                       1
        155.474711404278        26.8334986452573        110.125069133559                       1
        55.1158400767783        65.7865254135406        170.701495351202                       1
        2.08596850440292        21.3747950676191        53.1578646636688                       1
         281.63837760726        64.2336164753339        112.867554359651                       1
        84.9615657663452        65.2111450354295        133.509403758321                       1
        301.244564951509         8.5522054020897        103.287332601595                       1
        243.651597668484        57.7976303907235        102.916918216327                       1
        333.174634208659       -7.24544218864772        85.7180727912236                       1
        294.209927987463        60.5055345006929        55.0667629556039                       1
        279.943404946359        118.923006460221        70.2563596562753                       1
        323.703250458544         99.885396250606        82.7054546251289                       1
        311.659902681246        83.7895130804946        92.0590925235321                       1
        201.919401943792        72.1596048202036        159.357168618535                       1
        282.627933773847        28.5650772991464       -4.40910314698005                       1
         116.70255395754        73.0122059824504        94.4546416500707                       1
        294.502716862354        67.6458364504122        149.502983607183                       1
        245.051648721578        21.9527886186163        17.0638489229858                       1
         250.93366680918        39.1937576638271        115.035465645242                       1
        307.912310960597        39.7681054528376        81.6619921761293                       1
        164.709229657792        107.381146660342        91.3260873212431                       1
        120.983362865439       -12.8113462050076        76.6752664115456                       1
        121.362508922579        82.2882020427565        13.4217176839166                       1
        200.997805654715        58.0447434094973        41.4559190954173                       1
        123.556666408505        62.5747540115183        140.896522529448                       1
        117.046323282817        36.9619842323491         113.78421374511                       1
        276.107723278393         49.646130584847        18.2177901227344                       1
        288.674012766883        73.2660124051419        89.2301913118598                       1
        258.232320956826        60.2261886994906        162.550254999564                       1
        324.567416844403        25.4931300735516        49.1120045190954                       1
        14.6636237510198        8.95225580103074       0.720207621923203                       1
        245.023415130782        79.4017983970397        34.7702365044712                       1
        152.413106308846        30.2636941131524        81.3410174227223                       1
        178.554184974633        30.9678684231076         80.730731452517                       1
        307.728716645153        74.7387345838078        76.3002662571179                       1
        342.053594730321        84.6564867789345         126.36214721724                       1
        151.026445697477        59.9773886198355        61.1423335357265                       1
        69.8747097855282        75.0614380916867        23.9449868135581                       1
        264.637805894048        74.0882694574549        12.4175167608195                       1
        238.415560020101       -11.4671984675378        136.927274417555                       1
         369.15450311927        51.5587174256328        65.9450976977334                       1
        311.313529670266        63.5198451946062        79.7638753720629                       1
        297.856585244863        101.999165834837        67.2578077345093                       1
        83.8996533086186        17.2117010479607       -0.52919507774352                       1
        250.579512882968        100.927805810535        53.2604941903849                       1
        374.077594846231         49.190509936734         111.28496180024                       1
        360.836179516872        62.2147463714819        161.545963077081                       1
        124.223416616506        57.3548382919315        164.916573980467                       1
         332.46490650434        69.3002069980078        51.5734462272584                       1
        18.2903034706485        99.4049659966268         58.120618370915                       1
        149.994205566587        94.3675337237559        94.3607703290061                       1
         207.19748216091          59.28243844969        56.9394160019497                       1
         150.47772905128        75.0107292997217        36.4924245558967                       1
        225.047909472249        99.2356466272461       -6.65878226612679                       1
        72.2713145242213        8.22896812208057        -1.6268439416256                       1
        139.175932054792         54.673616720031        83.8848661959775                       1
        140.135463006688        60.3504902875191        156.799854175805                       1
        264.193169418958         68.473704122763        146.237237638586                       1
        37.4348215739169         54.792054307704        122.264933402333                       1
        14.2152129699081        33.7771849534526        44.9849025793123                       1
        224.048749036934        81.7886441610313        154.546068558122                       1
        122.732636002736       -10.3055854460885        146.504119630328                       1
        212.716827071648        18.9954658500442        44.4534490498548                       1
        394.331698644039        88.2061780326076        178.924840521993                       1
        220.849497995894        41.4943910521585        39.2732878802298                       1
        289.650468606298        88.9423272088166        27.4316767527205                       1
        254.511935747922        83.2198661951684        180.666096603322                       1
        244.419227446216        85.6802184262585        8.23923057472572                       1
        260.319254815109        57.6968965407772        133.416622876499                       1
        251.643788857693        17.7691047512506        114.234318478028                       1
        319.609925026488        106.762244598528        33.8716058812659                       1
        179.406879236859        65.2486072793487        52.3221329849143                       1
          81.59510290741        45.3364866875872        53.9272935947102                       1
       -49.4046598171766        49.3424215380654         49.466276977015                       1
        81.5043794725278        82.2443845824916        99.7580050392585                       1
        270.742269311454        31.0450302378674        111.328070791996                       1
        137.136155980771        51.0455885439566        142.713070696467                       1
         308.12780018658         63.221500956097        62.5604432946957                       1
        85.6257279964203        67.7395591296343        60.3965312885677                       1
        327.364853215255        78.2126398158516        29.6989644380696                       1
        193.017454664263        35.8316175293416        12.4068529349917                       1
        107.964121009735        71.5922158715559        79.9167047648237                       1
        327.771433590422        74.5079674068227         48.250575765164                       1
        111.140068023511        67.7397046534341        139.215173388513                       1
        68.5569428574059        54.7854640731906        149.274497810355                       1
        103.320139303308        30.4357916094456        149.687322469653                       1
        236.163917821362        18.6332445483004         154.98611954042                       1
        369.578281141538        102.022917806269        208.491784505128                       1
        315.810597037913        106.756970263947        129.981794947979                       1
        67.6489160141366        92.8999421441423         27.158056912944                       1
        55.1220455483587        53.6503547988495        89.1336825487103                       1
         118.14567357276         16.842045513582        108.513965984598                       1
        337.956574408468        50.9351658095917        51.0582421795468                       1
        182.451320481492        47.3009580083466        82.2513582918042                       1
        65.2187379645693         96.242592353061        9.48653140140557                       1
        391.478845460309        87.2814441157807        194.582281627895                       1
        167.118418061626        87.4452978880496        64.6226103759889                       1
        320.283234952513        67.0915875808825        47.8318676882766                       1
        360.897064923801          40.48113201704        180.328370156258                       1
        43.3118247429415        44.4335364533281        102.391116939445                       1
        221.199617206714        32.4613589390029        152.660877675106                       1
        214.964103042814        50.3629911332484        29.0437060551095                       1
         78.678353388217        101.403449952109        61.1447957007219                       1
        21.7957274020014        20.2826757037969        204.609747682281                       1
         166.26155219411        44.7019876733327        95.0934914033062                       1
        122.332444994556        44.9839907376897        136.578462848459                       1
        59.4041594655404        131.722530966425        40.8534149915354                       1
        166.447860246487        14.2472826993064        89.0374903469818                       1
        273.434369325901        132.914909918873        79.8991198676875                       1
        89.2616559720004        20.8996551162349        48.9575253236723                       1
        305.727444865858        78.2221260179825        60.7127367599516                       1
        101.165123031935        78.6364169942621        43.1784557023132                       1
        150.664640304224         42.761762436584        60.8794952007068                       1
        245.717910264585        72.1258829354005        107.896681498881                       1
        24.8229525160535         76.060281050606        52.6597649798834                       1
        292.357077150785        44.5556501768363        121.423248091792                       1
        39.7917926715597        30.6825700125104        143.291727493906                       1
        214.877944974161        32.1835649487347        9.69104577452952                       1
        85.5785142219958        15.5994591876225        246.246201095955                       1
        190.141272470115        55.9684133713376        187.329301004721                       1
        319.277758099484        -23.185431540768        106.186105410812                       1
        62.2923925916062        51.2064020374286        25.2153712695754                       1
        64.9367307144757        75.4007757697784        86.2180529605681                       1
        246.612774885914           119.191332339        143.146476980612                       1
        130.744241941378        21.4130407632691        31.7174292481866                       1
        356.280016874053        96.1509891362731        13.8190587612093                       1
        130.867068470289        76.0030901665054        27.1264245413561                       1
        170.624683332936        64.1916317461205        19.0315025245349                       1
        170.159348329902        72.6174105905595        123.054994803468                       1
        190.249603192168        80.6908668472052        178.811879952095                       1
        284.744169604369        56.7456840591273        159.871502582446                       1
        42.2496028695519        67.5301959848111        135.200529231707                       1
        259.035613576312        21.6075767371593        82.6053197638136                       1
         95.909749690878        74.0232263726429        175.291711728418                       1
        120.909687124636        68.3911839811286        152.485512283287                       1
        170.476648982652         23.348245113602        52.7165729316531                       1
        318.956287581664        76.0307204069348         72.168805376833                       1
        127.557550551326        61.7543814829821        102.147357991014                       1
        203.659967443881        7.55354991371179        151.028213310423                       1
        231.214155382909         17.329747709338        45.1920473406555                       1
        66.6493689826367        63.7458316053719        104.756103789915                       1
        106.022268961032        60.0213230012768        84.2488376322808                       1
        127.363236171537        57.6540515347732        105.490990990995                       1
         210.30207758156        21.6562356380261       -23.2262174105346                       1
        187.581471593194         62.729981205505        56.8979736439889                       1
        3.55725202329824        90.2933465426703        119.706193198009                       1
         318.22832354483         61.497936953329        165.627067047707                       1
        375.879045231244       -18.0343808111611        43.2862815066471                       1
         171.59862588366        115.496087039106        111.739926717663                       1
        127.571544215545        52.3657924466285        82.0819466717666                       1
        321.915791194597        90.4114234995505         107.65782421733                       1
        315.893768414553        119.730307539097        145.019417847203                       1
        56.1825044976895        33.5977898046257        150.631013005708                       1
         306.64879382087        70.9353964911736        155.613865258433                       1
        265.773521590274        91.6860716943063        41.5174225474283                       1
        348.725434059946        10.9851128311003        86.6231763557122                       1
        145.794720081262        70.9882373482347        134.108665254894                       1
        114.865814560473         64.337375940892        35.4737196712104                       1
        234.948292752253        65.4015698365313        118.767153724541                       1
        148.818359512573        47.4319594754741        90.1524383153715                       1
        50.3375120321215         75.358871861261        6.51720958398462                       1
        270.247677512962        93.1881775144569        16.7272916049448                       1
        213.841943178023        16.5604509323983         69.826472641873                       1
        130.848986678112        64.7854499833482        122.924740494162                       1
        162.895600442198        14.2563077576921        104.212423803926                       1
        49.6839616935905        60.6837318090589        107.122114780562                       1
        232.988595507069         58.258762368273        28.5382980605029                       1
        200.109843922459        31.9750714972564        59.3823914860794                       1
        91.9873738060098         73.883997580195        113.532522681971                       1
        144.775742911574        90.6701561142754        80.7581071982195                       1
        189.018202751138        30.1840024084193        81.9713842741657                       1
        196.367505349491        21.9921203902113        47.3382868439884                       1
        358.764857826233        111.197579856998        105.929274387381                       1
        4.83403480025874        89.6586633305817        100.424260327765                       1
        162.249471531329        21.7276078785676        56.4402316993915                       1
        160.354708037342        76.9347794311339        68.7783547244097                       1
        335.658112422414        64.9805250923839          143.1314120595                       1
        78.1164139364758        67.7256431226535        109.262077035863                       1
        14.3007902573356        32.3772622679414        23.0700004302617                       1
        141.811186324271        91.2713584590418        6.60533788627013                       1
         80.609739488597        59.5802948392874        184.566557492605                       1
        205.138759445831         116.47648226703        112.267166173282                       1
        115.274586073115        69.6021358260779         120.38328707907                       1
         335.12936873342        79.8037818598378        181.192674046562                       1
        95.9791986973861        20.0673062461582        143.075755589994                       1
        274.946929092426        88.3362623922119        121.008802135039                       1
        175.700936512873        46.7565500693219        74.8326482710047                       1
        297.961075202768        92.4677266136083         69.828837721644                       1
        279.399347944584        91.6674507572609        138.793499018096                       1
        279.238622102205         74.019685434564        76.5768149307064                       1
        107.393836613726        75.9244679983688       -12.4509230153225                       1
        44.8524280264338        79.1349465988616         27.204628152572                       1
         294.57178265084        62.3989120687599        94.3963831140486                       1
        171.910891467779        28.9875921089768        150.298130714751                       1
        67.6042433562767        79.3847717451915        47.2886109214771                       1
        251.981600565459         72.132986323525         23.770779130108                       1
        89.6005093014277        56.8037770079934        82.3890067336076                       1
        72.9813138616656        42.0946020258398        46.8506840554093                       1
        218.767845655326        29.7960951524413        25.0583955206259                       1
        100.738757956874        56.1201806609526         131.17116397823                       1
         264.63640225074        42.9084662740255        68.1455771985287                       1
        143.653785348222        97.1966737034659        115.175934019988                       1
        109.438332947964        47.6715532142025        73.8195631508411                       1
        188.042131512683        65.1301371958517        85.1955750438994                       1
        53.7933422558863        88.2708831015936        11.7982583730053                       1
       -10.3891107798312        24.2407953473764        39.0318741166491                       1
        332.967457520119         33.160614887985        88.2976098694344                       1
        151.223146878192        14.5387596117987        178.770243555506                       1
        224.604162878208        79.5091024140464        64.7351319198238                       1
        188.289196492678        17.1868757311444        70.2114416192657                       1
        205.146286139868        79.6138924751162        52.2009291332487                       1
        185.644719560684        49.7731335816948         56.792766038535                       1
        269.922097458543        59.5936126284622        58.6314147117444                       1
        18.3368384301781          82.94379326551        3.58457855564851                       1
        313.614043440982        41.9423493848655        152.343467997914                       1
        200.365798035772        47.7804784692869        90.7992620091869                       1
        269.961606271413        74.7468318504319       -5.53559437667868                       1
        173.698736223026        50.1014336594411        78.9457431984699                       1
        266.808613291864        74.2312856931979        21.4512929899088                       1
        328.908704802514       0.385955706475769        167.074749866661                       1
        195.076285919571        61.9467500854355        112.451806259601                       1
       -31.3808678153454        100.849743341861        60.9807710112314                       1
        220.147021142697        69.4680614681259        22.5449699091521                       1
        368.662883239979        81.7075610010775        111.809181938318                       1
        86.1401208343859         65.089758876789        168.829049697256                       1
        194.024958486342        38.7047468572299        34.7333454007966                       1
        303.490887527748        13.4161140649386        65.2130824291168                       1
        208.194883785387        73.5325566440129        168.347195223091                       1
        83.2631888573853        66.2296896162649        151.541278390708                       1
        76.4277307239301        34.6865201083445      -0.242516060707661                       1
        203.191694819228        32.4263491950135        54.6130352502482                       1
        198.923018309124        67.6049532601113        43.1819045838035                       1
        96.4926426623084        35.0303861096367        138.338359799254                       1
        339.638949181026         100.27559238593        166.194086228899                       1
        26.4099002476451        85.5074709629104        125.594726163122                       1
        123.766843607445        81.6534961828642         73.804770376211                       1
        160.071042035073        36.9757866101324        94.2583735445106                       1
        39.7487811317762        21.7199488087962        27.4817089627441                       1
        237.393911367626        47.0628196402394        14.5209736379746                       1
         268.75941493106        56.4890900377721         83.742233495751                       1
        241.651129042585         63.804040026775        13.0369361786807                       1
        150.253044260637        63.4802538729022        96.3614341397561                       1
        149.616656825858         36.878416323831        119.829583017539                       1
        135.415046523772        75.8469607014554        16.7212921627794                       1
        352.812573608675        16.4433453931775        61.8919656400626                       1
        85.5257873201927        82.2897073690793        38.0998721796346                       1
        310.697156913956        77.2554846385012         139.89486026585                       1
        87.4823983152673        83.6957409547894        184.100244791424                       1
        265.668003117158        70.7808182698695        6.46389813162719                       1
        155.609292438147        18.4431491098159        24.3422296712471                       1
        147.476685276861        86.4934470258618        23.1185814282885                       1
        106.215256729894        65.4278809666627        178.424181913296                       1
        203.753345775673        47.8306657921978         64.811349292205                       1
        323.236811079177        90.7147202791242        38.0222017984003                       1
        110.648374554276        70.4200118372946        67.0606507033511                       1
        188.593314572274        103.512228861532        134.844931599912                       1
         211.57917566135        69.2511465033635        7.52079576410363                       1
        324.825494947644        46.1742415220555        81.4481693594705                       1
        59.8126936054627        74.5740678855518        149.311168949156                       1
        176.935905237754        82.3420715097129        83.3686921892964                       1
        289.085590679921        29.7791875380642        109.907094282415                       1
         126.53539475074        70.3604246600975        146.029991038261                       1
        337.314156302542        55.3885136037684        33.7220801100081                       1
        128.711967792925        45.1598906040322        172.991442414607                       1
        108.167786669979        86.3595190668218        55.4740392051266                       1
        214.034187874774        16.6010519314225        7.81186874282181                       1
        173.184079350253        26.8384193544442        70.1036863870708                       1
        247.810833683568        68.7430833212824        2.69312183266846                       1
        337.440576883631        98.9817627799337        94.6718281112612                       1
        261.148649784501        85.6809994448297        134.139718753597                       1
        141.386769802608        38.8248612774865        87.7932147745049                       1
        366.315185471644        76.9422001589152        80.2611223426206                       1
        239.427143982343       -17.7791067289602       -5.35741112434044                       1
        112.775396398858        56.1863384138258        134.374591543717                       1
        311.736606513784        -4.5694306892977        40.3276688683662                       1
         169.82518420782        93.6067934119016        141.789879004137                       1
        316.151356779451        18.4726756982421         74.117463810147                       1
        327.910810146725        60.7453769434711        61.6891722005353                       1
        105.428631287196         89.906219531136         139.19016285887                       1
        126.450272216642        78.1314258454074        133.308296191511                       1
        224.164089045971        66.4229293134625        43.1774555662518                       1
        281.743833650513        71.9498836605564        118.633293306002                       1
        261.247539511223         10.999018555982       -12.7240939830636                       1
        339.622251117206        46.0853916447935        149.722051387844                       1
        24.5565185830862        63.3851789021878        136.157768793748                       1
        316.330917206523         87.614145439888        22.9769089390925                       1
        261.908685748693        14.5128367816623        168.216654395875                       1
        107.623434526175        54.3064403684904         161.16902039495                       1
        163.012338783468        70.4328929223611         52.050723086088                       1
        62.9806355159552        61.6522664085301        2.11555460302863                       1
        33.5967407844549        41.1238462182871        27.0690613940278                       1
        160.659232726032        57.0093933937121        73.0639636458253                       1
        206.414910411758        30.3329326355679        65.9076037508119                       1
        244.143356193395        22.2570730412477        18.0751175556617                       1
        261.935199693695        91.7849611205215        34.0809761810808                       1
        99.2908057588372        68.3302848051793       -2.51144205740237                       1
        96.0500075733565        5.02955756371204       -6.14789759569988                       1
        208.873732925837        37.5532459480766        112.775975566469                       1
          195.3129356312        53.1231665730022        62.4908867422436                       1
        94.2482069492098        63.1838887786088        96.9476054236748                       1
        139.227509931743        65.1475549569483        74.7713926614832                       1
        94.3377737636384        47.9903261983535        153.878272680175                       1
        87.6932230354819        69.7927190736824        147.361189110824                       1
        14.6332642227046        65.8051319784612       -7.19619079811553                       1
        127.521780535187        60.4100874317931        64.5209643816179                       1
        121.419269584242        64.4941820877862        95.9412466246511                       1
        206.861774747648        118.387349395771        133.675861200529                       1
        187.180250080282         35.479760820541        93.2099408228802                       1
        74.5919096766761        59.4289647237511         158.41772736913                       1
        64.6448991656552        83.8307189627155        2.51717204232773                       1
        112.927201296729        85.0052462370358        93.3887433567304                       1
        112.120133697309        57.2241653158903        145.444339688025                       1
        257.207002576681         83.494506687703        12.9185613148285                       1
        181.427982924288        74.3716219046411        64.3093407274303                       1
        283.343396042517        99.5908945611413        50.7010960641514                       1
         103.98343570328        56.5646501701858        171.023501158786                       1
        197.826004111006        85.8475786993392        64.1139268429835                       1
        112.361620807029        29.5928116151356        135.531911500394                       1
        295.296876912326        107.790176622683        21.1835235896157                       1
        103.038821255529        72.0243551893028        161.083329634335                       1
        62.5852855634219        26.7301911280953        93.2260644467752                       1
