TEXTURE AT STRAIN


B  400
        120.783762559625        28.2786767469041        76.2576472583543                       1
        169.780693190812        67.0131855557633       -7.31160832674315                       1
         145.96914219811        74.5248101884582        6.64354793113599                       1
        26.9085341851589        77.1217253786023        84.7363881508206                       1
        147.791786010453        90.5474091349075        81.6373973368952                       1
        38.3885404458755        78.3265757114738        66.4262044007116                       1
        91.2487278484348        84.8798627688107        48.3103487393269                       1
        192.622838861299        57.0365043694539        148.181797536599                       1
        228.618534442439         30.320907857385        62.8718312682206                       1
        78.4817582381558        108.665627798456        112.368779457424                       1
         230.09172914648        43.8102620827996        65.6834431000778                       1
        241.206480378023          31.85071061657        120.223411285748                       1
        363.041049158193        67.3209573754823        109.166436449627                       1
        100.858397452931        26.6673951794654        129.941373836948                       1
         30.736456115711        78.3533178724011         101.93462368752                       1
         212.97168713886        80.5226417128463        163.620939130151                       1
        29.5688241861616        58.3557318078168        6.25460091713714                       1
        277.130513212241        85.7312588135426        137.636066478691                       1
        71.4011183458757        78.0352748065418        16.8058474782755                       1
        46.8581431877857         45.886327500645       -5.36639334952262                       1
        10.1940702578366        2.54181346164107        14.3956212710676                       1
        124.052667498272        93.4362414910077        80.1524244590523                       1
        142.916491466195        32.4468562893346        169.197632032943                       1
        342.034353351628        22.6076130989262        70.6047042136673                       1
        198.745420549791        70.1157619413466         155.05350233126                       1
        205.076525961177        32.2596771380414        37.9354017744459                       1
        302.543037281201        39.6457373675514        131.210507127681                       1
         146.93044304642        108.019487174235        121.272541427319                       1
        61.8232588818314        58.8396543115646        57.8097463459168                       1
        58.5263513547411        61.9947127668256        43.0635881545045                       1
        245.316799326336        23.6786620918396        60.3146829720753                       1
        73.0298073621258        86.6818713172809        11.4772465050746                       1
        305.884024128193        41.5793688000711        69.9647017823323                       1
        289.246200961135        20.0892689249479         141.10690579548                       1
         223.75306326874        76.6732735368826        114.694918307264                       1
        28.0501323989513        99.2272255634201        120.439711989244                       1
        159.055973976455        74.9785244370774        89.3307269506101                       1
        104.566074478432        43.8206985415103        162.990284380074                       1
        127.013647053068        3.24410662437629        39.3331667272777                       1
        100.375481356999        33.4214614922223        154.232664519112                       1
        11.7597797782989        48.6012711223266        86.1498888662397                       1
        79.6269482116438        45.8114579518564        168.197019477633                       1
        223.753873406103        64.7742339286766        100.237401193559                       1
        83.4965984887125        62.6734097233383        127.328605833152                       1
        119.795175349323        73.2930229168567        97.0400737641923                       1
        181.637791194708        72.7324976351036        180.120604211407                       1
        185.145866027036        40.8581762021943         96.991619780779                       1
        266.513921298036        59.4643954400352       -3.80381842184134                       1
        147.958682604665        92.6968104487034        157.313210282307                       1
        91.2077364664935        44.5415157363842       -1.26477088255784                       1
        95.2846418192338        82.3193223836157         144.39797145905                       1
        236.713765051259        65.4506083694469        61.7756666468796                       1
        231.594399900961        36.2303063156735        167.550061367497                       1
        217.036409700855        86.1734081781032         133.94599552166                       1
         74.322044853396        67.0618164851112        17.5161751519561                       1
        116.824917835711        74.1252553792629        131.055023391556                       1
        198.385913551917        106.279133572522        28.9613948385905                       1
        29.3430804561944        20.2028123764892        77.8513316529744                       1
        244.273918985117        51.8012827520875        6.07750781597469                       1
        23.4115308425443         93.389681390331        68.9295091473379                       1
        201.299156876631        74.6517018708757        72.3945234658451                       1
         231.21276460032        46.1195734441516        140.871714335423                       1
          190.5520467945        90.6816628510566         90.653994580465                       1
        259.544363428732          13.87767634004        165.790709967525                       1
        188.273858374307        54.3872002724528        99.0385646242608                       1
        264.557962384579        88.6915586250853        170.387405144268                       1
        72.1456518193635        45.5405713415272        23.8804061834845                       1
        291.001212035975        44.9099294884736        71.5249303175713                       1
        268.012353070143        45.4848898705387        132.193321493748                       1
        317.670116802352        18.3117397491808        61.3599766261821                       1
        162.699758150165        49.2613155596698       -6.76794569065915                       1
        124.013485437611         70.870657930902           119.330587651                       1
        295.497364679156        73.7000550277014        52.1163912812758                       1
        91.7588275536413        74.8925898081168        132.617227055725                       1
        212.689316298087        63.9751403220717        82.6169468054858                       1
         76.521313475328        55.7403225377112        43.1522134482575                       1
        186.296148337667        78.8305602866364       -28.2113988589961                       1
         156.22202609061        60.4295698942112        62.0578206659601                       1
        279.470569854516        54.6509931945793        71.6787709069137                       1
        108.176356444699        65.3736124983538        5.18310294300446                       1
        266.229728063258         54.198121561792         155.86792685023                       1
        302.397040319863         74.722884839239        30.1577364662403                       1
        247.157618446397        19.5564427969559        104.099786652775                       1
        199.121243576084        86.2802618630212        144.959703238662                       1
        66.6605698024555        61.0892453663218        186.585842190549                       1
        99.5868949766634        69.6952772332245        121.102592631382                       1
        300.454724088795        21.4054910827113        62.9836095795958                       1
        93.5283817816413        59.9474978960432        184.144871032797                       1
        23.9097118338122        50.5756248084883        129.106184169635                       1
        318.758129899135        89.1090231742752        126.693461048642                       1
        150.227776085287        69.7858867712968        84.2148848622149                       1
        207.983418169128        21.3620574981916        143.095991968059                       1
        322.513808917196        33.8065854019255         69.020476887779                       1
        91.2033249715436        75.2810037221493        93.9204802966767                       1
        292.748179329771        32.5278081666126        11.4121064892637                       1
        195.129346440295        65.5714277308548        162.667378831769                       1
        60.8405448755091        92.9511963191773        124.039718726647                       1
        279.789915204357         -5.889267309542        128.451530614169                       1
        75.6934126617865        71.3770520058475        35.4644175790749                       1
        237.972800633371        47.0487905427129        72.5656336075727                       1
        128.543519550104        74.4316489385842        108.752667703792                       1
         323.49184076212         12.569015521235        96.0823803136108                       1
        176.186332975309        50.3229282318259        53.1435878461361                       1
        317.335165623889        64.1062150845584        67.0968288458965                       1
        78.5449811495101        69.7547659562822        4.76845565797558                       1
          213.4616262451        62.2695110466917        150.911779904449                       1
        256.657172178662        58.6842760499829        142.611979521251                       1
          52.88335061671         37.528710258521        188.463146490192                       1
         159.79782940263        17.9540307184921        70.5040267265022                       1
        3.82085772559331        78.6657963473418        137.104160538628                       1
        15.3232706928431         61.702391907589        90.2918693189674                       1
        55.1900992613098        68.6144934661735        34.3258202696148                       1
         312.65589796985        88.7489962141179        82.6065382360338                       1
        304.092911784718        31.9792855465874        122.179780074732                       1
        196.002015214212        34.1396755104113        34.4521092618624                       1
        234.405088952679        83.7871716745207        1.34620352178352                       1
         28.859073906415         22.579612399235        152.107083566743                       1
        326.702668057506        80.1798089477094        73.0580831743866                       1
        224.721240322817         54.469637284651        164.114231633449                       1
        251.635108085291         52.383715714951        113.351540516159                       1
        133.161040869861        67.3190576515424        90.5765688057815                       1
        282.798137982118        93.7243421327408        6.37761700646866                       1
        195.394262109762        16.5431561267339        168.363157139705                       1
        356.390342069155        5.83902123857519        190.536202280516                       1
        34.2891455328337        103.068567199606        77.7014122311386                       1
        191.415784351224        47.4751408968474        152.466410557337                       1
        248.315751991867        64.6225803773344        176.845616075385                       1
        103.052154579999        67.3598569763625        114.094103700467                       1
        135.680322439165         53.414038026809        93.7473556603063                       1
        316.499750066872         71.103485634203        11.2973589220138                       1
        187.198567006664        53.2822810451374        164.884205751134                       1
        303.301108491737        88.8452957554161        44.9991102880628                       1
        119.066459031638        62.1826044844315        152.853121432147                       1
        241.818961794585        101.560580312569        153.348045473453                       1
        184.868053722011        48.7741271141025        116.216583986761                       1
        18.0097413644047        36.6848918119215        94.1256082761423                       1
        11.7546260604275        76.8207759602743        14.0992795222689                       1
        9.82896872033069        56.4269756172426        16.2395878804065                       1
        159.002603076338        82.8685173237639        49.0821377127852                       1
         250.47239125895        103.305318903697        48.4931904414856                       1
        111.266732538001        92.2649100339501         71.098905492885                       1
        290.854176196201        35.3169146351517        73.2685224228014                       1
        117.668216197637        71.1052951572737        62.6828113382378                       1
        117.490362401417        85.6082084859946        91.7944677975546                       1
        121.503731890153        103.119857844148        113.873126794815                       1
         204.19404412893        42.6850622738692        158.813094005695                       1
        331.204149432967         55.811525391748        48.3345685856378                       1
        102.314549519932        72.6058153044756        46.2544298646944                       1
        257.559526875214        35.6338711975092        135.052237222967                       1
        38.8154783434909        61.4254095526079        68.1891543861525                       1
         104.34490470333        83.3158121776044        33.0969511346287                       1
        127.160914259167        63.2537901907952        73.0432571867994                       1
         33.740999342408        82.6358048798712        126.193911688639                       1
          263.7446592884        90.9812750320663        152.959157196277                       1
        156.919776704186        47.7371202751412        46.3682048703236                       1
         18.430932797914        58.4547302656151        170.031775154945                       1
        183.030317553599        55.6576307738499         176.25757585071                       1
        68.5052029468119        51.2306250484161        8.31037523425938                       1
        101.900490795503        89.0211062156686        73.0598397615097                       1
         152.92585759525        67.8087491759425        16.6330608942108                       1
        32.9654223192509        57.5626366656122        163.449529987478                       1
        114.652126133655        83.8876853174259        55.4420772927344                       1
        215.611503648262        85.0715598909611        88.9301480875868                       1
        184.380497365259        27.0347504719549         9.5477359791867                       1
        343.148556821926        71.3931700303284        74.9131096465455                       1
        169.508373707455        50.9730200334517        23.9378200545132                       1
        226.548118374277         77.108419437019        159.310251386385                       1
        135.485366683319        93.7926157938635          128.7589456342                       1
        161.961530406698         59.031404815454        161.182783766443                       1
        179.920261421414         65.206344054021        133.080686605055                       1
        77.4244403080103         65.961214546369        152.521762720851                       1
        314.741789030146        59.3341570284902        67.3085993507336                       1
        198.451539115618        65.7813125500299        161.042540281902                       1
        368.344119528216        100.268897926768        77.7823089444127                       1
        118.272643401746         72.957890238348        95.7608197415226                       1
        200.290269517617        74.9487501735949        106.245135688759                       1
        30.4727229790535         81.515571423141         64.914076606031                       1
        142.128637788909        102.212892482159        133.214978384842                       1
        314.343110553325        54.2068063269816         56.092232714054                       1
        247.427768044806        70.7158135841514        10.8309567461186                       1
        78.0406249705576        114.166030652026        19.8451844355258                       1
        151.713253124547        95.1062203327985        139.240149847387                       1
        229.137272326269        33.1780630777216        26.3180090458027                       1
        325.505043045295        43.6754070752233        99.8847174345826                       1
        202.644239836153         50.754820848701         167.18022556069                       1
        215.855982369815          38.58095063857        130.843253674877                       1
        289.189209847434        55.6549606289528        87.5128111663391                       1
        158.503003693892        107.414084210057        144.499663808122                       1
        74.6155901372123        81.4545665632714         184.81152809359                       1
        207.197628514195        120.049499549631        112.388160140958                       1
        207.385575329344        53.5672354584672        122.586500755318                       1
        244.497187820787        49.5542517323215        160.062757952712                       1
       -2.77637122577879        70.1973185757661        10.3467736879216                       1
        210.546181791315        84.0752869452461        97.9596459962286                       1
        80.3178972311866         90.544086120022        117.316559291903                       1
        165.008380140455        25.4069208139007        43.8485026440738                       1
         174.70481009881        29.6479244370076       -2.53531915568591                       1
        277.727447933125        17.7711719298366        67.6423596585919                       1
        257.387325802964        18.8616669358436        107.185478689462                       1
        145.021868956093        41.0196754164242        32.7315359457515                       1
         77.719866659059        16.9839046656644        18.4628660887808                       1
        314.863991422515        82.0893629935098        30.6659723355748                       1
        213.958047847512        52.6764671401816        153.796840390928                       1
        146.446295701546        63.0578374870594        97.8755905159281                       1
        355.279320647978        62.0809777325257        34.1774599567616                       1
        224.160496793867         71.257983262277        84.7269694111194                       1
        138.622844897684         61.340948602938        116.899076738346                       1
        361.949320700698        71.2023742296136        151.347478082444                       1
        361.057750794812        56.2114901542273        147.043230062177                       1
        124.651000541371        48.9827166423093        12.4213132339062                       1
        299.261183956498        54.2626972147932         122.68094481112                       1
        44.6138573872296        86.4724581525472        70.7772159702796                       1
        315.605083844682        99.6185208429957        61.3553039156433                       1
        193.793364592603        65.0392589321218        115.449489765493                       1
        267.101205256521        105.821261802175      -0.100369942709428                       1
        275.382321088501        94.9227124026499        49.0439887930417                       1
        276.971272377022        77.0737028067218        149.709147270695                       1
        304.615326542778        61.3248734945005        38.2329507157304                       1
         234.50897003905        15.4282047299744         147.00329498742                       1
        326.196967681936        15.8629704121622        118.268750252569                       1
        129.759729746757        19.6647603881397        84.2544908393828                       1
        133.988824632847        39.5662997518384        196.860463163974                       1
        195.072339921912        102.770387068367        123.883391323592                       1
        130.979897861319        77.3379011177878        81.1582294150709                       1
        66.6055853806045        83.7696006138261        21.8086429456529                       1
        205.603632789294        42.1969043071253        99.4284782023266                       1
        144.216482225369         85.682205440859        75.2312297088765                       1
        225.949582195861         45.057359940699        14.5643773161832                       1
        17.9296243268594        71.8741864514113        130.638211828437                       1
        312.385334615718        70.2874901331897        41.0807939914305                       1
        96.8506676884067       -34.0400483313398        64.7375640161954                       1
         270.29800913376        38.1773875936633        75.1441771848815                       1
        112.128096174436        79.5639572515658        121.916617833854                       1
         210.73380060529        27.3043398203414        86.9126955815823                       1
        138.288732516343        63.5979632227315         80.593772252284                       1
        213.321156499162        44.5048998787912       -8.08832027003675                       1
        30.6647046303347        72.6242953990321        79.8847140424229                       1
        285.606414832238          19.65585546196         121.53771557783                       1
        60.1712213466375        103.019984136524        105.898081904297                       1
        98.7262892849409        46.8633857898578        146.528125630572                       1
        353.796372860151        113.763520163761        144.207819700608                       1
        50.1600531354086        57.1575822397949         29.227098935695                       1
        1.60491765929609        53.0819282190239        77.1811510559277                       1
        38.4313449339739        58.4787873149852        83.2876201456803                       1
        137.371998941468        82.4722384110444        103.965619292668                       1
        292.643354104012        93.4184676323673        66.9346481705038                       1
        220.828652461595        62.4470153416057         162.91159126392                       1
        262.343546391629        82.4607759049647        149.001614074236                       1
        258.000413254538        31.1532220238564        93.2112201667401                       1
        346.634949678364        55.8129987562317         25.552882922699                       1
        217.604637930968        51.2825880579943         93.294978447235                       1
        12.6265545124634        87.0856211171264         34.423506430613                       1
        132.716549488513        68.1480040941395        133.838570716924                       1
        102.659287303501        61.3767772351122        132.752744852266                       1
         203.08053706248         65.750758930274        108.493799344928                       1
        131.489444900942        78.9265529572203        132.934327604692                       1
        149.344165915284        81.2630842416379        108.832350383946                       1
        149.641495063063        78.1699148774603          99.54235548678                       1
        311.339183221498        33.3639539674614        104.212142422179                       1
        227.427348837647        81.4092887938185         95.507968147968                       1
        227.865182540957        58.6482891756868         78.684074163656                       1
        343.502766222061        44.7694930032522         177.28459340474                       1
        74.1288839372853        99.5982661037859      -0.959441209333417                       1
         241.36023082499        63.2256071400047        85.7285936312428                       1
        139.374457674883        14.9065392797079        53.2823903474682                       1
        348.366684888007         41.070065296364        45.9745993975548                       1
        81.7530788931896        67.5603905825535        53.7693308161166                       1
        87.9765185398651        55.6502578526615         171.28649259066                       1
        266.269476160624        32.6570541619075        146.173760218707                       1
        9.19723981001649        46.2997290328407        121.275225640996                       1
        177.146750627017        43.9980827164266        42.1575646762709                       1
        357.369580871152        119.296244767965        204.479935982343                       1
        109.958744106932        84.6162863687905         103.78142400372                       1
        248.789726613121        31.4141981388217        2.38509356727162                       1
        100.115301702782        72.0890828902554        146.839856275669                       1
        180.088554899971        35.0834913983826        62.3387239776475                       1
        273.887846051047        53.2026579147146        143.032016332552                       1
        323.690658679201       -23.0960379124422        36.3979101387514                       1
        282.975526866604        72.0152555034531         131.74220005783                       1
        317.007621587292        25.1966699347938        9.51406267731534                       1
        297.819518999718        59.5491832048605        67.0706176479977                       1
       -14.5207691883868        38.3911937568753        82.8712796498416                       1
        116.598613300118         49.190743022279        138.447908088913                       1
        198.924408641454        81.9026233228435        86.9336548191328                       1
          283.0306171626        83.1180254138176        158.831343531625                       1
        22.0242799578934        67.6104152492068        72.2970767836772                       1
         39.942367728593        51.0643594987877        172.813844579638                       1
         129.53899000497        81.7359537417795        98.0877854983668                       1
        58.6368511616277        43.6160381940771        40.5468851052994                       1
        26.6264613514814        42.9542305774916        173.734050994446                       1
        145.052704711721        65.4360413733793        79.1887637147794                       1
        321.430305082064        56.6147918209322         31.597065902885                       1
        31.8966504406832        44.2032977332661        18.0181282500478                       1
        92.1570267565508        108.012254361388        33.8573974883414                       1
        117.738154421352         97.865263070706        37.3330942733777                       1
         32.098930559997         65.330246484953        139.788901642707                       1
        284.516667535346        67.9052485029555       -37.0735663267971                       1
        222.258829416564         97.223552969181        105.183772680047                       1
        193.879659396641        60.5928573819164        79.8395628772903                       1
        267.891309826543        -24.750700996866        63.1542765306056                       1
        67.9095806041727        45.6739335108129        172.990476817208                       1
        254.784044317068        50.7138722323836        80.2445008881107                       1
        52.6331187542483        88.0736841482801        89.0012669288064                       1
        317.739474705351        66.8703384988265        47.8249695102897                       1
        214.184435628451        61.4480953618316        74.6214165886562                       1
         296.21494028322        101.641398622389        44.0964708413054                       1
        41.3661363769385        65.5064210838138        179.153736769781                       1
        302.450533859857        91.5554593377078        68.1736604093439                       1
        10.0125624993334        61.8674105725093        155.713503715477                       1
        272.738619222499        53.8075844535471        84.3024294179942                       1
        65.6875824517236        31.7283801103416        20.3415873429568                       1
        280.428044081166        87.5708176739172        120.708488068128                       1
        87.7088516005388         55.237080934566         17.836088213145                       1
        236.280466248718        60.1198152153645        78.0818488432033                       1
        222.203874121198        75.2750532905671         70.113415987097                       1
        204.021385416708        9.56337877796788        42.4261707569335                       1
         23.614496766405        90.0957071181688        51.3020047909376                       1
        214.046705118985        72.3618216270284        149.110185495067                       1
        316.533142417678        47.2606083146577        65.8212242711632                       1
        81.5422553787101        37.1873552778611         24.671290769517                       1
        285.030596967938        74.0788732727555        69.4383574936569                       1
        271.178955358734        36.7061064766954        99.4686485007334                       1
        280.409005056622        30.6694516112535        99.1448070344371                       1
        378.011397619686        64.0462198763163        185.802687985675                       1
        26.7265863114662        114.967713558456        90.1303058286854                       1
        136.410786634933         57.271927322382        70.9682251153095                       1
        207.098180345659        58.7471062960622        147.700375514782                       1
        43.8870974530028        72.4537366192543        82.4311925902382                       1
        318.787892027719         40.495358001261        41.9661962059614                       1
        83.2617154163779        77.3259836035993         115.37181474782                       1
        284.358531051867        45.6582205310927         153.35415988115                       1
        98.5789557227375        59.2021140587431        159.089413195887                       1
        211.793941062628        18.5460617282287          7.863545013582                       1
         290.28792773117        51.5814342138004        82.4253585127469                       1
        64.1965388126838        101.425129267646        78.6767380798732                       1
        202.136239412876        45.1019442091544        77.9832890166023                       1
        302.547945755113        69.5423932514596        124.044815919386                       1
        250.392774684898        41.4797500017089        164.894536106972                       1
        84.8082550038094        113.946583998059        17.1566399674063                       1
        177.782953681035        4.56576232943984        84.6989414817028                       1
        108.496509189153         75.943653221948        126.726758507467                       1
        53.1606041143523        53.3455302327506         1.3635635394008                       1
        251.670430884675        43.9939700449246       -11.6549117444658                       1
        83.0205320697391        53.3045739518756        33.4577974520249                       1
        47.3598422917879        75.1641375211292        51.7590506060537                       1
        200.325831153689        50.4523516018019        97.1900226818974                       1
        218.968189227507        58.0423946763075        131.742058627002                       1
         211.83470396011        70.0336725520451        119.559939383569                       1
        247.199915605532        78.8026438005471       -16.3095356619874                       1
        301.239751807572          51.32593285854        54.3365668869982                       1
        235.242795200434        59.3835980380603      -0.149907310511741                       1
        377.859420882478        83.4745048574371         111.03887558445                       1
        136.347619603727        78.7199430078634        150.561001944317                       1
        130.432188549364          96.74791566431         121.06772008915                       1
        276.647623572673        43.8792380391931        104.021272232758                       1
        160.817420675758        59.6598666252253        12.8308325614221                       1
        75.3448074243316        87.6918569010622         139.73376322631                       1
        148.802101615021        50.3023410776874        69.7937921838152                       1
        56.5511850033219        78.9170179593067        9.15924589288389                       1
        322.376702099179        80.2373505058492         67.630142022484                       1
       -23.4470883151615        70.1458682730609        57.4383084930083                       1
        90.1732080614276        71.8595356003538        18.9485116049527                       1
        262.938360138192         80.069226008607        165.035126126789                       1
        266.686308138618         77.964146680873        163.355384817877                       1
        159.819996698726        41.1314625909286        64.9224315190396                       1
        291.529918078392        31.1910059524939        100.446082086717                       1
        114.984786541157        58.7423426534418        121.721478728563                       1
        324.139267197525        49.3726322167591        44.0265796391337                       1
       -30.3067659023169        97.3797599792861        114.755820796166                       1
        66.1697905285438        29.6175588793797        164.670544653263                       1
        307.342971478468        81.1409976075616        84.4761465869398                       1
        311.472172743261        90.8192604978844        105.261690816135                       1
        27.0622821364977        87.8600130248583        91.9809137223858                       1
        267.975957784145        93.5512123907277        145.933877272439                       1
        333.398367658862        58.4587918652388        41.5215031244716                       1
        111.644352455514        59.9472831473497        21.4495471433953                       1
        294.387333748663        43.8871980641034        102.487262596624                       1
        67.6572593578833        62.2897146424677        171.791383555159                       1
        233.104367475157        66.6847265697486       -5.31459453802272                       1
        345.206405960317        57.3761278411666        61.0039109883677                       1
        164.542436287794        95.5027579654407        122.414902127946                       1
        53.9806625152473        64.8979769821873        12.3531577876736                       1
         24.760467944257        71.3133504300168        168.880964338682                       1
        312.243476209192        38.6206662763684        32.2846379037514                       1
        336.619008072644        59.0609491589922        48.2335682590293                       1
        338.692431330878        29.6634185124148        108.590487445786                       1
        197.385019750434        70.9306089732248        134.637734624935                       1
        71.9520010758948        17.3580848931021        148.235884304954                       1
         93.879132354956        67.6988585300385        86.1862065479799                       1
        136.978274746142        77.6658200961935        89.4766696775933                       1
        312.946626577643         96.526607443382        115.112018525998                       1
        46.3224675014913        40.5421553950219        55.3449604941688                       1
        325.120262144212         74.144529573468        80.6769102887222                       1
        177.839641705161        34.2351480116382        39.5032614968551                       1
        271.349305806969        98.5644160035859         164.21314328954                       1
        118.530987431665        92.2975464309449        60.0551011159808                       1
        269.699931440102         18.598319238011       -9.56748211361261                       1
        281.946773408031        31.2861262527957        141.794449099709                       1
        261.758126402645        40.5129942434161        95.7526735428745                       1
        161.208848342331        40.6836624239451        118.123721402796                       1
