TEXTURE AT STRAIN


B  200
        66.5682194384631        90.1832874073349         16.066632902134                       1
        186.723125779783        107.387178874837        193.718143626566                       1
        190.941605092384        116.965983478193        181.170701837187                       1
        30.5789620978766        79.7263045973174       -33.6497467016142                       1
        350.164504633526        86.1048248793968         21.530424957649                       1
        356.105167714873        82.3750619960727        107.680933182044                       1
        151.512934297153        74.4764098722765        67.7345351742472                       1
        207.602547849551        64.5947934120216        150.475171700829                       1
        171.178836234832        52.3549468922458        78.8051866141351                       1
        31.1776872876436        75.0566925351659        73.8645130850015                       1
        341.584306161692        74.7857446858136        118.952982298956                       1
        342.640904741354         62.461639876419        115.758686578801                       1
         351.57616016695        41.7289152155048        130.759336007682                       1
        126.129739743002        130.376579130131        151.428261140128                       1
        164.590879020192        98.7467205891212        57.7535808192225                       1
        331.841861643663        101.370313528885        126.079715166821                       1
        162.545182124158        60.4977538389699        108.489632530185                       1
        350.748838162887        82.5231313914713        51.7148165644675                       1
        361.906672744802        86.4166944353582        28.8131524961018                       1
        286.589570946884        77.6034198671451        34.9482911230503                       1
        157.180698933158         69.264517344075        80.2454233674879                       1
        127.568028802685        98.4047966180286        137.754906202339                       1
         417.65045885685        35.4866868224586          69.18303958285                       1
        129.612560890977        116.907401701266        23.9991074930949                       1
        386.914811465745        41.0467599194186         56.160620053298                       1
        375.124143843692        64.9641334773671        96.7638091321046                       1
        241.007614296569       -19.0318965951213       -30.1881475343391                       1
        57.0689167941281        111.700726047544        131.481529787296                       1
        227.080103671574        38.0245083752604        192.842956058703                       1
        148.196512766323        92.0750148114317        65.4135032154475                       1
        462.271582400906        33.4715199084764        171.900538187607                       1
        144.897794412011        91.1742934108755        145.889100885037                       1
        372.862183999966        45.2441614691255        3.56039789580098                       1
       -23.3099283654762        159.809990866615        -31.899096444292                       1
        49.6542774935131        59.6064979345874        139.721105035255                       1
        159.297526191559        76.8236898147883         118.70556657167                       1
        250.507352052064       -4.75085898668362        171.829163970624                       1
        148.932898323019        115.212643622987        71.0349551449481                       1
        92.7921311171494        42.2001943714075        69.1408279089694                       1
        176.517640251045        126.316862380839        192.038050190856                       1
        35.8978851946204        47.8988243678496        71.4433248823687                       1
        40.5669039515378        116.462154997828        136.241499400358                       1
         182.93749114214        91.6808348480224        92.8132862856753                       1
        164.410878816323        82.7970302520567        128.370162371939                       1
         51.048748330828        79.2867588708464        150.836156541384                       1
        127.931578382017        93.3871386563507        188.936985145513                       1
        348.046209534111        93.1242981426955        40.2885722144223                       1
        137.516802276625        28.8664575421663        138.836998945944                       1
        10.2000348961706        69.1274603190591       -40.1286547155053                       1
        252.740574112648        59.1101275817136        118.296472680364                       1
        22.1698980945148        78.4679904594318        166.767239599082                       1
        341.066261453104        44.8434708388543        123.402252423559                       1
          107.0822202312        18.5880111806741        122.781311681199                       1
        319.122495024617        105.974909386778        97.1921042171265                       1
        55.0260015693013        74.8160904240127        126.647861196401                       1
        366.581540661357       -20.0646588728218        204.801995307615                       1
        85.2335320109065        22.4411359262478        151.626809881096                       1
        90.2652010154715        105.034899146407         125.10136359278                       1
        408.081785999099        10.3209968814493         74.741409709367                       1
        334.776025765012        63.7889746264988        137.834347177373                       1
        194.352244226053        99.3742924567046        173.922016687882                       1
        172.933349510306        30.5789761943573        51.1337276222331                       1
       -87.5986396169103       -13.2588092403655        188.732701362254                       1
        129.758758490074        110.359571410963        99.0607886315867                       1
        149.806897444832         82.930677762511         98.730613028731                       1
        138.770308885562         31.884436673308       0.195821491268706                       1
        169.815395727655        77.4494561441858         151.05673404921                       1
        64.4610587838634         94.831857840757         144.65989215317                       1
        169.833289454097        78.1663641955852        91.0420832400394                       1
        147.398740656284         107.92897010173        35.9752757490537                       1
        20.6362738307534        57.0562165913382        148.161809540434                       1
        201.599258312115        30.8034766396038        193.114797286007                       1
        51.6686407125065        102.420941769854        150.882922557327                       1
        126.192267739206        22.7837759008229         168.83053321456                       1
        362.185407922293        74.6201035946715        122.834777518407                       1
        176.050122866505         112.99210152181        161.270888007328                       1
         189.40318099271        79.9960999554505        159.532597132645                       1
        106.446227413463        28.2634382238975        107.219815875065                       1
        287.598391979507        3.77368152512382        114.535055137289                       1
        185.589159393264        89.0154413983411         177.66335275258                       1
        132.397592806978        82.3819749397123        29.9825398339849                       1
        146.890079126826        45.6596151637842         87.020330468821                       1
        394.250874136852        30.0013851528889        32.1016537384015                       1
        245.098670486269       -22.6878891458975       -96.3303842962246                       1
        38.6300411231362        71.1644543075417         34.051314594764                       1
        169.651774847834        28.0086110481392        118.736944363671                       1
        402.051630118309        62.1971660491417        120.461987950769                       1
        368.059370895548        41.4016871771006        41.7838489431572                       1
         74.020433518058        30.9052145466415         25.998510315272                       1
        172.877866086198        8.60430750179928          126.1198301124                       1
        81.9419751898596        29.8466405934453        58.5518822665438                       1
        159.406626712743         30.064575764962        147.825610984932                       1
        208.587310328498        17.9948916209934        204.453160962638                       1
        328.099089698496        26.4570441122391        25.6657897504407                       1
        200.517598703221        69.2936996046406        50.6105541420586                       1
        93.3201550552221        14.8173567281266        43.1026739430101                       1
        44.4002571101058        84.3946766537467        125.578102799348                       1
        38.9949911207773        103.861267200023        112.636120886778                       1
        174.733957190588        115.855735485459        33.0625606666897                       1
        31.4069904225418        61.9657768825994        158.450536186765                       1
        431.418982861415        21.6829880365873       -54.8799698814311                       1
        208.381446692776        45.2141154942961        127.504198171949                       1
        330.429533463183        74.9107644713602        19.3773491461541                       1
        146.724872795573        15.0429496980179        249.122042249016                       1
        166.667880886469        92.8299362960699        168.751266039139                       1
        31.3769910056055         54.528228356834        40.4785270335478                       1
        113.224904101822         80.304809161281        22.4196529201088                       1
        44.0783282374829        74.8236520668163        137.836011761097                       1
         50.473669715716        90.7359715223136        110.270569981256                       1
        159.346377600578        90.7102692106591        115.901578871924                       1
        102.912110116171        39.0776651657155        10.0132939212157                       1
        135.207852654179        41.3443346658997        63.8750416344085                       1
        395.331149871439         32.406660331859        18.1809841203034                       1
        327.534019744063        87.0475010102154        47.5322339887709                       1
        285.088695861613        45.1544884691664        208.777328834873                       1
         151.21744052308        61.0774901609263        57.5823534078968                       1
        91.6926034703051        128.697534996786        86.0144745323899                       1
        213.012328731923        56.2827299492519        193.683732595998                       1
        151.358816777352        91.5892217705328        42.8073836721011                       1
        352.423095546123        59.2299298958595        6.73111893177615                       1
        96.4297017293081        80.8424534184697        119.695143366296                       1
        228.828653672369        53.8648997714995        128.218063440308                       1
        225.130829757246        138.972821253372        209.144178914921                       1
      -0.849140757202863        80.1661929258424         65.219200418645                       1
         166.28171245718        79.9404017773773        61.4993471706235                       1
        191.331871323816        48.7226782868243        49.2254134048673                       1
        160.697854431133        16.8406134049636        77.1563300154697                       1
        167.248846444873        56.5594279046398         59.368611734521                       1
        113.183582216142        48.9371142896567        157.821148822083                       1
        291.316189844865        60.0811298937349        106.169014273911                       1
        29.9847876841065        95.1425755955206        17.5560888060799                       1
        382.541716863834        19.1165907587722        24.1857604130923                       1
        162.499471693967       -3.38059557507228        41.3266073699206                       1
        244.009093015778         46.142394079094       -17.3574621915703                       1
        123.244618033305        19.5903397722414        211.778133885194                       1
        150.418488412702        104.113960762095        174.449953311408                       1
        141.925113514476        54.2966224233253        76.2122956505155                       1
        353.255515298754        62.1577547317011       -64.1881035877742                       1
        90.7072384589736        88.8594834763001       -49.5329545040077                       1
        250.069123995558        23.5701599260857        185.170087842163                       1
        152.932756770085        39.7296669938897        108.430148121334                       1
        73.4341724481612        34.8280654563492        144.011891749829                       1
        283.134898983917        35.0640501033366        149.643680659331                       1
        370.362326080199        58.1256239503914        121.301183096759                       1
        168.207079001233        125.281070480009        49.2306549066443                       1
        120.375517785695        38.5547510136907        29.7820776345672                       1
        371.097066700567        47.7799854766168        102.807980385988                       1
        158.210254746098        90.6082983974175        78.9513509549582                       1
        186.120095041938        43.0997904198945        37.9994875256298                       1
        139.877956516006        98.9794013010789        47.8457285835597                       1
        181.721550390115        79.4627478912432        110.850351493465                       1
        72.0085369769621        19.0336779970179        149.973296571035                       1
         346.42364102764         75.331865149472         43.034722462062                       1
        126.670555910636         27.547318492469        288.100007041003                       1
        145.442118932253        116.763288065624        47.5140198917198                       1
        70.4469545635042        42.1135644540978        44.6096069836489                       1
        80.9110153306612          76.98690755026       -20.1624063673556                       1
        168.184888054117        38.4671995994758        71.2989521589489                       1
        170.243369273804        76.2475276171573        74.0425731893808                       1
       -40.2889697930464       -17.2617525518877        175.037166128774                       1
        346.903229539058        69.4874279676414        137.203669247901                       1
         377.89462251888        25.9648737773946        13.1691842757543                       1
         28.323314526031        58.0594905085115        59.1448293891807                       1
        245.755120127226        104.453907694914        176.513937636375                       1
       -44.7256632634412       -10.8716593105169        247.622995329007                       1
        127.016118009147        26.6498960811411        126.225883804742                       1
        160.711831368305        105.744574222029        228.679987745211                       1
        42.9291376300818        94.6247250904639        130.790916562492                       1
         326.91564386488        50.0520421695665        86.4858269980848                       1
        274.914541563202       -25.2525248595907        200.681171228942                       1
        42.7957248910323         39.459841715222       -2.80280333765041                       1
         182.48831590393        81.9278302502917        127.321475264295                       1
        307.839472077666        41.2099970864206        85.1359261752505                       1
        369.571083377331        44.6249192094822        135.256379764904                       1
        76.6654675425286        78.2946672444383         134.41006611258                       1
        130.729115965345        40.3479031679412        162.776931249625                       1
        55.3106800614278        56.7793890046376        155.276514156879                       1
        283.749684438708       -36.4939610143663        131.537535561715                       1
        353.659007750729        114.930613326937          93.32319552177                       1
        54.2054089378392         88.048486184417        137.189547227951                       1
        121.763755193663        29.4442517746592        99.2956864247019                       1
         259.68891082599        38.9342004099475        2.84881800997826                       1
        265.456607327597        85.2964052847185        37.0352511558874                       1
         163.12263673255        97.0052689785985        148.629207100052                       1
        109.288724739978        93.6569860186282        108.161106375975                       1
        113.429119925437        23.5128867098279        265.080746159114                       1
        138.906901953371        36.0620424935219        80.0149505709904                       1
        184.618243478881        64.0488329594898        94.4814544771309                       1
        296.621647358329       -37.7992427815607        171.350900430734                       1
        200.655251821955        84.3913973861138        30.4139368469527                       1
        192.189124241893        62.3228608542123        70.6759154016265                       1
        123.883513844196        50.5675119534212        4.24460248546689                       1
        249.677180435328        90.2031185883628        55.8469627842585                       1
        383.405747818547        20.4789939878563        111.619066602367                       1
        96.5179855553324        38.7653706782532        30.7474417941585                       1
        60.5072770707988        74.7055811690847        119.144237261958                       1
        151.867857951735        130.776890878262         27.795770178145                       1
        354.916104635091        31.3391221833195         71.374181661154                       1
        157.526400050956        37.0873505947818        65.4259294325423                       1
        179.874231398376        70.5148956067221        221.940294863454                       1
