TEXTURE AT STRAIN


B  50
        160.254854288882        100.217196045748        24.8579029253493                       1
        312.962690440218        40.0440513852232       -10.7876617586639                       1
        282.215864506978         32.513593392631        10.9075020829888                       1
        15.6401652148259        137.660867486272        109.793565845139                       1
        191.819304030263        110.857914606752         42.930757666376                       1
        329.424697920508        61.5511527112735       -29.6974666124827                       1
        349.330096866695        69.1168377257957        136.409876519937                       1
        220.577840056473        71.7080449861041        44.5846056560876                       1
        257.638696189084        -84.987211098634        125.755641157063                       1
        291.177187736168        232.512130745405        177.458231360837                       1
         214.07759301989        49.6502431104485        71.7181739910155                       1
         337.85195145536        53.9418675550421       -17.5182297044869                       1
        354.130258046013        62.6764090244194        124.971537076225                       1
        144.229936360891        104.612855999713        36.7710599591273                       1
       -5.67462906063959        67.4903570051648         153.99504763163                       1
        131.037453965313       -24.1387173409006       -3.31559510759145                       1
        328.891466460014         51.678846495834        142.620136322821                       1
        309.431453277334        62.2459948939417       -19.8247392582063                       1
        202.878875798618        39.4223004954761        48.6915996670135                       1
        138.671598258583       -34.4974651332481        -29.108850966226                       1
        96.0086045829716        76.9250149663398        1.77514798361381                       1
        180.631068328702        99.8388634218426        233.622975261473                       1
         141.49688401193       -41.3669664138305      -0.539624271721297                       1
        236.878865619866        60.6991914868033        35.2322776179356                       1
          217.5509776951        45.2049410314206        50.3689586246135                       1
        212.579581263487        58.8770180609291        35.5356220753972                       1
        30.2100749497941        125.836653806823        123.644281537535                       1
        342.369372454441         50.780865843331       -33.4517660460633                       1
        159.707594387441        91.8301492147007        222.116469201552                       1
         221.74890345301        29.8413920127414        47.7951666614217                       1
        342.997617243032        80.2513290990671        120.930156304201                       1
        148.576472058319        111.506271767504        197.988750124997                       1
        314.359228997047        53.5568102450493       -40.2708411815177                       1
        1.33242207089329        53.5308299704884        138.307087180598                       1
       -3.17344963017096        85.9512886695309        146.186003174293                       1
        47.0883395505291        120.663752305436        123.547216636576                       1
        299.159136827355        44.0765069416423       -18.9441908152571                       1
        311.428895663249        57.2227447807277      -0.439201977510493                       1
        1.90416162567829        147.999956886028        40.5864682048242                       1
         208.29755405103        66.8997055330316        68.8201384921622                       1
       -41.9086977912716        50.8277877315933       -19.5122971528962                       1
        13.7369028982192         121.70078664842        120.307831016273                       1
        114.959965764383       -41.3147775758076         19.296169540334                       1
         154.26689824313        114.841940205538        52.2749227433503                       1
        162.034692069478        144.712165402269        211.474089950961                       1
        163.379097274231       -68.2016479253228        141.266285041147                       1
        290.456257345179       -64.9951816351786         187.79907623247                       1
        237.017849067592        41.9400529478831         48.779335261526                       1
        160.148577169793         131.98920332441         45.861019805882                       1
        231.098999581781        48.5015946330433        25.7265025276848                       1
