TEXTURE AT STRAIN


B  100
        195.525904111766        195.007089667705        88.1425266796653                       1
         232.66487623319        39.2764148869925        52.3761656748782                       1
        338.733380479349        34.8986359475765        92.1843885219889                       1
        195.453129558106        28.8089254244102         249.77342984284                       1
        140.326711380211        175.164771846691        20.9863680126049                       1
       -9.44207295405987        55.5418911512764        79.4879459575968                       1
        322.631760712321        25.5298602966346        90.3903409430078                       1
        28.9040039582979        92.7656600369512        69.0971004493053                       1
        277.843728331637        51.5660814560829        134.843147454094                       1
        40.4754270113689        132.311494685557        91.9633667714309                       1
        372.224209655927        84.9996224011676        98.4698633965609                       1
        334.966549543548        46.5899441972975        77.9942207926191                       1
        263.631117388894        10.2648744493863        198.308049192161                       1
          205.3625766274        16.9590008491502         88.877730373418                       1
        361.251085479476        25.6539491018959        109.829609414889                       1
        229.312376202917        36.0543031648444        244.695420178991                       1
        207.011844166132        61.7596482102673        89.8558148908608                       1
        228.794441295795        88.7241072961148        108.691921768009                       1
        353.629290412215        40.7308919228656        94.5749330921559                       1
        357.755014094022        102.596204542033        77.4048814395286                       1
        257.046441433932        18.7624570328746        233.238390901988                       1
          195.7833444092         20.685575917674        101.205032085285                       1
        256.554512144881        4.15419217431687        57.9987166745006                       1
        205.658865155813        45.9343320178265         244.19786558617                       1
         308.93441719452        89.2655281356196        85.9691386865731                       1
        303.279611238976         30.452294933051        163.360007729465                       1
        226.763588396152        25.0537612039891        50.5674365273313                       1
         79.359444946087       -18.6230660710951        191.235007437899                       1
        177.798246030944        116.294084060624         85.541531664329                       1
         376.45358974744        100.956118123693         87.269751557303                       1
        236.500179386633        19.9785767799852        62.9109766013049                       1
        336.650685984314        1.40395909832537         118.79526999693                       1
        216.938043510639        33.2049861326967        45.1336601100742                       1
        249.987330002675        83.2715318214107        113.874447426852                       1
        246.805204586226        37.2726246426875        226.255113803751                       1
         353.26460273658        82.1704152868541         84.964487874001                       1
        254.298253403621        24.6780674307074        40.5596939488401                       1
        196.313990357343        196.992898201603        93.6419062776387                       1
        211.836215313057        30.0607391331982        95.6089029770493                       1
        377.003481443244        63.8963388145615        101.801205186179                       1
        369.236809662688        75.9486270553242        89.8722071160654                       1
        264.076495062798        39.6627826734119        198.533107050326                       1
        193.955138457849        73.8235270568188        109.716516610982                       1
        360.362870512404       -35.9389381434235         92.322788315567                       1
        367.769548888676        121.843836510045        84.6040825260941                       1
        66.3859710889887       -36.7096407885524        65.5279045738004                       1
        173.374020800162         32.821804827042        114.967589992008                       1
        43.0696785819306       -29.0955463351582        232.921225280133                       1
        30.9838379651085        78.0846625804877        83.5455718387522                       1
        280.545751245947        30.0189541379117        169.954372941513                       1
        131.285721307287        73.9290737323129        105.113959676216                       1
        67.6114314583005        81.8338892465301        53.8511702689019                       1
        269.107449334696        34.3768351328944        39.0172798196773                       1
        201.613162390394        36.0853439726239        87.1856325227019                       1
        184.293791506749        162.148299148356        236.823169009444                       1
        42.9008690927035        158.471962746049        82.9361450555325                       1
        150.825718469701        23.5316892685471        121.211838939449                       1
        191.565778580264        14.0816764976339        71.1143890276045                       1
        222.578243323646         28.896524188277        53.3242860825753                       1
        294.792221974583        18.7340056690479         8.3504822919918                       1
        183.027934483077        82.9457902483929         88.166824790956                       1
        253.836635450844        24.4782850651378        206.992367842627                       1
        190.975588488972        39.0089132588385        285.307396928807                       1
       -24.4841730358637        63.5986244392455        66.5378984625493                       1
         24.651101913463        87.4450223699741        102.474549397468                       1
        86.3365521217544        89.9307938954321        56.9712842502274                       1
        390.456609116265        131.438874945536         105.21359896877                       1
        301.238600082814        -13.425809857139        178.884885224223                       1
        197.066225779573        138.685792928818        71.1047960221488                       1
        234.205171361673        43.3348804734823        224.283388265306                       1
        233.373598586253        52.2428806207608        62.4647932508361                       1
        87.1149766006818         106.56421447392        71.1693875348211                       1
        294.321324136171        17.6281134744194       -8.79713791326773                       1
        151.746154972811         22.612184290746        138.797948560892                       1
        178.955901835085        23.0795758812638          127.7175671003                       1
        215.810516477925        9.18113720518204        89.1672510004626                       1
        263.974407698693        26.1876306937025        20.6473038151266                       1
        116.794134020054        12.4014889731631       -19.9777773753751                       1
        227.993394228788        31.6610879500172        71.0670611417882                       1
        150.899304202327        186.327289727588         40.638188732455                       1
        201.974691467362        35.0945570284719        81.8760054749811                       1
        249.351248512861        36.0293995869051        19.4566629769082                       1
        147.863097909753         160.03365917292        55.8362774747149                       1
        31.4630106964343        97.9130692245655        85.6125095138371                       1
        184.544610079564        131.246302000515        77.0545308013022                       1
        217.592512392812        71.1307447773806        101.411420252424                       1
        115.155905674417        64.9926630386676        122.108483653991                       1
        256.959510626484        46.3478861481825        37.8994946980033                       1
        282.505072372624        34.8588671576777        12.2805848377741                       1
         79.889544230423        154.013707960056        148.452828476719                       1
        305.229432989018        17.4758905072133        130.167394739893                       1
        230.064740214876        167.495554259956        124.114405119496                       1
         142.00818317388        174.674172180698        209.592961957939                       1
        342.788726784646        100.352594469136        17.1367452920523                       1
        370.640307496734        89.3508950052364         254.34059599447                       1
        200.333655364217          74.26513333408        75.2605553235144                       1
        239.539312319799        19.1589144987639        199.222013169033                       1
        115.596396654395        80.8562112288273        108.591375811416                       1
        187.563140308391        18.3243503319429        91.2976909276087                       1
        253.910722843571        14.2751760065716        194.421664914297                       1
