TEXTURE AT STRAIN


B  50
        4.15590277798359        34.9392192235805        26.1907471944976                       1
        52.5179043124437        61.2633616915266        101.236905852334                       1
        195.207060335182       -43.5254772235854        109.599179350433                       1
       -145.902779446542       -52.3143570557495        101.285583040096                       1
        28.2719969905447        43.3874821515778        138.409345337082                       1
        66.3933572998508        25.0503930345987        258.053443009167                       1
        366.938198751815        40.9129638444997        131.675452013473                       1
        177.943062368245        128.101987492283       -35.3943983698183                       1
        70.3089433049229       -40.7100029674535        67.8352907126716                       1
        31.3102592342607        35.7330776606795        109.403082808344                       1
        77.6075173315448         124.25188826622        116.532206854801                       1
        155.503129946409       -23.0865495856436        57.6984084013353                       1
        10.5569693375429        29.3262292570989        145.915127150717                       1
        348.772539729098        45.4208721747143        206.664252291364                       1
       -41.4135722294082        101.409980439971        59.0433460315092                       1
        112.578055163592        104.661545408894        103.438774294696                       1
        302.389491235462        92.9218695525062       -117.861211683733                       1
        55.5983224742553        30.8681873913347        285.044767224427                       1
        194.462313326858       -48.8653551744368         140.72575512048                       1
        239.628712573694        62.6121747462947        60.7534141117453                       1
        236.533790931658        44.5932321563458        70.0555631694625                       1
        207.998128633347        39.4129222033086        94.8724251345322                       1
        7.50514999228962        25.1153387411333         188.50911434301                       1
        227.445838339023       -132.928987741809        86.3037594787194                       1
        49.0799139615156        151.755556233327        91.2343718174316                       1
        270.896402595017        28.8379926561746        44.3116510197762                       1
        44.7081475512537        32.1019528613148         238.04773153246                       1
         237.69388236548       -42.9692552417707        89.4158021222188                       1
        61.7627331654408       -31.0185206198642         55.139417153779                       1
         255.87738810124        142.941514502439       -18.7353973677008                       1
       -142.306407543964        -17.486862936128        294.796484403579                       1
         37.468625004336        48.7813687382781        294.543773996531                       1
        291.132458830733        97.0165210617997        221.021937800196                       1
        196.509581253096        122.410649080016        55.1143983701325                       1
        263.516352925213        43.8601735961652        43.6140420661951                       1
        273.141448930932        62.9792978640789        67.6457217539492                       1
        306.501704526972        36.2208749836478        -101.62139699993                       1
        35.2272084008584        60.2743282041039        127.904246942503                       1
        161.845437479381       -61.8106768097525        43.4664397419153                       1
       -47.9272136480376        84.6409272523887        72.9674634956326                       1
        157.113401842657         136.95964317284        125.165347798338                       1
        252.473749629626        52.2087506469907        85.6405836405223                       1
        176.679042602421       -35.1225913738079        51.9818458436763                       1
        211.799674106509        -36.448002182282        118.594915348971                       1
         322.98848780232        49.2020240597486        50.5065730194153                       1
        198.665215787608       -21.8983592292233        117.158608296614                       1
        331.897260524362        30.0869299558889        43.7816003846375                       1
        54.8383797337875        47.2444424529781        109.448793486603                       1
        220.796576812458       -32.2853200332274        85.5527235112079                       1
        95.7778070369674       -44.2116471101064        57.0990447444653                       1
