TEXTURE AT STRAIN


B  800
        378.132580592435         61.216210694798        79.8759260288102                       1
        349.291832842384        63.8412949335716        51.1929363666412                       1
        316.114714917328        80.9225341330461        76.3095365057827                       1
        14.8747647528836        82.8493560783031        17.3569465851113                       1
        79.9529663779747        38.2008889690451        7.46076620450493                       1
        254.442565410982        6.75957189239621        46.1311674780954                       1
        66.1132636578403        17.3135678408732         104.76248314347                       1
        318.330928056792         64.106278403212        69.2924444470405                       1
         378.29692009928        19.0828957282128        179.769626652841                       1
        172.494746172539        43.1733315968749        26.7164327547648                       1
        121.789258904472         42.859357947051        170.884236857368                       1
        232.278200143851        105.195253751843        121.341947259544                       1
        272.265260373139        99.1995742332866         148.67130956945                       1
        57.4962092512639        80.7738627829633        66.2247941958082                       1
        270.264840524497        76.8012409745251        82.5038884118018                       1
        175.592827826452        68.2887387526855        172.380754122561                       1
         70.428514539451        90.5772370135166        101.896746122516                       1
         360.33038221979        59.7527864725651        91.6669507573083                       1
        80.9443553077362        87.2618581584285        81.9335861804905                       1
        280.405838709347        72.7212454544495        183.531337016608                       1
        119.672494153933        42.1788534644634        136.769816519004                       1
        304.286339116218        87.5205025071733        112.184330840545                       1
        33.4825193205214        65.2932368788547        63.5225448639415                       1
         293.41940008969        69.6019849801554         172.52545262985                       1
        158.859490035894        88.6900058982026        45.2514900345629                       1
        27.6029522040764        76.1080698516418        164.326148877452                       1
        191.845930035901        75.6594336838596        172.328259376527                       1
        272.533386545446        93.3418380630996        95.1550161162513                       1
        333.431891246749        27.6573469467426        43.5576883772405                       1
        236.017713273346         46.376072302941        139.404439278179                       1
        84.4448606554028        77.2018132000639        16.2619292298505                       1
        66.1999607005942        74.8141981961721        118.560466886454                       1
        24.2610010616151         44.814781350038        41.6040865613732                       1
        334.679311240036        54.3313137461284        102.178182109425                       1
        47.9317751742229        72.4534277977174        86.0401636855922                       1
        129.683881072035        37.9979978574269        176.271170320088                       1
        48.0597401810515         80.391825517406        81.9646739123442                       1
        340.684623568903        53.9403474165454        67.8702071643564                       1
        140.837373735672        28.1262216201548        174.054112777429                       1
        342.098648411574        44.4211663600777        22.2489890032619                       1
        11.8227603334817        46.0087228583334        23.2263650096568                       1
        314.784319546687        93.8009267338509        62.5484979086097                       1
        317.006374733371        97.6691107601873        147.163248798146                       1
        273.555634177076        16.0961693898241        79.3376611142825                       1
        142.020356745827        9.60566645586955         41.953552618712                       1
        67.6834921237231        47.7336764046537        63.3773966715429                       1
        152.533729188196        41.7575990746226        148.079887984244                       1
        196.086010988815        46.9556777701815        111.825592493245                       1
        33.2119754863543        87.8336960224676        61.5005195724249                       1
        131.066083542497        85.7020578826612        95.6654737543218                       1
        32.9061524580968        64.2620912916064        126.408841282579                       1
        38.1940055870502         47.045144556366        190.685405658312                       1
        65.1343508520792        72.9524890718098        138.270277338851                       1
        13.1239987276338        26.3088322694309        147.527838728916                       1
        51.2220382678983        82.8140370622857        166.347393095664                       1
        312.585960357466        65.6174397518447        57.7930741781125                       1
        316.206779018656        78.3302321880607        152.443650333245                       1
        128.654981297281         23.645573063456        64.4704185159083                       1
        299.822232178326        73.4215724922136        99.6088559070519                       1
        221.754579336836        79.2778392030426        99.8000802299754                       1
        118.539105590478        64.2730711269466        40.2244131776942                       1
        135.868223137216        40.4884935179573        46.1461372566548                       1
        220.333367289837        49.9667522770165        24.8088052272543                       1
        303.439792292887        38.3734200628986        102.743972231085                       1
        124.058250415854        93.4188961395196        63.6706655150689                       1
        72.2995164874512        29.8592445786848        97.9506676688594                       1
        154.594930579286        62.8764420920537        20.0854357606865                       1
        113.920792250788        46.3232860903781         106.26385223063                       1
        284.726576409937        54.1814651077181        38.7137215047354                       1
        367.487347528141        42.3786452337454        179.974214609814                       1
        342.024874720359        84.5323261878386        46.3772427756249                       1
        23.6896615071804        43.5458940486068         168.47324994115                       1
        355.112675269189        26.8101660762802        34.0765215848739                       1
        249.588753890503         66.502531699082        159.899505156813                       1
        209.208877854021        49.6275281865964        1.42302273332082                       1
        155.527850222915        88.8581839962582         143.11168205043                       1
        267.306560828471        97.2890234882599        64.0622764811875                       1
        122.752884761198        36.3075000126229        22.9461746691881                       1
        348.518080339329        62.1726848947198          34.18819152897                       1
        52.2506070450732        45.0159536977732        17.5201754454989                       1
        30.4464445374955        59.5940162362367        148.854315660975                       1
        174.017447465864        83.3748549359693        32.2361547550193                       1
        268.588458210059        66.3683398596604        160.831905868718                       1
        250.497580037414        109.301071743337        25.1552610844399                       1
        27.4794323200366        72.4664264566594        65.9890478497911                       1
        117.605738011972        36.0351684295693        67.7998390930848                       1
        275.774286843102        67.3297066013871        84.5372692214661                       1
        121.043620836235        31.0590877572743        13.8102422458247                       1
        51.8899804011298        12.5730588212875        147.431449073619                       1
         46.213287703079        64.4970554450371         103.24024400395                       1
        211.505140424614         22.235624046721        170.210817253535                       1
        168.455339543399        18.6976969087153        11.0775360915222                       1
         232.98560526557        45.6709890860547        165.522593504517                       1
        316.784821088753        104.567700294511        48.6434533924448                       1
        332.414395144992        50.9120824506108        171.528931548185                       1
        127.388567166065        48.0002674125946        87.9909360071795                       1
        89.3198779550741        74.4968349904965        40.3349346978906                       1
        240.301066061783        62.4303775471802        101.166953470988                       1
        127.906567658737        79.2343243043122        43.5711911582532                       1
        167.956786192785        29.6550255082388           26.6113077268                       1
        147.844257014566        71.5954116852979        42.1693707321785                       1
        111.598058428343        69.9820457221915        188.756606423161                       1
        205.725211085778        89.1527760326541         80.079395604097                       1
        66.9946681189096        83.2696922304366        137.844164108379                       1
        272.870143472878         67.106389417722       -14.0876087846254                       1
        294.656335798973        55.0192759790148         70.100181814359                       1
        169.904979677583        85.2559453333222        95.5612206964747                       1
        281.964560345504        89.7457800340106          171.3144535968                       1
        241.456648280701        85.3551689553211          91.64496182654                       1
        102.691708861874        86.4927521276873        19.9705815733883                       1
        94.4492445767819        89.7534772142609        48.0691328139998                       1
        208.139691288647        65.6222936187162        39.4367172104893                       1
        292.688514689224        56.0481763865069        102.110977619667                       1
        41.7432722894365        49.5496351513438         115.06738734721                       1
        88.8893720290789        46.6205227511618         68.184980137752                       1
        211.291148339554          74.17456386526        152.897965847571                       1
        -4.2308864005768        68.0861830880718        49.8726178743367                       1
         131.01687301687        64.0029632197657        30.3824609836999                       1
        110.139284193422        63.0051937668898        56.0764758385101                       1
        284.572127410186        88.5954396602109        155.677522712253                       1
        180.990294649508        89.2326443652712        160.648864446875                       1
        134.514559899925        64.7575383378182        152.757430575451                       1
        224.590752511346        85.9119757944066        33.8227362771549                       1
        326.530136647454        103.626288541245        42.0258334691376                       1
        293.785688411648        65.1140819894269        89.5751580176696                       1
        217.574073072297        64.2742432364443         99.442134856435                       1
        346.905245863517        11.8276166837661        15.0779338157404                       1
        77.9991599624867        98.3075109478817        25.0246770450271                       1
        104.600159539325        46.3354727685108        135.856228589613                       1
        123.027087433326        28.1591934720769        125.879430767398                       1
        135.204505965097        73.9099718436102        69.0927697005457                       1
        328.157320180857        72.0940768779917        165.474681476445                       1
         155.76794012202        91.6863709611389        43.0897595683402                       1
        159.023216955585        95.6974543694206        151.906607345184                       1
        99.6005165837588        78.1251764451936        164.988253303053                       1
        39.6167461379552        68.5022298521397         132.57694125151                       1
        228.081232960002        31.6027253223523        71.7070374027239                       1
       -9.04638092657643        81.0885171269171        33.5555352039597                       1
         280.39071510848        89.8573651363219        63.6810964313021                       1
        55.2380272381016        69.8833305281283        140.105588314213                       1
        39.3050424831924        28.0802577556072        22.3942175236615                       1
         265.54239960312        57.4944218312249        32.9094976153171                       1
        273.603888619699        86.5746401554725        129.091485962213                       1
         350.26697961925        82.3863651913362        12.9745102178059                       1
        119.354220882421         66.819049382994        109.516927366773                       1
        67.1255494010531         99.579550139447        4.67560687067103                       1
        166.133806330674        77.5978180526645        44.7278470987189                       1
        172.507236763368         58.785436880759        20.3701691259549                       1
        66.8911886382931         48.610498238289        83.9743638802375                       1
        20.0173811844333        51.0394755394642         90.852794581202                       1
        342.878077002764        73.0661727800405        39.7182454198619                       1
        193.969771207044        57.0347210981754        127.458497722959                       1
        45.3426361461316        54.5309431607755       -5.50833557406452                       1
        245.357318588391        95.7267597073822        139.946087576431                       1
        344.890298517306        88.7695635890426        103.931567142466                       1
         272.87405726023        88.0786671150098        65.8956801299198                       1
        351.352478366889        45.0111329500396        51.1183764434927                       1
        275.408465342855        69.4749393162495        26.3661559337688                       1
        69.6157840978838        92.5228258000242        50.7774675094485                       1
        197.653552281116        35.7927025754519        119.412983864132                       1
        93.6641721954897        100.129275890328         50.862212250392                       1
        345.641609106294        68.0098023988614        79.3535019641291                       1
        75.3971222917401        76.8916492620229        122.577805118419                       1
        219.710859762764        45.3316787768525        95.7045832946342                       1
        8.96698179962754        67.8233108198267       -17.8798457094931                       1
       -7.25919959412362         64.479274284385        41.9136815652829                       1
        184.848278746055        37.3698102142336        16.0881360912558                       1
        263.154995119388        60.2495402720611         49.283038020191                       1
        232.640780272909        65.6872546294373        75.4487638464757                       1
        26.6172026738224        26.2809122656286         119.40723802343                       1
        111.595427523575        90.1892212325591        132.507759334057                       1
        230.801762603521        94.7527625950195        128.026862816169                       1
         268.48725551379        56.6194223179635        117.332024436335                       1
        97.1946353232054        19.8814938585124        23.1731780732328                       1
        330.391890117263        72.2374081253811        164.630951345402                       1
        319.655755359762        88.6205395881289        69.1948612441232                       1
        257.244499801029        84.1299662307736       -8.13528837083816                       1
        234.764937601616        81.9473439262849        77.7648363783231                       1
        185.523963351106        63.1646794229638        108.837254602338                       1
        38.2367982081228        31.1310828596072        131.168659501867                       1
        283.401418593665         25.447374594102        11.8774507278935                       1
      -0.622052594907601        56.9188638489018        102.879392738479                       1
       0.651140216805939        41.5752570620256       -13.1876095972267                       1
        124.615988319097        35.8027261775151        107.675950826728                       1
        316.406268227286        39.7121959775995       -12.1109638813612                       1
        130.597093680748        28.4434686223422        39.5088014471709                       1
        70.5992552920183        10.0053248798366         49.512137879303                       1
        242.819651105862        84.2064607614849        97.7787908293311                       1
        148.871010801946        87.0328060964767        21.0858312802978                       1
        189.633327757708        49.2014554987137        87.9093310558082                       1
        15.9583023450431        75.3721574277993        141.126185620407                       1
        284.041380775199        79.8491854875735        55.0159267122202                       1
         128.90357344533        26.7303541158538         91.927874495828                       1
        273.072676526157        78.8705219399729          167.2340655692                       1
        343.489643451541        46.5640265657109        162.240810766178                       1
        133.296626639632         37.113256072262        168.046774205212                       1
        119.856822474933        58.2225392050436        30.7567590372961                       1
        166.643925140733        51.8510092842731        148.620511844332                       1
        163.355337224057        55.6446421830178        18.5721030005663                       1
        185.532323145586        77.0735611695577        81.4390318547994                       1
        81.3570484310928         42.685225617861        122.218338142824                       1
        339.416840571284        89.1355513827475        118.343693900965                       1
         255.97032617934        79.3239163112761        40.8968751776409                       1
        4.13405497910197        66.1884344436225        65.7894658696137                       1
        304.497868315843        96.6055776782968        33.2083003490008                       1
        161.392914631612        34.2769232422306        167.176695582378                       1
        238.162348377114        86.0906774189446        65.3293444262711                       1
        2.25081896325029        55.5688800167545        45.5289647673209                       1
        266.487535439263        95.3567104949798        147.450915527857                       1
        195.518826755567        69.1254533201463        97.2662419731421                       1
        328.274601417541        91.1298371972376        3.31750097614982                       1
         329.46727942618        75.1906665768984        1.39995614154628                       1
        303.510546947638        67.3987513155267        81.1549671500944                       1
        17.0725130565934        67.8178821117347        24.0803969147006                       1
        343.682889737142         30.964150224864        168.660646517413                       1
        282.020073284159        77.3831254544459        91.5892262361365                       1
         43.003556621961        62.5146327747292        69.5990577205102                       1
        117.860769037577        75.0525265001277        60.0445997700616                       1
         53.120826684443        40.6643052451885        63.8843120091334                       1
        87.3989870520646         101.33176354722        138.059177584968                       1
        107.556918873009        40.4420686790528        16.4839838082916                       1
        134.532843574922         50.738707337294        150.081199787016                       1
        324.584847527525       0.371337140778922        7.69819617228238                       1
        123.758513273751        94.7470461639779        15.1870408249757                       1
        185.875276997487        54.8451777570859        176.242003339794                       1
         254.07280516991        70.4919975089572        17.6114157916672                       1
        205.980904960652        52.2085418784262        142.275830835012                       1
        176.078162365031        50.3391312373959        176.461795135462                       1
        282.347418913263        92.3403888414173        33.1863843569147                       1
        56.3675671914033        58.0048994184595        53.8798394088591                       1
        156.074138397269        89.1322903557389        34.7075960915554                       1
        199.787997173782        35.2515038032004        163.447449165948                       1
        220.520921357866        36.0309935506215        31.6704783050052                       1
        25.0410034703548        15.5963519306432        90.5376288658043                       1
        39.8390675753216        90.6274586302552        70.3061383318371                       1
        74.4471196632126        97.7368897924233        115.755886835158                       1
        61.3093108521967        18.1979696956392        15.4145641164523                       1
         60.562126545062        61.0412014698798        169.484183403275                       1
         220.30338660739        31.3823508174513        16.1723804093906                       1
        226.507515639964        56.1973615175474        5.02726771159391                       1
        122.635599840969        72.3542380175893        82.0698875413627                       1
        307.021440678466        68.0873600100938        24.4313378814989                       1
        98.6227383396624         1.7137198557619        29.6942272384008                       1
         238.90937595869        80.8816949377607        71.3473550473875                       1
        71.8527964343785         92.527495287865        129.190126651181                       1
       -5.42836461265671        95.0130629744848        124.908521185051                       1
        159.479877793414        83.2013660388619        125.693027780407                       1
        61.7866326087064        40.8816935979872        93.7187371619135                       1
        56.1782595837403        19.4243491331982        126.807621168103                       1
        179.975067889901        72.5596878799678        107.881779623004                       1
         321.49919373153        32.3444954906982        69.1683815306647                       1
        328.667387060404        78.8798891138656        77.4836851261382                       1
         49.582620327967        58.9226852247619        84.7427551827636                       1
        331.691701898353        44.6519927550003        61.5917772850955                       1
        163.646353045112        74.3065060397409        7.64823497462053                       1
        144.682922199948        60.6010388563367        47.2233687621075                       1
        244.400128047554        83.6178265636421        137.749182947748                       1
        244.955110237332        64.5094990053415        122.148957405343                       1
        221.447775187665        34.2376652625829        175.733950469483                       1
        118.348021190532        73.3505705322442        120.204792701462                       1
        278.638041487186        58.3912529237739        1.58448594533806                       1
        144.898142921408        86.8261433832003          162.0046768989                       1
        313.236537457896         82.666860706647        100.895971004217                       1
        107.265858605023        52.9526887739521        167.238320726956                       1
        56.1789496795223        116.464034380104        55.2314701722253                       1
        95.7329845771841        18.7737230004028        98.1579938184289                       1
        190.187896273235        43.0701712541482        4.17833155704886                       1
        107.347058143439        46.6343493956618        84.3252844957908                       1
        266.647330165398        36.5065563259486        104.260838366301                       1
         143.93983902828        87.8102344330599        64.1576713349271                       1
        23.5743690588349        25.8395868565574       -4.92689270174939                       1
        5.59940276187571        58.5205926496824        183.470604963107                       1
         32.798947331477        18.5727501701731        96.7443070067643                       1
        143.655655494514        95.1850166698933        104.691011111017                       1
        211.798620955395        97.5664395155226        98.2942159633888                       1
         311.80225377414        12.4257061231139         169.31739997771                       1
        146.310858168434        19.6131704764102        157.904225808594                       1
        168.175199782658        54.8552837975565        177.563290419159                       1
        56.7220164843472        28.4932535568886        45.4865978723653                       1
        201.565835455699        17.2748739409696        125.730361299441                       1
        110.912419646503        56.1334785977498        18.7001352146843                       1
        316.615365261443         110.38851761507        173.768620833475                       1
        99.6508450459125        24.1061962612399        48.2875216260253                       1
        198.580863947088        37.5095979843373        75.8134257250649                       1
        225.491209666679       -7.52748389093685        134.406842656059                       1
        190.372601198205        61.1592490660186        156.113676217018                       1
        106.286134444027        45.1399278419193        34.1095112291181                       1
        298.524405447628         49.870125281519        124.789772592068                       1
        315.213307484522        52.8366490671567        35.9961561311022                       1
        354.645469967726        51.7253467008343        42.2067425848548                       1
        157.735989868357        70.1663302584819        46.0710189157193                       1
        122.341628783469        48.0496327175749        44.6890712932186                       1
        149.919981509887        61.7389119012355        128.480569205294                       1
        142.169862298172        84.9779218260578        129.500437297858                       1
        53.6075097494902        36.9764878854624        80.3103077841127                       1
        165.780480503097        11.3446406826427        142.268708834762                       1
        37.3383944675248        79.3892034017104        117.881859784237                       1
         354.73347527758        44.3212909922937        151.185132178962                       1
        339.499576043041         64.185625703509         44.029771538179                       1
        270.263017519753        89.6336812891095        50.5911230061619                       1
        100.563303767638        15.2131802177285        189.841862388208                       1
        102.818292989957        57.4825217754398        113.632806648741                       1
        264.159815933374        77.9114109583929        5.97800189044844                       1
        327.935856435419        76.0684015621566        87.7312425752294                       1
        355.077755182026        34.5762098126603        16.0204502790674                       1
        277.854916209146        47.5329761653401        13.2555708447502                       1
        81.1724917627452         35.574663617167        28.0455715652295                       1
        323.001341852831        98.5394763004818        28.4181223477802                       1
        316.022216653175        76.7734421267388        96.2812318553427                       1
        23.9489321793347        37.9475350679443        108.037662783701                       1
        101.677710788327        41.5364063458214        93.7332610826883                       1
      -0.851411972790898        81.7946111252859         38.695296401484                       1
        338.139445691277        63.9307073791734        52.5678856575673                       1
        98.0186526262132        40.9430534174297        136.139480482013                       1
         116.98994303308        84.9806234906028        80.6990781405083                       1
        344.767123387633       -6.06860604538461        40.3662653248589                       1
        245.797057138087        38.2481173177049        123.688720525738                       1
        123.039080556035        80.8258456439687        135.310478439675                       1
        118.146972950262         54.446525862061        118.937296427925                       1
        44.1338621373129         85.735377704402        8.56282467161174                       1
        251.155453625595        65.3599572126724       -8.21189243645209                       1
        303.965613471298        82.6372056967434        146.290779160997                       1
        174.595753482876        22.9982630921291        38.9171543456008                       1
         268.47733188082       -10.4962567096128        56.5055686554164                       1
        156.756273357561        44.0934416732836        160.966659261159                       1
        204.440240869444        104.228120349553        95.4244713442186                       1
        107.967675716155         93.632651933505        70.1573435499917                       1
        5.51008939988645        11.2085659386823        128.666107882342                       1
        143.806668395519        56.6827528487648        21.2680505694739                       1
        317.906129549399        39.6196943719972        82.2370592350977                       1
        88.1590002307764        38.0064877584174        6.18636347278077                       1
        244.628312294809        31.7298917336533        46.9259437908655                       1
         240.47663824479        92.8465225227013        83.0122662918523                       1
        98.7905760128409        61.6818439383497        9.19366310830548                       1
        86.9784281332715         16.275499533342        49.6120237645892                       1
        329.635036925571        91.3587399476299        160.639052670569                       1
        338.459024197627        80.6768159030237          156.6170482169                       1
        254.632697882318         98.794055769358        73.4410636437718                       1
         53.494765003019        62.4555012961519        110.266873820884                       1
        174.543062520324         80.352521566551        142.891977951041                       1
        39.9204757592282        70.5529031904388        50.6759624759188                       1
         307.41509903248        92.1330989857089        89.9307567528615                       1
        288.907625719181        84.9369838966706        1.08676445786123                       1
        290.308357712385        76.5334231561442        124.876804070372                       1
         101.92379106988         14.773058484877        108.902097573226                       1
        231.242357986526        13.8634352479051        32.0564179233058                       1
        318.658846094983        66.5436470776173        85.7790663068199                       1
        87.2710950293269        50.0708207608163        156.927599690982                       1
        50.8245531777114        106.706161541852        31.4104397308684                       1
        58.9599878852774        98.7960416815094        74.2672231832903                       1
        93.6327621556002        57.6168876974009        178.239546875111                       1
        113.692311077392        68.2530286081131        10.8058866608782                       1
        250.001436009353        49.0505399173418         142.93958123927                       1
         226.55748504407        84.1704864818469        84.9765719445509                       1
        249.048939513629         51.591569087548        30.1090626020991                       1
        226.051555957706        64.4160534617619        102.074472780706                       1
        74.5106285395315        74.8307676106413        33.5359188856464                       1
         291.95643033019        83.4552696664737        159.246990863699                       1
        295.876636659015         44.230968127012        192.577822490544                       1
        367.537263835857        68.5096498541298        72.1209875745269                       1
        120.926489114704        61.8658792178522        91.1296087852291                       1
        39.5204393965949        86.4470655728574         53.486840620319                       1
        237.053746040549        42.5460646218532        7.08294281440164                       1
        62.4103332094172        83.1703131926234        84.3696047170163                       1
        323.183964500201        64.6370628649161        145.789651942698                       1
        43.8871898250158        79.0753357603073        124.534215378657                       1
        236.481959694913        57.2382009371727        6.71611455077477                       1
        121.877586218293        52.7814850252177        51.9565168644117                       1
        348.572319855384        77.0245277330505        65.3081563442069                       1
        25.6259134809347           59.1712365496        178.657081049923                       1
        90.0842829691178        89.7835794181719        20.2501680120228                       1
        207.500010934116        64.8038664995854        163.904291795536                       1
        306.130234052369        66.9169137262542       -11.0515549861393                       1
        322.612010089394        47.6258993548457        151.060404413133                       1
        85.0525425093005         46.885442219144        18.6846408659468                       1
        79.3438637250003        56.4933372044282        64.9214789520972                       1
        281.888369482519        62.2826062359772        183.110604531934                       1
        337.777461762321        73.8517664046119        60.2862410449669                       1
        212.680017804196        23.4772598527322        133.696164742247                       1
        309.975844229785        98.5783831255112        166.193370053786                       1
        276.597738307102         73.638443844063        107.430984239061                       1
        21.9634897944481        26.6106685041894        156.829333071058                       1
        338.072443313726        79.0970342318051         174.33018974476                       1
       -15.4883887141252        39.7750956731921        27.2693972275539                       1
        190.295092420511        19.3101818718546        111.157967834351                       1
        138.037618529401        69.0798321975276        102.101419359486                       1
        244.972144178176        67.3511271882561        4.82369283792259                       1
        211.780901861672        50.6981129653618        56.8835804744064                       1
        123.227136700037        73.6099448536332        152.070675128961                       1
        54.4491123613976        59.0913387373972         45.021469285807                       1
         119.57748708287        84.5749446486964        90.1096483254702                       1
        180.905824525071        68.9196440114637        21.7340993755242                       1
        21.7840665925006        50.9575403962642        8.68705442386586                       1
        39.4340817146435        43.9361709940411        156.361554850575                       1
        207.733787848598        43.9737576948224        115.472421451267                       1
        160.506031624094        104.095798812544        137.449645483292                       1
         210.63115642431        62.5963494452531        132.973258833094                       1
        6.26713763560153        81.4497903786579        47.2081732105929                       1
        120.317295941245        85.7284399548357        73.4861539053361                       1
        351.480806291241        22.3076409666677        4.47462919121826                       1
        182.757747042966        33.0744640614442        147.646794065479                       1
          319.5004899266        103.430806495631        122.100553302218                       1
        106.421124611764        102.740374084574         75.528957958717                       1
        213.738963253369        28.1149169790506        154.013001682437                       1
        291.219187838022         2.9884853168286        86.6117260156388                       1
        286.888805461716         71.740451623717        66.7303433736047                       1
        194.581043522787        57.5021133107876       -3.46547801053647                       1
        180.794951689341        60.6682337451518        30.5414077858287                       1
        115.340847753548        79.6059706058221        123.900168141092                       1
        68.6361163720871        77.3924338166548        89.1006048916665                       1
         95.754402436905        31.2461458422417      -0.657147547073206                       1
        191.078437422476        30.7243303574775        148.866204246133                       1
        81.0245150193916        112.452789569497        65.4937257327109                       1
        2.90005831871126        71.0280525416476        9.49325604407611                       1
        324.179283049619        67.6693789036025        38.2206198835197                       1
         295.51124519338         77.814138722258         129.44897685635                       1
        50.8588802772866        69.3822749693479        135.624696365257                       1
        350.688486507328        62.2613357207738         147.87266779125                       1
        242.709989575489        82.2675266174343        121.841641820981                       1
        27.3577140247873        57.2001664946029        20.3064430591178                       1
        165.495396089799        70.2245524219533        32.8296103254249                       1
        269.535035254635        13.1560574576557        41.8541899839488                       1
        298.388968644236        63.0161796994011        185.963718578651                       1
         145.10122712178        59.1009364243129        36.1859491107327                       1
        333.922704553566        49.6706446213418        44.3807153557898                       1
        218.833951277165        108.042347413742        1.91919413524183                       1
        315.783386183101        69.1914896751579         65.801668853687                       1
        113.155599030024        44.6605769203681        149.139624706203                       1
        239.887888175217        92.2445265668964        106.798800998003                       1
        244.725068550356        24.0109980486366        8.75028548023558                       1
        138.469905023033        9.00957936332548        59.9293055543713                       1
        59.6263018332939        54.6301145903626        126.848601427939                       1
        142.342982121233        28.7500592193752        28.0112796683916                       1
        68.9802377718264        55.5854611688554        23.9812049573599                       1
       -2.94166216878987        59.4984962865842       -2.78985744074167                       1
         263.92957908381        69.5428970376121        44.3037651167349                       1
        121.294554663508        67.3953227562209        127.528583707286                       1
        287.906761651847        75.6462571343305        4.25249901925548                       1
        300.686909426848        79.0911242143742        86.1665821557586                       1
        281.790928405023        80.9749352884477        144.454421385965                       1
        311.093946205679        109.378141409482        160.725754673546                       1
        342.396642846221        67.0490723804257        4.25372772022634                       1
        83.9541366244911        93.2501115754194        177.862699046058                       1
        35.5154425575322        62.0139695629601        91.0861246118405                       1
        165.204869970305        20.2706659600718        76.6114274548526                       1
        192.420222230133         33.582176891455        40.7194926048774                       1
         250.23010623119        70.9659871562318        75.8509981790095                       1
        192.313054044801         25.791623006329        107.999492453419                       1
        284.316166713306        83.5949364758221        115.549769325148                       1
        27.9406092387779        44.6480044886029        151.094332251648                       1
        98.5519063149799         33.093853773128         63.566039581208                       1
        327.507650627989        13.6973933030861        38.6298106641792                       1
         191.05953297863        49.4655901609747        151.727795051795                       1
        79.4942933055388        74.3094018517105        124.341858808739                       1
        294.019732389562        64.0210250599187         17.079274200536                       1
         29.436907770388        64.9201533340603         155.73735562319                       1
        80.8544342097891        86.9121008880727         61.024060080128                       1
        106.467774684206        81.0762994670519        50.8097919724805                       1
        203.462861301801        85.8655311452924        117.594317566351                       1
         185.85169209146        39.6542066395471       -1.08535101840561                       1
        158.875850369459        81.2069741836181        164.204067042356                       1
        172.205342407987         43.763443026734        10.0666759452347                       1
         207.19217926481        44.6341550311553        85.4088222724145                       1
       -6.86249818068866        32.6822570998529        170.046980193442                       1
        39.4734528819951        78.9810633383306        63.5748980192475                       1
        368.480305469111        40.4643061777695        198.291247279608                       1
        112.603203503271        49.7241381713851        173.596325252499                       1
        15.1402513204816        52.8893000222227        125.414060308345                       1
        218.879722668722         83.481100191044        98.7972454456111                       1
        60.2732369839448        62.3761570778976        22.9796094035951                       1
        248.799866645622        71.4443660706466         129.60992442876                       1
        5.53602397718494        57.8287549068423        21.0024107492094                       1
        256.520385301387         71.845024603492        163.706759192643                       1
         261.90633177368        54.3511774780652        24.9608232323638                       1
        296.435662481693        77.9008451371146        164.607984274151                       1
        39.0922501806625        51.9064401760124        164.869880645517                       1
        66.8092779765425        34.7693917393402        72.9041413012473                       1
        231.548775469549        21.4698249126973        132.608672510217                       1
         278.71683073295        69.7497787138383        148.807889220866                       1
        185.366908877733        22.8108045709091        5.82708075873717                       1
        231.169373273017        86.4007587085716        112.261607420474                       1
        153.150039581726        76.3850525705952        61.1289273626173                       1
        236.828848902558         11.731090107486        150.790775086325                       1
        137.097545580081        73.6224423392742        42.6071274147582                       1
        252.842984078658        74.6593067100392        130.907739880411                       1
         220.46552718387        12.4374751444759        70.3942956130883                       1
        100.128297509116         23.736322706592         39.029339933857                       1
        285.262574377082        82.1109174634045        79.2668406146564                       1
        317.620513384436        77.6627662254512        148.954099831713                       1
        112.505193966348        48.7316416176993        5.70651339302478                       1
        339.474626078041        23.8417619612626        49.3891868526024                       1
        140.201448455263        45.6685000471088        42.5383205856756                       1
        127.905689744972        77.0996459762994          61.56402038533                       1
         29.666653754643        106.427130847942         163.63870213265                       1
        89.8396550245223        19.8348687762436         74.798485593878                       1
        232.846200594312        67.0830818425063        154.755450547314                       1
        207.413975284349         102.90110446571        111.231311910592                       1
        22.7184329153459        6.71314382179022        124.775389374758                       1
        264.100474546278         92.399331612557        107.858812124136                       1
        113.497020373498        25.7335679758588        88.7157319723587                       1
        290.876098538111         30.637769420239        75.1554965460349                       1
        68.1447390116889        53.1195835999622       0.367476018205699                       1
        264.647571179444        75.9625522190927        95.2355816701315                       1
          366.6954132429        56.4112951295683        152.876248079335                       1
         66.708058071003        29.8643953705313        170.248154852686                       1
        110.337783787779        21.9472310272289        22.4309864554063                       1
        22.7546091814564        58.0743354682523        141.680359778615                       1
        65.2313594413644        72.5120577650945        70.7644586050862                       1
        200.036167440935        60.5034116870956        21.1738171654443                       1
        253.855442383733        55.7895775050338        100.743894897481                       1
        249.637265697049        72.7316076192591         108.91092637498                       1
        60.1424919491929        34.2949043934408        126.853816634105                       1
        82.7287385032503        30.1525183830707        59.6932499745622                       1
        298.640623890546        84.3907545943237        19.4823246101049                       1
        310.782046714369        56.3922080374357         104.50190911043                       1
        98.4511099674042        76.5354839958951        66.0312913196473                       1
        304.294952545429        88.6270774277663        50.0093742044381                       1
        307.071769847645        51.2787976926964        57.3687638134325                       1
        322.253231108225        99.7404813515444        21.8434374057511                       1
        5.47999894642501        60.8158041866128        36.0053557917163                       1
        300.915277165341       -9.26399546911518         62.030621304172                       1
        278.386528511493        51.2937814830428        103.759532486926                       1
        246.635725470593         74.740777329439        114.601799246378                       1
        77.3155478308847         31.638359190234        49.6140862980404                       1
        269.944737651037        60.0733241764871        22.1179856225462                       1
        215.570862440845        70.6699929025836        118.958276930955                       1
        217.732251551772        53.0732375275683        5.65592076604915                       1
        246.696108540057        46.1934865781995         51.684648241775                       1
         367.91089857078        43.0544830489396        173.344093226005                       1
        142.383660374776        48.7674670675644        186.048075048146                       1
        242.780968913604        70.7087313183497        68.1187318545521                       1
        165.329407012758        23.2729992625155         183.38166311175                       1
        229.785535577404        99.2345904797185        137.907794985362                       1
        88.4993596156868        93.5441402561629        40.3535353154629                       1
        45.7077538229902        37.8341009669866        101.795634029798                       1
        290.798607510099        69.9440040990786        78.1418076828006                       1
        229.216048110997        70.2239386140832        113.584502319156                       1
         37.086235156365         64.073545738211        75.6326814334651                       1
        279.336329259261        53.2163027726428        96.2489234643517                       1
        330.424730120265        80.6091024146745        63.2966839993959                       1
        288.213177466015        89.1650954391253        7.30668671622452                       1
        143.646205797862        80.8986444863611        115.321930070433                       1
        231.176555589754        75.9303608660418        86.5801475509778                       1
        259.468834689897        86.2342054134166        76.2151015884396                       1
        18.7637245618959        91.1415452923246        87.0466507965323                       1
        129.372550953505        61.0224457944697        150.201624938893                       1
         366.51047709083        58.4392619722467        18.2459838981818                       1
        106.483063352809        40.0647499603661        29.1136266463291                       1
        224.175615548582        27.7538131510499        111.581981509836                       1
        156.751244541003        24.0678733791041        148.103936005374                       1
        154.353117296443        37.3868997989306        190.188591188817                       1
        195.920941420583        79.4950927372827        29.1563423523423                       1
        42.2317734738728        23.3118213535712        56.2438779503204                       1
        47.0814875512657        96.3019291842882        50.5581035221964                       1
        103.331926774472        66.7079313508695        138.036091617765                       1
        178.873799280747        73.2576873665633        5.47258843108093                       1
        154.078217016699        61.4873026165928        32.5956306112103                       1
        87.4398466224213        24.7474910159468        131.903573495232                       1
        119.273046430281        101.284920832043        120.306496318552                       1
       0.735012542426805        81.5075869991342        53.6801115234862                       1
        21.1091664732715        33.1614428127794        141.243648609012                       1
        140.738248071249        41.1561426342554        171.442513060164                       1
        313.948458254587        65.2134629219205        55.1075093091211                       1
         53.151312240865        31.6575811023232        32.0807753877772                       1
        351.361820851898        75.0873647761836        23.5932411482263                       1
        134.530664351283        61.6732287454922        166.908450655452                       1
        82.0725848124339        55.6862493855861        142.106144218601                       1
        52.5475314276262        71.5442161202485        38.1227059683405                       1
        144.849406253375        42.1913088016585        59.4100069313626                       1
        369.759202109319        82.7699447368954        65.0469433325025                       1
        93.9213907958251        36.6532432816687        60.1361208153156                       1
        99.1694548694041        75.9464814281091        179.594758586816                       1
        100.889754805695        65.5466613514682        46.3368756656975                       1
        233.265917475786        59.6822227180308       -11.8627940124279                       1
        327.743393436789        70.9332665946513        66.9381661866888                       1
        269.982449779787        37.0124466934628        29.2089021908147                       1
         8.7559937645949         37.931596575889        131.612788558161                       1
        91.7271595545301        39.5665778646886        160.160560359454                       1
        172.627073976097        8.67136480620322        -36.992210642195                       1
        21.8331774111551        77.6130434473568        51.1853752909877                       1
        213.000814008482        51.9165333663606        146.927195580533                       1
        359.625900228045        85.7656913926248        137.978164620488                       1
        289.206782842908        97.7841865344966        72.7372754045847                       1
        172.668630692678        34.1171796394361        83.2196096040952                       1
        295.994420100648        64.6255151801815        49.5672812331418                       1
        303.827898604206        75.0481905515929        175.958423865255                       1
        117.228551510528        38.3986758800767        22.7066955530759                       1
        195.877883433182        52.2912787350622        109.011013765336                       1
         352.39668061437        86.9224675272792        140.280691820908                       1
        139.277085173732        47.6438668519713        25.4138756845942                       1
        318.163864541276        86.4960188212835          56.44650643313                       1
        68.4181551997541        19.1247737870209        92.0491714848121                       1
        83.2007601510399        38.7354529856213        173.294194122836                       1
        338.970543777691         59.771436794648        167.968605037803                       1
        345.101730737942        96.8457573715208        162.633489145061                       1
        48.0461871454538        79.9753543929721        62.7408520815153                       1
         95.062212781906         54.245297947697        25.4316881257747                       1
        107.053715568101        82.0517666220375        27.6818231010062                       1
        134.290634747541        31.5425238177459        75.9865358710454                       1
        128.917588914647        56.1918102093416        102.865968347046                       1
        133.807064230011        28.4973525199103        55.6718778472741                       1
        46.9039360665692        54.4201081847909        67.0663727783559                       1
        259.805353613376        63.6669872316445        4.78160912180667                       1
        274.287392187972        74.5079469084677        121.959942486581                       1
        137.362523013851        90.6085300021294        143.105684394855                       1
        261.886412593744        90.8380882778856        35.3727953332706                       1
         51.093882521796        103.761847052352        45.0399307609783                       1
        312.332213875947        28.6998073606607        56.9420737767134                       1
        323.850350682225        81.5496012553999         103.85220235315                       1
        146.220228743977        25.2624397842135        179.116207962407                       1
         8.5958407826934        89.8068288734623         26.385723176319                       1
        310.407172011337        79.5235974526572        34.8006752288005                       1
        103.662351443212        37.8625250366463        40.7584533496277                       1
        116.308171477379        23.3048353809236        54.4609399819715                       1
        121.935687969189        81.9118878029036        32.5508356699062                       1
        337.970011716616        58.8498242747153        69.1244868082497                       1
        271.894860413517        68.5291316761912        127.532025928837                       1
        147.125269944677        39.5837307697914         94.633309227204                       1
        4.00434681513658        75.5150909650272        82.3369839303339                       1
        115.110760675899         43.018119079071        63.5276614207415                       1
        99.4342754009954        101.430520320598        120.261535806797                       1
        137.822951574199        17.0475735763264        11.9102103831034                       1
        32.5062005035181        81.3584713010948        72.9940961984354                       1
        142.444049855677        72.0021818464463        82.3449298390824                       1
        262.313883148273        84.2088125462392        119.431974225179                       1
        264.531666051751         74.401480549592        100.730337559821                       1
        358.874980012985         36.633021190435        113.940469387847                       1
        225.884008758844        89.9315798788869        103.090106607292                       1
         157.30173148961        42.7786654528169         54.760834676158                       1
        126.781914008811        26.2985385210428        97.2751452526175                       1
        81.4078250949194        53.6443545373802        7.66920100479904                       1
        20.9616724472017        69.7101364948084        89.1018931177141                       1
         197.44893717233        38.0721608702462        9.43214067876401                       1
        64.1816964478013        75.9347425282368        87.3559662234591                       1
         349.26840696098        75.8035100696493        125.182084342795                       1
        318.048831346603        74.9632332296627        58.5018793820544                       1
        161.214133781672        40.3719955081865        6.78196171639133                       1
        174.023194411819        52.3903697290567        163.681923479034                       1
        291.754525604844        60.0458598381336        131.969306031713                       1
        102.214812420365        75.8838287968569        107.274637450138                       1
        216.774842434374         31.123646839908          93.26177103718                       1
         179.86987960143        18.4858301537929         19.996070406626                       1
        213.075436002971        67.5619831282048       -3.95152477250831                       1
        63.1895686829643        81.2577869647192        110.927155203421                       1
        100.818963613619        71.7488420506122         126.05633452008                       1
        286.167797350837        66.9968809034444        117.638975398841                       1
        322.712342067758        60.4314279714272        58.9543615747711                       1
        200.894707280833        37.1972844612918        138.924562361373                       1
        63.4730740006986        45.9713174423849        111.098964796226                       1
        106.499064723178        65.9189192046142        95.0323635915259                       1
        68.7514909132647           24.3268031129        77.2829849514772                       1
        339.147684215169        60.6957838920103        53.5820808264941                       1
        44.3804543660802        42.6338881030796        128.125887210627                       1
        278.159129287436        72.8029843993402        168.487900636622                       1
        307.232492903604        81.9738759779658        4.74344008791615                       1
         322.09007178668        76.9042510116167        47.1572675300878                       1
        248.255485453899        82.4233734400299        22.0143668872041                       1
        129.096781828268        100.578637590825        49.7842611671598                       1
        328.306903545307        27.6322877548415        31.3505972674923                       1
        212.319349727337        23.7195840277174        103.739402824807                       1
        352.009078899152        52.5503192880099        83.5040184628132                       1
        151.869487530978         74.138739289032        26.5664288867059                       1
        298.774062336018        69.2902119524337         77.135205043203                       1
        129.676046899149        84.4129074772867        113.935913745843                       1
        280.820975195504        70.0135059138264        98.9179681624895                       1
        69.9168395953059        79.5638385743729        50.6635783095445                       1
        104.815533829557        28.5955172485165        75.9407246298423                       1
        60.5718045504058        94.0384633972649        182.241774871335                       1
        130.364849644151        62.2527393275496        67.1444618488907                       1
        32.0242838906452        51.2482843704265        81.6077266679033                       1
        72.8951611649362        22.0349753845939        32.5815637629266                       1
        166.591032289223        55.4826301751481        19.6382878804569                       1
           301.934604538        60.3589469293657        161.096738300504                       1
        136.445637634234        50.3283667160331        66.4294671275483                       1
        255.411654453796        91.0574906109042        109.694882834055                       1
        318.842987796628        59.4802014616636        158.038309604356                       1
        34.6833907460639        45.3727567466128        102.385756158947                       1
        160.970255681189        59.2646187568314        184.072915452731                       1
        87.9626655949406        42.1067866230615        78.8591907748811                       1
         119.17427795318        86.4745546474897         132.01045807398                       1
        120.784751695681        82.9417656474352        186.087542149343                       1
        253.519859108531        62.0839447758632        50.2859283415617                       1
        163.755977021917         60.447094461728        71.4659503183678                       1
         114.88746959149        26.0403262814866        18.4087083694613                       1
       0.396876987598942        75.7738087669464        39.2500757747163                       1
        330.596169131503        59.6534098675839         36.447405432079                       1
        328.140303091235         92.110801700754        49.2967159984606                       1
        203.632196088142        91.7378177416953        51.1157266501962                       1
         308.11877853967        83.3409700466708        75.7443984789368                       1
        153.929357359945        47.3935506428341          42.02444700288                       1
        285.662891755838        93.4582772078288        64.7154318073389                       1
        89.8084530169675        60.4616534610789        129.926606015187                       1
        264.305293980963        106.771674669271        117.310182251035                       1
        261.535219877877        20.5122019307284        40.2326653745765                       1
        313.823591565277         55.547879868467        176.975867162599                       1
        220.155692850431        50.8857299316481        156.266687205263                       1
        166.240107249167        74.2576541946457        181.912211530781                       1
        333.925608632461        43.8273807209616        46.9245947542752                       1
        94.8413528986147        30.0855043252396        11.1029364738894                       1
         68.530615148046        40.1173660716236        149.879829793717                       1
        282.894500446531        60.2427105661478        137.953194436484                       1
        331.528061543523        74.5674988640927        40.2026171899341                       1
       -5.33399805524789        50.3960352726502        15.8628223975167                       1
        346.633120680521        73.8736254324296        148.285637815344                       1
        364.193306787009        98.6367161359753        54.7428308248832                       1
        45.7492387998867        69.8363465965759        65.9868229990497                       1
        178.508812156326        42.3599135279085        144.550477978112                       1
        150.201536846037        67.4621452887418        113.458430811676                       1
        256.879974793315        20.7151350766071        5.17255082710937                       1
        51.1750265915698        116.367428198497        56.9308920604469                       1
         115.39008864188        14.8936688688094        22.1420779593756                       1
        147.966459730813        65.4512217313059        166.745071385028                       1
        355.332658813358        112.599283249701        137.406455129828                       1
        128.767625463865        57.2753514531628        63.8753680160643                       1
        292.344608710381          84.25458653518        170.008363998811                       1
         49.600193728135        45.1614946236901        49.5437955797558                       1
        268.434704335226        70.7198892182503        142.209851072074                       1
        162.991268148589         70.462698607338        16.0336489769575                       1
        169.070808439202         83.563606723089        170.361089520397                       1
        108.037908059617        65.4890527339684        121.426141173402                       1
         165.33301042557        33.3831799711609        177.077028543078                       1
        321.168403503549        58.2791489247442        5.21347411284821                       1
        32.0346232473895        56.4656828274486        44.1490023678135                       1
        295.628047521147        16.0395573170042        74.5656006961355                       1
        75.3294818478767        99.2205260843782        116.538791952011                       1
        13.5969394021047        71.6492525334668        152.229887004162                       1
        335.244961865361        16.0784286740493        44.1165013636629                       1
        181.811394984422        56.2889867404428        5.15163524047389                       1
        111.650670191576        28.9359010432278        93.9678337357378                       1
        249.328270505453        39.1517667282871        63.2412081639877                       1
         87.037090344256        59.2508076509012        35.2152937000409                       1
        65.7615484360724        58.3070981324856         53.857902533061                       1
        74.0631603466699        92.9960209144459        122.464736982231                       1
        130.041334207686        57.2227285256759        182.195173416695                       1
        85.7219049841411         36.320491910576        42.1566630670922                       1
        151.823037539453        30.1210683012474        37.7681398809026                       1
        167.921911815378         13.394828151186        76.1832259902636                       1
        148.164005488913        91.9564132026249        96.5735394829477                       1
        164.537139051717         29.968634313709        151.182737308254                       1
        210.922456702199         82.477153251822        2.32093485310703                       1
        177.425045569365         15.875336308677        48.2678031236518                       1
        341.271319324728        44.2866780847798        126.106946000052                       1
        119.223836139496        91.5509468183086        100.059955770631                       1
        207.950653367011        38.8565602834581        167.526836999282                       1
        264.710448635364        81.2592817905698        50.6082971761372                       1
        152.534896643914        74.4349414206149        113.933006073116                       1
        240.880502584244        88.6660821528368        57.2484899595254                       1
        165.692259082456        9.17729778398127        150.058225883502                       1
        110.234385508413        81.9650539330174        177.053904833395                       1
        148.178976714672        56.4887985529587        161.496756131484                       1
        22.8094215469705        67.9098845767237        8.25249516710711                       1
        268.889880741739        80.4083029744595        76.6368025370261                       1
        228.529317393481        24.7046942569339        79.1560294165562                       1
        136.726724973909        86.1086192965108        54.1165430210988                       1
        312.702286227567        84.8119044367632         129.51527843238                       1
        72.9694317281624        61.6909780831838        93.3745905024556                       1
        256.488542241636         60.116150042492          80.78493034594                       1
        78.1503223114579        61.0915516388679        116.360771491506                       1
        140.921059420272        50.1773060217065        108.851844891334                       1
        263.968660757938        102.866991486378        82.2168002175053                       1
        15.1510244503694        64.6219281390694        19.0145844109401                       1
        150.837589657569        73.6998320910967        181.510519377085                       1
        198.534739010205        56.6599626266647        116.109175521168                       1
        341.873296955984        93.6534169300789        62.7627015755019                       1
        26.0485329094024        33.3810346750991        147.657313646613                       1
        177.804221266855        38.3563866679966       -14.8929215991034                       1
        17.5953072836757        48.1056037078036        132.628938506033                       1
        98.1588303910359        54.8379777231298        24.1324494622535                       1
        302.244799868422        64.7447374795776        138.992255646589                       1
        162.897487423608        72.3199070522027        25.7609915056707                       1
        226.675002620875        76.9415222412151        117.053024747531                       1
        66.1427016255928        38.0547157833379        38.6215842469348                       1
        291.381842167544        80.0370650313822        147.173372794526                       1
        12.9827693163694        46.4510159167032        136.441970486946                       1
         226.30882172417        45.9563419974882        164.370971451186                       1
        115.831401315479        27.6793764284549        42.1746746753096                       1
        308.329467846257         75.732786940463        111.683274646702                       1
        374.534710476461         74.154800382002        31.8396835932972                       1
         189.83721967447         85.124519969585        98.7700525094257                       1
        14.7895948282021        108.417398917424        20.0337589430708                       1
        225.213616430496        46.4252084599746        1.54777030455686                       1
        311.477711223478        46.7214242002306        9.88081147112023                       1
        279.698771284345        90.1762846223174        141.930871819954                       1
       -1.55174274501968        80.4478696871637         26.217794657434                       1
        86.7630218275207        70.0361044458606        14.8882720653357                       1
        159.370005220043        23.7524405707627         -8.934664345813                       1
        105.243815029267        48.9946607207821        159.697692217428                       1
        128.839347156155        43.9094625623468        28.9212164804696                       1
        18.8800169087636        59.5862851180729        167.798359097102                       1
        88.4976958623355        39.8604839815537        54.0464261762765                       1
         84.121377703041        26.3772803942576        128.755084028613                       1
        312.627459529175        102.371784091815        48.7608031665057                       1
        57.0298401577604        79.2894958657441        98.8691058062707                       1
         262.23876493062         76.835446302808        155.680202544046                       1
        120.708778738568        64.2881011625507        169.947828826688                       1
        302.496374349134        76.1446276587484        68.5825196005971                       1
        42.7031553949527        30.3752821142115        75.2002886459478                       1
        296.777032528642         75.201022466827        39.8678180501786                       1
        293.428876059319        98.7938145325556        130.908405067206                       1
        136.967248672695        95.8129167396952        13.1038542413143                       1
