TEXTURE AT STRAIN


B  200
        232.251774304302        42.3719018130136         157.68789387143                       1
        365.915542031661         54.585995308923        111.974264824548                       1
        103.958493051713        111.149532105982        31.9575682348263                       1
        269.850808599135        33.6941223931151        154.793168741014                       1
       -2.89624497808261        74.0381002949897        55.2822035492632                       1
        243.894346643744        86.4270037731138        55.6846745951023                       1
        58.2006138706757        50.3549316584752        15.4336891220171                       1
        213.939021098334        37.8226087696914        103.323924630612                       1
        295.411119739475        64.4170492846032        116.919584583456                       1
        173.512572968268        98.7480387980668        179.075051733633                       1
        184.625328579157        77.3904693729181        34.7342294120018                       1
        172.991341478383        41.2279620930686        37.5316818026453                       1
       -5.35450232636691       -18.4445835584617        146.067097487578                       1
        14.1122977582127       -10.2136009011917        115.475881307232                       1
         205.81021750467        53.4701159705584        36.2942372450814                       1
        319.865104159413        68.0494877527088        162.040232260671                       1
        105.135608806765        84.1360461610201        56.1623509517821                       1
        322.568362559795        53.8220104247029        27.8516679115675                       1
        71.9661757385772        57.8128494448892        169.249861172523                       1
        167.455481195273        81.0378105692821        93.9005192013187                       1
        251.198876583158        34.8488336909423        64.8025837256682                       1
        231.204362192738        40.9867403016972        205.216066293474                       1
        174.897384854391        93.4345267440842        -22.329396654735                       1
        8.72333230289757       -23.2753332436789        232.919199632567                       1
         187.26039987852        61.8737516929414        39.3859441573373                       1
        173.564272805507        34.1590219242385        157.176800857465                       1
        121.147391358905        93.7049340729935         44.626448322383                       1
        262.706905928703        52.0419486078884        83.2138419294646                       1
        245.300728635989        46.6785667267303        159.179774447462                       1
        183.090972644199        25.6314181111057        74.0785101654262                       1
        45.1086984911523       -21.6310179477799        277.732986376365                       1
         254.10616892036        12.4821721001613        216.355733785713                       1
        279.982560133189        76.8187796237049        136.087974411058                       1
        178.269390459869        29.4820187997955       -47.7889265215873                       1
        261.805087181606        26.8658836820059        177.677737872248                       1
         358.70349960779       -15.5113268227676        94.9056701915618                       1
      -0.513326345301194         71.580865853041        100.029231104757                       1
        158.873534607953        81.2455992369168        21.4409559367215                       1
        285.552783187106        52.7806476283314        138.474500145515                       1
         10.022539386631        33.3355575432413        104.151559662947                       1
       -67.1365991753611        49.3961210599537        57.5512729601975                       1
        202.215528868138         37.910449101408        52.7214777775132                       1
         144.69088972505        39.8573532207685        44.6479005884776                       1
        41.5785601262566       -61.9731278023345      -0.716068293029563                       1
        147.382627170109        67.6518959501416        35.9619577320294                       1
         381.08101278528       -38.1985290701029        31.4190409569132                       1
        110.539916055197        97.7034042406862        100.622335140898                       1
        171.756391388319        87.8110464684676         73.175931760395                       1
         133.05557511907        62.3291815702824         -11.90016187181                       1
        184.924023658972        85.3806766479596         136.22854268778                       1
        181.062101214067        90.0892062328739         88.304741523773                       1
        189.612570774702        66.4005903086769        58.2898545429626                       1
        224.138746622421        58.4380551882212        43.8964951710516                       1
        208.761928086739        49.5470450942743        25.3153525523941                       1
        170.151534724672        97.9738864002902        18.8115605168382                       1
        270.609112685688        49.3089507327455        33.4936130456988                       1
        340.068938784109        84.5754970932051        129.963853806127                       1
        291.174090855332        31.6467252167417        206.322012886612                       1
        293.062812005403        54.6914449965015        35.7709115544397                       1
         211.98628141187         33.613861178942        66.3265873556182                       1
        185.806326073907        108.303996049081         53.970676756701                       1
         194.26590969028        36.7786137322864         2.1837448107679                       1
        187.559340040915        48.9051150984038        64.1047150537652                       1
        171.015859625115        60.8249884914978        34.8685332663526                       1
        134.088223354773        11.0259118992813       -87.3811190341915                       1
        193.020026233124        90.8499864596561        164.344677457729                       1
        196.519437597442        93.0816627561968        8.16401395951276                       1
        216.413882106461        35.2306534967397       -1.10752506367927                       1
        224.060285206762        21.9946811633269        337.737478689994                       1
        204.066690226623        72.0474347956791        52.2686691691772                       1
          125.8028897662        77.2779899963568        57.6494449770836                       1
        349.420948202267        64.3307001058393        119.831117730876                       1
        150.779512265373        21.4510066419025        47.2560111648433                       1
        340.216437509534        42.6573542812293        121.779357498049                       1
        198.385448444966        65.4811213801366        18.6581918671203                       1
        227.990972009564        42.1950618331801        182.489358850901                       1
        223.119365378507        77.9451786674856        192.310741019993                       1
        243.308963999891        28.8044528460305        88.2867604714512                       1
        352.644164455678        78.3700619061045        142.382002724385                       1
        203.450331531562        45.8251988836125        196.857695233324                       1
        123.099824702583        20.1461773227588        10.8429677694342                       1
        163.063749026532        113.644166568195         179.93037793138                       1
        183.993213404147         107.47225593238       -5.85476977832937                       1
        214.296952165369        72.0356544908685        29.6511056437775                       1
        97.4495608947472        108.979416526518        71.2878702139757                       1
        160.565087189866        102.596946646005        75.1882081010376                       1
        324.298914334369        94.4639247623078        140.213979374863                       1
        280.138778023912        21.0608905706194        199.499210065681                       1
        367.582036313658        46.1056895949941        125.560860784634                       1
        164.923121444882        83.2319124225639         38.820209812275                       1
        375.915704372774       -23.1498835890216        24.4551833165166                       1
        351.791876798044        58.9147505919354        65.1415510501609                       1
         294.30884754568        30.1961551767959        112.991207638663                       1
        270.989161767864        64.5702928086329        154.804258545399                       1
        143.289008268796        77.8669007096534        7.02763200732759                       1
        250.186722676762        93.9328123506583        81.9476684162561                       1
        124.297045235531        58.7152434503803        45.9895040988959                       1
        40.3119981925904       -22.3996182932996         210.36465178564                       1
        51.0936663705383        87.7295399427692        112.285997895553                       1
        174.587034979635        73.9416163549398        54.4079181456449                       1
        218.689034082962        6.58822165017662        112.926866978575                       1
        340.405744032965        63.6498049142362       -20.3853140317603                       1
        31.2985575716384        90.2259330107238      -0.281925394950859                       1
        227.352449957244        35.0801716902432        187.020037666648                       1
        68.5862354198756        83.2552183667067        139.141518638448                       1
        229.253522192673        86.8308350355982        172.578889035699                       1
        215.595045075751        44.8816444180617        181.764508080963                       1
        167.176357603044         100.68086593976        54.0235147492236                       1
        277.045167703531        35.8509294931517        237.694022502005                       1
        28.7618569319941        104.464644080093       -4.94933824617101                       1
        120.206597829121        39.9056677115025        35.1492789533108                       1
        56.6545968942436        62.8215832509883         43.310330490677                       1
        230.696664040272        20.6068064824812        79.4988216329588                       1
        142.065318025308        77.6005407091766        24.3830949837869                       1
        375.854411184018       -35.4744486329629        42.6435658112755                       1
        104.641143654556        62.8300956144742        76.5172930650089                       1
        121.014434421233        135.848590191171        61.7807646310225                       1
        298.775936303924        64.4478388503126         133.03113148605                       1
        198.241707939875        61.9432831920023        42.2377914209912                       1
        246.076758464459        87.9199859176148        65.9142552811249                       1
        97.3512602395224       -47.5402014484389        118.483663510755                       1
        184.937249261302        32.6579586781243        19.5228793619486                       1
        192.665159832625        33.8210251590675        39.3413569652352                       1
        274.717642276769        44.2771439408364        136.673913717066                       1
        184.922911602168        19.1685368471891        110.842922098349                       1
        158.470428941691        31.4184002762857        -122.39389501791                       1
        199.185421165691        21.4249365190512        130.611134865795                       1
        254.441671413146         73.618631927803       -41.8298029740651                       1
        79.0938084845372        95.7235759321314        126.978894251006                       1
         147.52684536165        19.0255743285048         6.2254579485682                       1
        126.208934603448        76.3754924211699        31.3906730271563                       1
        159.924599885666         34.545121347719         76.824937544319                       1
        88.0103870579892         94.882760036595        110.337604102748                       1
        156.995454416454        86.1325342496125        34.4328160882768                       1
        163.008059842016        73.1227977215676        53.0100471627084                       1
        136.152148827789        27.6439305238986        36.6685887012616                       1
        252.250681793577        67.6896246298192        156.791133834226                       1
       -3.51009852591679       -28.3908086434222        40.2796838569776                       1
        67.6430065449149        69.6819856365509        156.933520775451                       1
       -42.5312734387852        22.0682727329304        110.143212878557                       1
        57.1220318830422        77.7388150252443        55.8351135481897                       1
        207.590739807711        52.0614919987837        35.5798317837695                       1
       -124.326279125122        16.1906003819285        176.560463710609                       1
        86.0559671493077          95.80246895004        15.2508360108386                       1
        337.857145549223        70.0874947087598        141.627196185668                       1
        15.5322437365772        103.891611518604         145.97912543603                       1
         216.05148841907        51.7493716317878        193.812810038212                       1
        303.797818170215        39.9409285060624        139.953579346143                       1
        50.4014799921291        76.2723771267305        1.30858163455167                       1
        267.570669965964        67.6723551823561        145.190869356745                       1
        188.683953615535        49.0878547988364        193.557505145987                       1
        326.585319777977         2.1712850719459        172.333392498118                       1
        310.860660142784        82.8092173508414        153.011065569088                       1
        225.740074939389        23.4356765424794        298.812418785465                       1
        2.01595601065029        95.3177866825451        121.703156566878                       1
        153.213432313359        95.3271729338014        24.2265162255419                       1
        193.089316949533        80.2574946497194        71.6494852648371                       1
        64.8455461369076        73.0640150088576        116.997107568813                       1
       -30.4316862594273        80.9488940495643        171.593588059012                       1
          298.7476713695        104.235673288787         92.806495314538                       1
        326.202160792244        78.6168469683168        143.224435010258                       1
        59.9564702817436        38.7170978269337        5.13118698688583                       1
         253.84206612146        30.7249863361403        47.8983980420655                       1
        246.896842174876        50.7741750114915        177.521033212112                       1
        50.0735381536123        59.9666867210167        63.7563544603432                       1
        224.535005493479        56.7721657332385        195.814652352669                       1
        14.0964196999863       -7.68321185681377        11.7042363141561                       1
       -9.46356019464385        56.8157465623808        129.303533659674                       1
        227.893757986843        30.6844060828917        192.540807601323                       1
        134.141936023817        89.7076487270518        21.2963803330805                       1
        163.061965279086         87.409399778494        144.792481858676                       1
        8.24669529556176        68.7890963021101        163.685693890993                       1
        275.640335836474        59.0172411110008        126.153859164863                       1
        61.2823425395106        6.83055565412977        127.602930152362                       1
        209.349165599285        28.3205057274492        186.971982719856                       1
        331.838860219004        90.6304894068221        119.396207139775                       1
        191.421536261475        46.0674922540327        27.9695662107617                       1
        238.600305084244        78.3241890480044        76.3017754829812                       1
        178.931780088457        68.6515599910424         79.827226120184                       1
        185.293319316499        76.5885610222794        19.3417882131511                       1
        81.5839723441998       -14.8075863234796        131.561953943129                       1
         51.250641307562        108.728555514644        71.7585373458399                       1
        340.509714440389        77.5317686960685        81.9207273154181                       1
        186.187213779033        57.7457977850428        40.6033918857911                       1
        365.496479165037        83.8795628063688        109.063845212109                       1
        82.0370078408094        76.0973305492972        124.534460883656                       1
         179.80994408529        46.0700284844863        56.6252185522692                       1
        34.7895836559472        44.3336242979818        92.4739522228129                       1
        188.795715413757        45.2799016916487        29.5553013644834                       1
        194.660625995071        93.2880117281904         94.513490635975                       1
        27.0283703707978         104.02496288442        162.933809325322                       1
        173.821862059058        84.3076824514687         109.35960873392                       1
        354.165087456425        85.6117428027703        138.039617830464                       1
        165.932943978363        46.4318632628141        60.6731614701962                       1
        206.359491898337        58.0951857237417       -6.67129734661094                       1
        256.209589531487        33.8345215927877        148.184753613357                       1
        315.979819998615        13.7603158569724        170.644278134749                       1
        90.3422066382722          -18.4143469145        51.0443221088402                       1
        214.179107351606        35.1619857606818        85.8931539684321                       1
        203.353253887815        59.4787412312726        18.7719254023405                       1
