TEXTURE AT STRAIN


B  800
         261.52139424265        68.6242441692672        121.483517968921                       1
        10.8078906945205        57.8424347027221        39.3613214662712                       1
        138.125757738653        8.11040796564574         151.00761702716                       1
        350.335850199599        41.8695918038433        24.0450775693408                       1
        143.965206278748        59.0517761667728        131.432058344675                       1
         46.368927060857        4.64894588033586        121.216633540179                       1
        170.426973277229        75.1693002862182        67.4542351641257                       1
        20.3039993426443         72.101437235109        158.234347750189                       1
        93.5115530705772        19.1887564281738        165.007918438695                       1
        231.558749514541        74.4480320823787        118.537053965301                       1
         244.77480394611        106.339594679817        151.714513473646                       1
        96.8677686640755         103.14658999125        15.8201400619998                       1
        239.648538040046        60.0140251569483        84.7143532651325                       1
        69.2276994662876        43.7555961962159        37.0263955008839                       1
         231.07594446138        10.1287039143964        101.517581015241                       1
        227.396272334757        50.9465057865681        102.664787283781                       1
        139.677004347791        87.5223749116631        78.2382712652662                       1
        278.618142769518        46.9104133324235        12.3693869714514                       1
         151.80874740904        41.0473586883999        130.986116930368                       1
        158.903251450927        64.0154304484647         138.10914682589                       1
        163.953054104598        93.1191158085212        6.20497534609654                       1
        89.7020247274417        59.1952754548124        90.6191161309594                       1
        169.954879766227        61.6683477173887        123.309048230116                       1
        47.3423491659147        50.2285727167671        95.3296577146562                       1
        152.550033914413        77.1600993661247        116.349092667279                       1
         240.20670165601        68.5278038660687        139.354347526365                       1
        155.973705668572        24.9491812542552        179.208545187376                       1
        204.157840768909        58.7499260567629        9.71137081392551                       1
        187.412505894042        59.3221762128689        101.107655284386                       1
         258.74907072915        38.9963028739239        16.3681176643168                       1
        177.744263019676        60.4664242577955        28.5937173858856                       1
          333.0969966381        53.3826173000882        161.267213658898                       1
        186.073694850683        94.1179372516738        26.5940424637689                       1
        193.339973554038        57.7575188901722        11.0272031688529                       1
        235.477405989561        87.4748652370026        127.777997993248                       1
        98.0689682965774        80.3662626123205        33.0605657921866                       1
        344.679337088433        47.1181124930347        61.9413086655232                       1
        290.606123380532        51.2118962539151        45.1940133173924                       1
        163.758378811945         42.873834293794        152.540647436389                       1
        153.982992377001        54.3167318554124         109.91052417457                       1
        27.9492581004999        39.2805391152254        15.7056971699202                       1
        28.4819266347899        65.6730547696158        114.613966611881                       1
        254.979722883665        33.3837528636998        81.0446442127569                       1
        287.747377470728        24.3147606054868        5.98085784295994                       1
        32.4962758748145        13.0395297131607        29.1069531190381                       1
        14.6325687360534        44.7636928324825        16.0602426349451                       1
        119.990009961873        58.1938402755925        75.9460745171366                       1
        341.982329980245        75.9668350814411         65.895452405226                       1
        154.174262198382        78.0468881966455        62.3757895282124                       1
        72.9422426844298        64.0154667225444        92.2823085434081                       1
        245.052595176866        40.5222000564138       -12.1262781805038                       1
        355.586478514702        82.5185144878705        134.266618077522                       1
        33.5372219488726         12.940282757533        129.606032087012                       1
        95.7520071810852        66.3153256635495        95.3829285938116                       1
        130.863587390904        73.2230004740349        140.984153474227                       1
        135.940307523166        95.2030926204842        17.0095713546656                       1
        301.518133852665        96.6916065787569        155.361866288375                       1
        304.718686703268        23.1145947622984        119.825117749979                       1
        279.414853342854        94.0046304213632         117.54544582476                       1
        188.055765861888       -4.81553386411392          70.87549557944                       1
        318.101347337934        70.5792098380739        77.9850673742906                       1
        329.927609437233        70.3417401342424        62.1524201908912                       1
        280.399084845534        77.4349485800723        20.7447390343658                       1
        151.700434485757        95.8148275633928        58.0039267109378                       1
        155.208303698474        31.5750958094883        122.783110308071                       1
        318.663085689642        6.03242762682531        125.693376631931                       1
        351.937730215145        74.8164719126083        144.545807553636                       1
        340.367000658114        30.2667250182096        126.559492363232                       1
        75.8039222888628        82.4201362695146        83.5292519692617                       1
        134.849216750018        69.3685679681445        46.9113257418198                       1
        34.4557055337704        48.9284689080871        24.5065815867149                       1
        194.011793205891       -6.30449561482115        101.087047632388                       1
        353.765257762628        42.9490876520178        128.079906316823                       1
        147.787006832818        34.4261048369124        106.842406399783                       1
        268.375405596554        64.2390921077035        147.601307549808                       1
        347.236321359786        11.7312047715914        83.2738823255727                       1
        3.02776391984111        60.1577145242006        101.933344275047                       1
        326.457777992378         63.426419539889        150.989653274358                       1
        13.1085659284431        53.6825301026284        29.7027403776021                       1
        337.218804900632        32.6363754687705        151.084610721315                       1
        138.480521948919         103.95645053369        99.8539035256393                       1
        209.533109018488        6.09736216382688        50.4387120216231                       1
        283.528976100179        40.4595957783537         31.368409029297                       1
        37.0277804270756        72.3085735066483        152.809878813387                       1
        338.809087478341        76.0856749626173        56.7631116632179                       1
        242.521178562463        91.2865356296835        52.5784988762883                       1
        77.1540178872916        42.1809049174743        43.5218329168277                       1
        240.907198780443        54.9809829466838        118.424353064363                       1
        214.734201226866         65.645064247115        34.3998302561214                       1
        49.6362215911439        41.2801389519731        57.7532527039443                       1
        261.384189286133        67.5100980830266        34.5760389444577                       1
        85.6295745273878        54.1639904902141        2.19601124909793                       1
        152.596642900402        41.3947465234585        110.837742678273                       1
        119.305817030596        48.7941175600042        126.951655656921                       1
        38.2508361692531        82.4755160411288        112.048968523109                       1
        326.113310306192        34.1519562720711        108.166582150959                       1
        20.8676663234023        78.8725937770702        136.616432749594                       1
        16.0071699222695        54.0273593180811        113.320431633892                       1
        291.939485423401        25.0036717229148        167.443942890096                       1
        182.541073089142        90.5168558678033         61.427916832194                       1
        342.649453345832        86.0483503132346        66.7637908376325                       1
        251.195353147512        50.3165430836182        51.7820631688603                       1
        9.71765515980034        87.7437433371063        49.5181417313733                       1
        35.9345723545069        53.5356944320508        165.680647266937                       1
        180.607621190483        90.6226481417173        98.8961349989146                       1
        13.1373991631416        71.2843569570294        49.2365929783098                       1
         190.94434178878        51.1180886229749        66.2931103442077                       1
        282.294645952552        59.4205493586579        14.6263681764831                       1
        81.6877062581102        101.177643838018        204.490957970833                       1
         173.32786647707        30.6661156981127        69.4079590425992                       1
        41.0917135402471        72.6966342549499        13.8320313398683                       1
        2.35394275660699        106.321619380059        38.1128860450775                       1
        127.835311532299        12.4159419322392        179.095490403706                       1
        229.468254205312        96.9730054426638        39.4389025060254                       1
        88.9074256037445        26.6750113569996        190.344792688885                       1
        259.802053663246        47.4677062844041        24.0741411859737                       1
        136.426184562378        95.9033332998743        150.161262682278                       1
         343.78132947502        58.0416182176768        149.345363933577                       1
        40.2879987499868         63.830539932392        97.4834693482983                       1
        158.996193908042        40.3967718764586        123.242459430448                       1
        179.017299563608          47.36698229743        54.5588312648844                       1
        49.0106043269392        63.2558374908015        51.0630855160938                       1
        295.988832401701       -8.82434149033067        70.9667487804004                       1
        21.7201863027382        75.3167606535395        74.1734415252546                       1
        1.12201145314332        62.2195627613749        160.005050814167                       1
        347.816164187681        44.5278644034247         146.33149979323                       1
        312.294990489097        69.8147300402508        102.269527283766                       1
        198.757082090731        33.6059939562008         4.4271327710848                       1
        302.407192052189        74.9676497113263        68.3985819467977                       1
        102.911347063064         82.644451151987        77.0803689521441                       1
         232.41526245936        26.2109093959328         33.805221333483                       1
        351.174650155413        68.1256451479186        98.5372125573813                       1
        63.8463660697518        58.6653686403993         29.340066765606                       1
        348.039898000395        24.5251881745823        181.108202229054                       1
        252.794054760395        71.8033878634996        63.6170108845359                       1
        151.806585444631        90.8589004131527        20.8111378297768                       1
        231.094051687825        39.8413832140211        36.8256536280112                       1
        184.636167451556        100.214295205935        182.899723641731                       1
        106.523237045583        74.8667417012464         80.997689197307                       1
        342.883985628649        59.6613961089849        132.371207876204                       1
         167.53243300787        51.3185546021948        134.593570971615                       1
        328.188445458872        50.1357090643863        145.359892374705                       1
         226.57894774919        84.8507569210911        81.3216625420932                       1
        267.524263146036         63.240010346967        107.271201763905                       1
        91.1812534578951        78.4864429718353        163.034263547888                       1
        237.461818367931        27.9306854300987       -5.23041781496873                       1
        109.043550404503        61.9289144834124        173.107751008091                       1
        192.898058803446        25.8236524251634        128.246342459416                       1
        156.879226998433        100.864407695265        57.2506094711763                       1
        95.4938402303401        100.322367118204        7.05523038262643                       1
         281.37742833984        21.5270847208607        67.9378953372455                       1
        317.358981882649        22.1406232398696         10.328238723493                       1
        99.4609689440969        24.3884450082967        70.2927886381031                       1
        87.4175451998573        44.9704856723832        6.52420074782064                       1
        41.5940276958431       -5.73240049992946        27.8460356095264                       1
        73.7425838218178        13.9040420554485        135.770981023482                       1
         106.33419294753        45.3139709228325        108.227258928363                       1
        208.651680140405          73.57805221639        54.3996011310678                       1
        354.967203371906        61.8015861114914        96.4854466139444                       1
        248.637174806419        38.1730140434856        113.075818631444                       1
        -6.3335846867343        18.9000990301716        152.588392718491                       1
        322.632173164075        66.4088465035272        65.7198241067662                       1
        147.021686750312        13.0170258191792        151.405522342388                       1
        209.295906549098        42.9436855026294        46.7182783077187                       1
        57.4243977009311        33.2183955744741        74.7598968397123                       1
        256.075868390016        52.8502205971536        38.6264907349626                       1
        155.488035946046        83.7702364118737        92.1375732000615                       1
        355.151637351373        80.4179554516848        3.51734635398552                       1
        122.026731035086        68.2683468694567        63.2281462065896                       1
        179.370504997039        38.7927817821683        99.0946049213523                       1
        284.057483353601        61.3708666689461        18.6806858101287                       1
        179.024338163394        51.5264935772115        7.43983462868745                       1
        74.9942698741712        61.3768808622115       -6.80569256557862                       1
        2.26474143579428        38.5899579254722        106.764880547934                       1
        46.6936123776589         52.402285226588        17.4340380314028                       1
        284.958302456385        20.6699570345076        38.5704436679057                       1
        264.534446420301        18.4560477927367        153.384278858019                       1
        311.983198153287        58.0864248548704        96.0805423384925                       1
        359.325828785611        56.6013437088375        23.8959059955608                       1
         82.192464149267        74.0281157206039        98.3456704374933                       1
        133.971225137429        94.6931166248677        165.579511528225                       1
        118.594315898551        57.4532407403559        75.7994066499944                       1
        156.480368595672       -10.3294792930131        42.0358194301878                       1
        293.689923010695        55.8901417075624        33.2736477603272                       1
         338.82800807248        75.0710810065943        84.9248348403593                       1
        300.179242689625        104.738653170793         16.887948001377                       1
        89.3092998158872        29.5069784683355        45.8112723542727                       1
        232.941268467642        55.5096012252551        107.787734512092                       1
        270.424796393554        61.7421618752819        135.833003206099                       1
       -12.7020630358825        70.9612460100058        155.547364185848                       1
        29.9357948935151        52.1605097126099        124.195236436414                       1
        295.069873446358        46.9104543628655         113.84508585379                       1
        142.698975020707         65.875789425882        64.3481984741787                       1
        168.262894722916        70.6691890557742        92.9645867227421                       1
        98.2201217412483        102.848981484573        134.876788094238                       1
         294.71943655448        65.1780004021955        7.88700505488115                       1
         104.18502648317        62.8309939134195        76.2700841761543                       1
         327.96368442462        19.4362800000607        23.0011680513931                       1
        333.870628909495        72.1722323750853        87.7927717719504                       1
        328.016788071809        11.2058307145242         107.68184631569                       1
         284.37008123763        22.3303562810517       -18.1622010936228                       1
        12.6389013403975        67.9440428218874        61.6854269701721                       1
        162.157787955175        64.6454094166972        157.827759757506                       1
        170.370932730897        83.8487195633597        2.47899265741821                       1
         366.98334048769        53.5688428939228        98.4546265460358                       1
        141.996402323557        43.3042939888397      -0.234021008468234                       1
        296.324815306399        77.2560500622716        30.0391253669125                       1
        336.907214283199        83.0322227498178        88.7197055025268                       1
        43.3363365763426        57.6166188153212        5.51717455047596                       1
        235.974062681331        63.0581589620462        51.4969282276099                       1
        284.616574754053        78.5236218061511        95.7382372211897                       1
        333.697709120538         47.220885564348        59.6763831288841                       1
         337.25604048244        53.8143703426638        73.0488363860195                       1
         323.29999023071        36.2358206087586        77.9547763703487                       1
        21.6872603453102        64.7246648430091        146.041833898386                       1
        77.5959921920304        60.2719812295861        151.270226589096                       1
        354.072639038557        66.3627133919615        58.9910842228096                       1
        325.489027677688         115.65870089831        39.3050980064331                       1
        307.317523576006        89.1517880771192        121.247560015651                       1
         293.51144036488        80.0600866467854        84.8391005636929                       1
        241.541521825693        82.7859839815233        138.812102905035                       1
       -3.30413617981597        49.4804799677164        121.667241861003                       1
        183.348895495653        50.1683647099163        94.0576195751703                       1
        261.244234213136        8.89861748995122        61.7647787116755                       1
        214.465322714007        59.0556998195524        59.7875820709384                       1
        285.374248244531        51.4561352996171        19.3603564382065                       1
         166.55410162727        69.7125949664111        93.6477792995832                       1
        146.481925640808        51.5183806435162         136.68645456134                       1
        134.538109548838        34.6984270461099        45.3567942767081                       1
        355.421829101927        73.9564761847406         42.066715902358                       1
        231.543882868432        77.5406746914422        47.6936933184965                       1
        172.697135876522        56.3841940848414        168.247975872909                       1
        65.3399161915287        46.2468567108422        166.694201796966                       1
         169.63673448755        82.2281343337934        105.923447752272                       1
         237.40270172507        24.8197602580801        95.4303125600508                       1
        65.2342810893075        88.2482049386157        99.9314099569273                       1
        313.830156357317        19.6189761054589        94.0504266288186                       1
        182.263321323531         44.188301233248        144.682252536067                       1
        31.2892076454341        83.2382683412235        16.6617027921772                       1
        82.2751068631321        77.2311054067651        50.9508728269901                       1
        304.362089253159        57.3822649217803        176.739023200249                       1
        146.654609510963        59.7436838217931        97.1937964629845                       1
        96.9497444818814        78.6082300233409        128.273777750913                       1
        307.419756646982       -7.85424162624386        22.9678583225563                       1
         107.12045766705        61.6437641661523        63.9002065383643                       1
        97.1999834627615          42.01754814667         17.949669304301                       1
        337.450177795514        28.4007837651381        82.7977632908992                       1
        209.644078778524         41.463540621252        133.753497897382                       1
        97.8149676094415        59.2285040600502        6.62101279495451                       1
        20.5165953593455        2.16579619662431        37.7926376489474                       1
        129.175275206435        80.9744004388196        178.347470653413                       1
        277.717774105394        71.9461214457638          181.5308044781                       1
        166.929214777515        25.0809331058736        138.834870408107                       1
        114.719859569142        83.3667739327797        146.839806937229                       1
        87.6164785911673        12.6396829000379        64.1385998288112                       1
        149.583374681949        22.5330195861051        118.846101044069                       1
        158.404518093244        73.2584423123894        127.151124631054                       1
        326.252159189964         53.075474372747        105.008978260643                       1
        62.2751294537493        59.3222938404177        167.646434390847                       1
        187.703972700124        106.428489258987        75.5534623680463                       1
        195.739637963668        79.1194471930399        25.0366586226293                       1
        265.060269686541        78.9614750638274        122.323502633664                       1
        202.918117137128        60.7724172767585        76.6684006552203                       1
        164.926542300317        53.8291562252335        83.0461360846761                       1
        312.477502295936        20.6700870943455        186.345189036494                       1
        167.041813293697        91.6941258773562        62.5713502411131                       1
        314.606697016035        84.0558464338703        48.7748434891546                       1
        289.331877403528        57.4402610283914        95.0331327165581                       1
         216.12384535102        16.2100902238411        10.1966020173281                       1
        97.0471014033075        19.4777193097692        151.361396554017                       1
        244.104476076833        83.4990044942034        74.5106085917141                       1
        252.034340981101        68.6745835707945       -3.84127619845712                       1
        356.301703310591        80.3713005464569        68.3560380222201                       1
        189.516034909536        68.7255737171202        104.220896141762                       1
        308.406133700176        57.2635415055802        83.8621870696238                       1
        165.401327696422        13.2263189674692       -4.05502613270355                       1
       -14.2901624272072        78.0911279801073        99.6196149084013                       1
        265.714533241185         19.709215499869         177.13881028247                       1
        222.475918073584        38.4976344481849        178.502575085559                       1
        13.7701716841069        64.1767076070672        182.466935970917                       1
        264.952183072868        85.5947257890572        159.113578539184                       1
        303.578502943036        103.354079975514        108.410064795954                       1
        58.0505922843084        67.5967492543468        22.8232596173955                       1
        36.7064599801645        93.5000506299262        126.503967634985                       1
        133.715625004452        87.3091835416929        151.421340106035                       1
         325.49978454729        78.6288684580191        162.046311273322                       1
        275.064617290815        83.4972572561009        49.4222942720795                       1
        168.856682280393        30.8505268040911          136.1820481906                       1
        175.834656355338        42.6205185060244        77.2703518100541                       1
        22.0591643894891        82.8782073389631       -2.59785352590713                       1
        25.0075902777664        26.4735126285316        68.5074937601931                       1
         266.42437107782        70.1880761556646        18.6087651431001                       1
        79.0763821847738        48.5959193457216        176.153546944935                       1
        270.621681833863        60.6582809733946        64.8692771994583                       1
        235.028295697942        79.5487660364487        73.0507214086104                       1
        126.200358857657        52.1690573877931        132.693240319157                       1
        119.832780224515        64.4357696296282        150.238945264009                       1
        78.8786576441977          40.75017566647        23.8342222294701                       1
        233.982338647535        92.7340824636409        150.070240021044                       1
        64.5187188013983        27.0779418290288        52.3263798503324                       1
        171.563738842459        75.8278788038517         133.37198694358                       1
        208.439570679383        20.7409527229392        5.03549203972031                       1
        167.828693260244        72.8955077238366        97.3125388633623                       1
        198.790547354697         20.709480006201        147.248144306238                       1
         231.28293491024        17.9924015021547        129.560877256114                       1
        61.8088939214164        56.8600416378733        44.0731748764267                       1
        337.113564820291        57.4847515423702        47.9907446887532                       1
        261.913153500686        19.8540436772899       -7.98172901531421                       1
        350.581411868616        44.8410047314714        122.828955411681                       1
        105.244842807329        33.9278357032172        32.7835914910657                       1
        225.202597742304        67.2962445228893          53.54920055093                       1
        221.046793785046        66.6041217140549        17.4446920693431                       1
        130.734321900071        32.0183176635906        35.1340138595702                       1
        17.8169409193873        88.8700700828302        117.371674809653                       1
        208.621999017707        75.0838853689659        86.4984895647817                       1
       -4.85566823603461        87.9351387673204        89.0771598378831                       1
        26.6506432487129        57.3844169300901        42.6574720284908                       1
        75.8574738288519         79.887023265122        107.273138830926                       1
        329.165780446801        61.6778154852032        167.819754839494                       1
        102.688750176145        19.4338032945761        9.57117245370144                       1
        16.2827350894562        72.4613752282477        127.373711967234                       1
        339.798670711849        77.3463716537723        136.329937613278                       1
        93.2455828224131        46.6824354904406        127.107031831744                       1
        175.638513646399        87.1388990473291        39.0781718180838                       1
        93.8688139934641        45.2352295084716        154.130514601967                       1
         283.03693117309        46.6600737270848         77.272550553991                       1
        335.020834154389        69.7247427509953        158.175427180312                       1
        200.924868472944        89.8969418810237        99.9385222432574                       1
        254.320335858452         101.21275922336        156.972639696379                       1
         321.92752761715        4.82940596241179        13.2962553154524                       1
        21.8696757735959        92.2475704410365        157.533978385316                       1
        44.2615010115823         75.525472332475        99.4801750187342                       1
        329.337065407731        74.2055428771812        104.363041192052                       1
        100.549761633447        89.1792087516769        130.544840380083                       1
        258.337304492986        79.3166853922111        12.4548145895545                       1
        366.399639516002        111.119627188366        101.501269230847                       1
        213.368801796838        61.6761763165067        55.0272020090185                       1
        318.687242006091         84.389793815496        99.4131742968125                       1
        180.086317442246        69.2114318554635        144.385977307836                       1
        229.535529769986        33.0122197035808        158.719760182178                       1
        76.0873747059629        57.4008859207787        68.4590106721486                       1
        45.4148629445785        73.9169145213913        125.429435745972                       1
        355.748035490688        64.5537762608404        128.865143864668                       1
        73.0808036965886        49.0560128244103        28.1391930440801                       1
        362.019177198044        28.6845050985686        55.5819039828608                       1
        271.834106268285        56.2165227007595        32.7000772532445                       1
        344.442559046483        74.9364796158531        8.16789944111526                       1
        241.569664272631        52.3261174632196        180.255002267135                       1
        63.7217512364401        81.7059213106088        121.271968524276                       1
        79.3266733785318        40.7876149294416        50.7147832252989                       1
        25.5092566390022        62.2670168303607        26.0562345479552                       1
        313.968803486942        41.3689924912645        170.915102789096                       1
        289.417201760561        35.4158779617129           17.1011743808                       1
        161.863044891175        73.7774054954041        45.6134293537465                       1
        130.016735558592        57.1059113779838        119.540795277558                       1
        138.713484414358        55.6559728300772        137.029882671919                       1
        78.5934539633505         79.072418998584        111.649407865593                       1
        353.751843842599        23.6318155656076        57.2572738742817                       1
        241.916362160933        114.707749491244        104.517633919689                       1
        177.873753191736         48.101937325711        113.212792323735                       1
        97.0996803170086        36.7234837967826        15.4472030158096                       1
        260.979711469674        79.1960387626297        20.1438572702833                       1
        183.592220950967        31.8867945999981        38.1103165295244                       1
        261.867179207697        13.0599356081475        45.0284878196255                       1
        265.216588967807        32.8558462435758          141.0576064655                       1
         133.06997342795        67.9691451249151        87.7836671862739                       1
        328.208118220515        4.26458711816601        13.5490892106312                       1
        30.0482654493696        60.9101649230229        148.369244711233                       1
        34.9630897024935         89.266543641406        101.965968270273                       1
        26.1595716052312        33.3878865224004        175.922976158913                       1
        207.577498977432        72.6772656522864        32.7921086531543                       1
        204.856842342835         47.266625886118        109.153175535514                       1
          29.04607682453        96.7159347300848         108.64921813009                       1
         105.00697821468         70.553888533584        25.9456335579353                       1
         350.37611301189        17.1110406185372        82.7077786625447                       1
        128.534676164416        24.5217317699852        2.92610769348438                       1
        299.618091356657        76.0482785488211        170.753483975557                       1
        197.914025312963        42.9314620116564        96.4275631135663                       1
        137.631701846156         91.004298841885        1.89310181637523                       1
        279.769253366674        38.7369412723323       -12.7030417850446                       1
        89.7260912324917        84.4653469078446        147.766002032293                       1
        241.257081054532        37.2486713553519         12.822349367359                       1
        186.925714580767        85.6763567092306        80.2642003313767                       1
        255.946438064096        0.32779736277999        123.538311282529                       1
        316.039070942635        59.1846926898054        116.557023214287                       1
        210.273106736408        71.6673778309115        139.102865283172                       1
        168.578694529625        46.8265419024659        105.178662987437                       1
        68.7507466248424        106.248567516557        132.329314519864                       1
        323.817818959041        22.6553308439001        150.362856730366                       1
        33.1539367460633        84.2014653448218        164.122928554768                       1
        127.313547480935        67.3750255524234        63.4163474096341                       1
        122.971968259737        36.5211196639065         43.139977025959                       1
        213.733055670926        80.0915527808315        26.5891920841187                       1
        143.779582387548        75.1028131252747        114.176922078796                       1
        207.998106348138        70.2055910095489        71.4454403821698                       1
        48.9644104291776         21.617055586446        129.081508347138                       1
        232.651975601307        74.5751335953341         38.270806298443                       1
        343.920727004169        80.5266592637416         113.35597643255                       1
        354.965579536469        17.8365270820438        151.482439414896                       1
        25.4490171161264        76.2656990171882         99.321886361706                       1
        353.877977189875        62.7463928009254        80.6886437114985                       1
        126.332012359108        67.1467592101988        124.221090047237                       1
        133.576907858516        56.1876383578709        50.5007265380266                       1
        287.849913859102        84.2964264856985        111.567747371348                       1
         125.03661571268        39.7851933570803        4.97496157261504                       1
        330.138962136866        83.8254355033495        71.2299160503463                       1
        120.865775223856        66.1697201526382        115.799944142519                       1
        261.649945886543        86.9590242799352        140.100164916148                       1
        329.730306613567        22.8363810981226        124.213114347954                       1
        101.732333166064        65.2098392968675        46.2872563354307                       1
        67.7151853075467         24.779913742698       -17.3504489076802                       1
        152.048734423333        68.4037776427192         71.563655320447                       1
        208.498255136548        26.2457328329132        73.8464482891764                       1
        49.7184982175371        55.4831273046303        171.290771114155                       1
        33.3953289342582        34.6009058193716        41.3038566202964                       1
        143.907776877864        17.0207296998894        172.802675171441                       1
        149.827502806376        14.4501054845731        114.390137944088                       1
         354.89004934221        81.5250486285331         75.287255836202                       1
        30.4280151122105        84.1299711491304        173.504980307824                       1
        59.1863895891247        29.2661397502322         88.158588080959                       1
        93.8340693735969        42.0609114131172        82.9423836709545                       1
        195.761069242763        80.4080468423558        118.078666798182                       1
        177.139807108819        63.6782968249476        0.32223726090687                       1
       -8.10459149827543        64.5925985367501        50.1503757829098                       1
        219.656808157914        50.5787906712045        147.050720597195                       1
        336.315822985234        27.2288611306411        28.1846512810752                       1
        121.418330630562        51.9669272345407        139.840187988226                       1
        4.16398668894106        54.7232553997178        49.8938395833768                       1
        62.5347289390627        43.6542229215281         44.154196490451                       1
        313.378858718674        37.4638569900607        18.8576835398123                       1
        44.7080011763976        10.6695327867586        43.5400475148237                       1
        50.8185901218636       -2.44148411800362        171.151448752433                       1
        333.904738190024        65.4517125439125        54.4902375380103                       1
        320.032075706671        70.0865907344348        130.649286270302                       1
        294.543601249776        77.3052863078348        16.3082106143329                       1
        272.270827149405        31.8576451923058        42.9934394759466                       1
        72.2983766822331        63.2383018674454         200.28500924278                       1
        76.9864865758514        120.719597535137        45.5876976355851                       1
        96.5809402219313        53.7437137286842        74.0463920025953                       1
         202.70608405123        59.3919620770665        26.7634215755115                       1
        323.558896864012         83.041965109395        40.4396710067983                       1
        135.328575872184        66.8512780636929        11.7112465987959                       1
        185.063524140713        80.4096293848161        88.2181054652101                       1
        261.283830745035        59.0998367682912        173.992494261053                       1
        154.203789064724        31.0966544767623        47.6904716749249                       1
        75.8417867431356        70.1386401574044       -25.5946116551508                       1
        200.983074260737        31.8560313541488        58.1051039304886                       1
        107.809722877356        67.8800380924464        61.0948660304959                       1
        150.019271823725        35.1708185738827        5.02190496052906                       1
        193.146465180795        60.3508406909197        52.1041051337062                       1
       0.152434273911633        58.9358927728925        137.902433418449                       1
        121.943837627403        23.8558323949571        92.8334727755171                       1
         181.58728276438        22.1609502091385        40.0857589108061                       1
        225.309053482922        58.1923235668253        68.7464193948786                       1
        133.962032570713        43.6156472609607        130.718542129767                       1
        113.033679421071         27.828760599988        164.564446176863                       1
        189.929672006694         56.658215751312        51.9898694590912                       1
        174.379417404424        87.7953287891805        153.462043673389                       1
        339.442631279048        59.8375611653056        65.7512530303479                       1
        344.855531078112        60.1630264641282        22.7308323210524                       1
        215.882257753263        38.5109684761759        96.8059028177855                       1
        61.4749635174092        28.4898014599095        41.3443344508315                       1
        33.4100794810243         47.965582950785        47.6190744897949                       1
        355.181236915909        66.3583138294927     -0.0409290218945506                       1
        173.172666364792        62.0693080340071        161.863042589221                       1
        335.393058919852        35.0699161211875         139.73772842056                       1
        346.640027467092        70.0878502146544        67.2794161835153                       1
        154.678840715476        83.2476230515313        164.452490762275                       1
        192.869275744701        86.9952151188094        142.741603563774                       1
        155.623444493612        74.0452209359142        9.77459034728499                       1
      -0.465821761076822        47.4446994612197        66.1860468660031                       1
        347.657011203086        79.8377935330395        80.4824314125817                       1
        77.0444645202379        28.5084358888798        35.6413055861631                       1
        328.412915492174        87.7502786995301       -6.40707882771414                       1
        10.8416316741136        80.6260887672312        8.92808839989823                       1
        177.822456584161        16.1220137078479         187.28054120573                       1
         158.45387587261         59.477558442229        73.1755592616327                       1
        227.442877404035        50.8327949647213        49.3502993210816                       1
        44.9818518897173        85.8987304074899        115.034842704193                       1
        11.2756983955907        61.8617423572445        26.7814208244338                       1
        159.019941060197        72.4890149421362        172.703816254196                       1
        109.914179815727        55.4007352976302         162.39070306951                       1
        269.096335395688        21.3181087510358        80.6323289465483                       1
         80.088589625665        65.4827713356816        30.7246678011073                       1
        187.894881536973        61.5796556631064        87.7103867957869                       1
        331.352065799861        68.3479085271399        123.834593483622                       1
        226.227618715188        6.80503572814585        144.161204065508                       1
        16.0780708545753        67.0766111456878        14.4362617132448                       1
        2.32827320125466        57.1534988777043        64.5413158403297                       1
        353.965469103448         81.999517806471        98.7033452412054                       1
        272.716636493352         60.130540295399        46.4948936583287                       1
        42.0954286149315       -17.0183505634132       -3.78389157004509                       1
        318.750219111735        70.2843400597066       -1.15630718560292                       1
        206.916402196279        86.1041343642437        35.8946487236939                       1
        297.458994032119          101.5164365872        54.3856262809698                       1
        182.396067803281        106.869629777586        181.815535586945                       1
        191.311639097798        13.7807688300325        118.348486098146                       1
        318.409306560929         62.205628790664       -4.39280917655497                       1
        320.985231735168        54.4690907712513         160.54435016092                       1
        56.1271404506008        12.6409541866671        34.2576884811717                       1
         73.193935608063        26.4490544376182        11.1413859550624                       1
        8.18357603396123        77.1945902176054        13.7794684852108                       1
        132.472820458356        13.9182881826062        72.3730066539874                       1
        153.030454928474        66.3954142023705        119.831050070567                       1
        219.154762404328        51.0393664957274        75.4894803924127                       1
        304.679375293561        40.7397643909785         168.58714217002                       1
        215.839639332455        73.0997258088222        67.3745478943292                       1
        59.6550571846552        70.2601655128207        122.681167700069                       1
        80.4587484027467        67.8607412262605         81.301954428492                       1
        192.345640606939        42.9963117560586        78.9504277972155                       1
        369.642760214917        51.7888191418263        157.243773912505                       1
        94.3765798801155        72.4282734078328        48.7925314344221                       1
       -3.93490850109563        48.5582171563874         133.07740258683                       1
        272.874255579955        59.7954656014846         87.114755140492                       1
         78.279575066517         42.138238279567        118.365499721418                       1
        31.9745429370938          67.25888789709        92.8551247175211                       1
        221.379644010079        73.7080652240219         42.501269355986                       1
        10.2042775237626        41.0642754216036        170.747029935896                       1
        195.459793612568        50.1649352750028        90.2127491428613                       1
        293.539890050955        87.5618102171172        59.0699336638517                       1
        140.356626043619          84.41504377786        54.3100515525721                       1
        117.548433840094        50.4069347788648        167.714275358549                       1
         38.949906703494        96.5582870650737        37.2104060791378                       1
        303.765267050495        65.1979338719928       -4.49159959764226                       1
        16.3852995206423        22.6871303145918        11.5146375131926                       1
        294.343953638624        68.6336047065251        126.827551325946                       1
        125.509079370928       -8.23517056149925         118.25800050581                       1
        5.02906290122638        33.5956369441017        123.020318350921                       1
        41.1410161740455        67.5723484526294        70.0902705885734                       1
        243.991106734074         68.514234045439        114.550319715782                       1
        166.229697195883        40.5035209175257        100.607575915385                       1
        192.952591502742        42.1348716536689        7.37242555882005                       1
        262.325201790915        35.4477873117783        13.4207061808824                       1
        275.288374850899        42.7612810598095        38.5972636632631                       1
        359.932473595272        42.3440423892749        30.9983578508036                       1
        168.504371651913        61.0392882167826        59.9344025515852                       1
        203.086228756196        35.5492006455338        78.3746751645616                       1
        280.793921573291        39.5579268800967        49.4595922479248                       1
        33.6619362252008        75.8175952419937        176.973784773407                       1
        183.631611020933        68.1800413349227        41.5178114002679                       1
        47.8007985930252        82.9913095391404        130.495139454776                       1
        182.544902145688        73.3412838896682         17.492245151264                       1
        79.5314297757157        59.2064323796411        18.1510133130467                       1
        324.903620221922        45.8683266312553        153.221143425104                       1
        203.702563360654         8.0958586374677        118.563825287789                       1
        49.4869892640695        43.8282251016299        119.501188333882                       1
         347.64059111445        90.1793318780461        100.794218164093                       1
        317.430869932002        72.0556053212827        106.475778355166                       1
        253.327338688128         51.778277433175        7.10141386816774                       1
        261.184483500973        52.8660567152961        115.742454153643                       1
        159.392737150134        56.0810402211024        170.618707153333                       1
        144.246228864754        58.9060896304392        98.9964578520724                       1
        143.781261927959        79.6360165989478        56.9538568393763                       1
        91.0712879460383        78.9771165695174        142.807525141709                       1
         298.68590756192        84.8642090702946         102.78469149992                       1
        306.144662509097        40.2334911490598        152.811815046391                       1
        114.397651332403        83.6127603537984        132.753227157892                       1
        90.4970943599855          70.89672969521        69.0752636288649                       1
        22.7599672374346        54.4295897151767        89.0019053597422                       1
        299.046940541306        20.1864761005491        147.754073679942                       1
        19.9483832889577         37.828827194862          23.76719997519                       1
        184.896168619736        80.9476459220997        111.098065125663                       1
        297.087491609368        32.5011874805831        145.707654452078                       1
        245.166532999118         28.064391948481        37.9738629897974                       1
        68.8354186158905        54.1024124719144        53.8096066804379                       1
        81.7285295884598        65.3055385409095        141.350318462445                       1
        190.986417276126        85.2024868551952        39.3228222531807                       1
        184.805763717106        75.8685303426093        168.720643259802                       1
        301.752019453468        89.2182274652074        96.2610908410034                       1
        167.999914712792        75.4191541516966       -3.01512588473715                       1
        336.349367676719        50.5713663725309        155.999162679342                       1
        125.750213052295        99.6448310187136        92.9432298064225                       1
        337.343037259695        64.8531307516369        139.263419951887                       1
         25.948533008629        21.6349120513193        15.5863010116503                       1
        40.5091310558497         67.450126960091         177.89689846404                       1
        238.980548930855        40.6147815676243        181.069242786071                       1
        108.775307578268        36.3428783010319        5.16392330750598                       1
        148.106118360502        93.6779941743389       -2.87204691639311                       1
        341.769250707352        59.0966641162358        122.809567048243                       1
         203.21997201858        53.2457964431165        69.1377547919736                       1
        225.152481850452        79.5988846746391        20.4333957307031                       1
        65.9718122042699        69.9660077284451        107.001075265378                       1
        301.246504126923        20.9385292521329        132.206317184693                       1
        141.577579232606        77.1935245356144        145.465974262322                       1
        43.5927299536345        71.5524940852412         160.33687355604                       1
        229.736862255135        90.4307732053638        90.8394216401499                       1
        252.413179446044        52.6315956843484         93.150982377553                       1
        262.999014762466        86.3217171316598        57.6965850131745                       1
        266.628591849877        29.2950732134994       -20.5485664896296                       1
        202.576950326537        102.840549854108        205.221070749998                       1
        257.672519627193        82.7802507467612        169.717944072712                       1
        271.332884130944        52.9277823903609        5.23838846362484                       1
        298.666281915349         27.702447795275        117.028293495887                       1
        260.797216578366        69.2387274941081        123.051853145897                       1
        119.954883227087        43.4404531543861        120.881908349195                       1
          114.0737037307        17.4821397161847        53.4965690315167                       1
        331.984109543812         103.50526381802        8.46170177769787                       1
        131.648727554066        22.7469208133786        115.467955389806                       1
         81.170042133456        75.8833354012227        129.024767307906                       1
        173.543594585855        57.6027112845426        82.7020435683541                       1
        276.872770517339        40.2840054846027        71.2006080335862                       1
        54.6490581728408        17.9697242319762         139.14460195649                       1
        209.510010052416        40.4068621029492        72.5390906242415                       1
        103.000956787469        11.4141375074048        125.192687306274                       1
        359.059902628886        50.6440517233749        138.588031510506                       1
        106.046401063674        45.0586084368553        82.7301877085782                       1
        299.553499823886        67.8832287828783         94.983171871702                       1
        58.2567734058244        50.2054589853604        11.7270071457447                       1
        248.722576559193        56.0891356106496        133.287027942199                       1
        328.069821596151         20.629893509797        85.1544896326418                       1
        249.830850082165        61.5370592261582        25.3220626739712                       1
        106.628492479136        111.278429176206        70.0154272839959                       1
        223.166160139082        64.1244042473227        69.8666875949921                       1
         313.71395019275        76.1100387428403        175.936079949419                       1
        199.993782694392        60.2719792739969        90.4508012873138                       1
       -2.46831926694945        29.8031134365857        154.603408435566                       1
        294.401686919114        100.784586143208        112.578116712223                       1
        224.261876348018         73.315560096021        88.4324797171185                       1
        144.694850269701         44.436759695861        162.476986646158                       1
         285.08124472302        59.3934983124808        173.626129761616                       1
        149.622616414279        51.4731058445602        85.3880162134948                       1
        277.243058265367        41.8364404716469        153.013889119941                       1
        353.739120150016        64.6162917847048        37.4524248704186                       1
        22.8308143533323        38.9795247790028        114.435734863419                       1
        15.0330640249043        111.607617715347        153.401567434619                       1
        307.003116202348        65.4713812412038        147.630166400597                       1
        306.536075315231         34.457564128314        154.120639974452                       1
        334.325434979721        82.7674160930253        105.345579827638                       1
       -15.0754797260522        61.4792585235881        108.495313512799                       1
        265.828824109824        49.0058561918561        36.5867660715082                       1
        261.190126651678        55.0681073416471        23.6279006345817                       1
        273.545112979722        20.1578967008646        57.2196172776063                       1
        226.730323990503        27.5928226350064        16.1218851968055                       1
        170.381548941574        82.9331722134956        165.409774091455                       1
        159.218105254493        94.7032326594696        90.4563612124062                       1
        211.356572696201        58.8366308481467        94.1687522829862                       1
         336.86425056585        67.0934608287084        96.6522048711389                       1
        260.230117610895        36.0901788704457        42.8032271232615                       1
        291.162921538252          58.49152616505        168.350769804999                       1
        53.2331092222924        39.0040931927894        5.50754667268757                       1
        330.787919723746        72.9600979034533        109.187890030691                       1
        184.447217362359        32.7934516128615        90.4374120916787                       1
        320.455143309767        97.1538289877474        52.3539861727208                       1
         12.706559675504         72.139101605008        170.316319742267                       1
        62.9141028941845        78.8610818084663        145.090738007339                       1
        71.9244526359862        85.2794859673044        140.557562408053                       1
        5.86845140720189        70.6770970377637        84.9286250000691                       1
        157.044131351021         85.545538660631        151.412430718718                       1
        68.8875150016136         106.50331872959        137.652073045372                       1
        98.5149216069642        63.4872596262652        173.104905466558                       1
        109.821929579817        60.5504337479596         143.44903956822                       1
        342.846196658111        61.3930915080949         75.368076811092                       1
        152.683151609783         88.302027329453        72.8523573283306                       1
        56.5392853037964         69.439873582707        161.305414700052                       1
        90.0614181247987        59.7737092407566        168.555942724374                       1
        360.788043187997        96.4294228971377        104.128880645542                       1
        355.538931642645        68.6222445084809         61.011424799554                       1
        91.2766188189152        60.9464438073254        148.689670725829                       1
        367.121289731524        74.2490681892803        81.8556887711629                       1
        337.265836131905         62.788256988324        123.372493567245                       1
        112.935109992618        26.4690336876196        121.439047346129                       1
        59.3090333901288        64.4518188703713       -5.90582374912295                       1
          93.52314102923         41.062735221904        155.478281296777                       1
        51.1177370599292        88.7914689521458        118.505988981532                       1
        176.234202287594        106.027213579894       -22.1294459093283                       1
        354.253073424286        92.5400396531143        53.9642882179314                       1
        124.031089940921        51.6008798668765        160.567848254204                       1
        327.205142267942        78.0016131542777        133.301036097645                       1
        79.9676235847942         86.967413347269        89.7542288473604                       1
        63.9511256853835        85.7710378687676        110.127723720338                       1
        339.970038434179        48.0339347751607        125.526996056776                       1
        80.8561636821228        57.5798181466694        117.610691247935                       1
        100.561513634087        44.8233739919676        147.727162580586                       1
        366.164657104838        21.0719568539044        117.971943196698                       1
        137.909246411476        62.2374878801644         130.04087948327                       1
         245.82635732494         19.120701817069        114.827343029295                       1
        202.047741169522        66.2975988417306         87.816466153213                       1
        320.442753730712        42.5075393463696        7.69657170710744                       1
        190.463545194647         74.238509208751        44.1365223882994                       1
        161.321300429958        83.4230210168916       -11.2795403290674                       1
         127.78188063508        54.2459563511111        101.683403001502                       1
        269.692878627003        84.8493664428763        33.1020206907873                       1
         198.26445297172        55.9708003117029         136.92944954149                       1
        133.541512527948        90.3445281109665        60.9632063784436                       1
        131.739511592839        77.4284170860796        138.945937892347                       1
        244.219021881058        10.0837958492545        68.1765925332431                       1
        240.674865549018        101.625450111485        112.816835351695                       1
        342.462961078436        38.9998067833359        84.9911651129585                       1
         264.58996653311        99.5709048737443        144.032005024729                       1
        238.743567073674        69.2001509122983        190.921380417375                       1
        196.330243998801        74.2231956361261        102.980133437634                       1
        332.145832650404        81.9869880944445         137.94722703838                       1
        274.969326858764        11.9984200034445        124.205034012232                       1
        42.0637699664143         90.093403419975        175.366733294485                       1
        122.226499021087        75.2762259403041       -1.06747070606185                       1
        34.5407888540364        25.4617070730387        156.001079462839                       1
        60.6860099567609        26.5989143612588        11.6754637116929                       1
        10.3493655145045        54.7725914894797        21.0197707526353                       1
        186.740464853268        20.0366286698183        60.8773829926635                       1
        67.6979471702466        46.1669539093459        150.151114983786                       1
        139.710700050003        52.8521767557776        69.5356265123688                       1
        173.761785652675        106.298683280632        59.4961330084599                       1
        82.7223180484781       -14.6977214468481        17.4111733469679                       1
         24.518471630838        87.5717379196052        140.559255530766                       1
        63.4966216408889         51.596506813995        32.1915213549441                       1
        144.565098522998        82.0209687408626        91.5558953694593                       1
        133.692318184477        78.3160477456767        82.8704277468392                       1
        87.5456017121579        60.6718841276476        30.2028984724017                       1
        279.021575657559        69.5446117492354        117.209939985507                       1
         55.210016101169        76.3986461980803        99.9630077469583                       1
        160.826360078756         56.792491187288        118.557840263057                       1
        350.545146606611         34.372263323284        154.824897262297                       1
        16.6610752666618        94.2837044949581        120.853161217904                       1
        304.498591708845        34.6869409862965         129.11268261107                       1
        224.863464714374        52.9607873756852        30.0293920753422                       1
        295.870869511168        17.3033564281264        121.552988223152                       1
        150.543123809654        52.0293062578199        104.147265018728                       1
        59.3745085451795        15.5179745773541        154.012449576092                       1
        93.1244101038707        50.5864322459623         99.348789299288                       1
        146.088748853465        79.4514756313774        33.3377117783665                       1
        6.82991827324779        75.0288292263492        39.5868226391465                       1
        281.138866281158        68.0713544897855        59.8134938851586                       1
        310.308225765099         85.883647108485        65.4091522292429                       1
        24.6052370012087         35.409694128839        147.029125029122                       1
        312.659949171336        52.1843979411434        6.96217631158678                       1
        199.336555396905        45.9409860595372        173.901980317834                       1
        28.4842889365735        88.0960716966852        27.1583885831383                       1
        148.830307254627          15.32204244214        82.7060143259362                       1
        233.030435340181        64.6396947787154        66.8592347953899                       1
         28.255467099972        104.500678575323        161.246279915528                       1
        232.238298046867        14.6265430719427        39.2208358311931                       1
        357.381756883372        86.4741590670995        167.450236348614                       1
        307.508471907947        47.1000745907498        161.527414164408                       1
        195.609409726788        67.5889426396416        64.5953539844635                       1
        211.530610913197        73.9244304485676        99.3071956526058                       1
        19.1663346519672        24.8924157566028        93.3230688892106                       1
        97.3499196737125        52.8290589138507         51.317555626286                       1
        101.009485816023        85.9583575184769       -2.27951248379358                       1
        68.9105522412564        99.7104616011602        74.1578872402861                       1
        54.4617102425008        65.0030022759738       -33.7863722732224                       1
        136.815876822113        70.0684074129918        158.244730851919                       1
        186.845034688007        25.8893712897132        78.4142875601309                       1
        47.2175375402881        54.0470885450279        78.5319143989514                       1
        76.2362562190449        62.0581855186912         41.458012039781                       1
        339.169251096549        85.4422150162407        16.9161221869147                       1
        95.4712102977227        25.0746757672287        28.5354176382064                       1
        114.120746923526        49.9499362600961        127.310006901119                       1
        272.777940848761        79.8898453300362        134.149516007377                       1
        247.235073688665        88.8690247607463       -12.8756451397243                       1
        27.7806854098402          60.62332356955        57.7030600597935                       1
         253.52844739897        70.3013636692656        144.306242497972                       1
        111.106633256567        34.8649672723193        21.3385611684049                       1
        372.441068125786        85.1362683862458        105.350799285326                       1
        198.815731068512        83.8150523507899        8.88124542065701                       1
         39.950922823392        10.7274348824862        96.8728827698871                       1
        369.979699558174        75.8328612223045         53.254009491262                       1
        245.038953711093        70.7003518536797        15.4105311857732                       1
        230.964742723596        14.1780742920581       -25.0881745888407                       1
        347.066615268155        7.52007424750686        14.0596336909632                       1
        223.993910129643        58.8944451625372        38.0618621650618                       1
        156.132410104362        82.8956297028317        10.7323450989372                       1
        36.3981742700995        72.6357772325359        90.1755703601387                       1
        252.525072546721        86.1139718110868        125.596839872716                       1
        220.194905001951        26.1792027712823        113.531889746294                       1
        227.168392941048        26.5277781579619        72.8256163008548                       1
        181.914424572278       -13.3993800559155         157.35738431146                       1
        169.235579091258        15.1804042223866        71.8143610788296                       1
        180.226100744863        65.4676237792429        71.5299103821126                       1
        126.728934895534        41.3348736881909        131.296148127997                       1
        209.212067008284        55.6182441955893        144.130125611698                       1
        219.053943048869        43.1273074900897        80.7598952613838                       1
        9.74447033047464         83.416863306388        67.8759278355419                       1
        325.525746774809        96.3412812564204        23.4858247522797                       1
        353.824800807375        67.4536716286464        77.7395251755221                       1
        104.335066180228        62.5841446043753        134.694850870604                       1
        142.786131313813        76.6172286255363        103.352700195097                       1
        167.137108196727        81.6537719873284        133.069823803233                       1
        189.602884369585         66.787062873651        18.9124095462314                       1
        151.512430287194        59.8847484408528        106.697919956498                       1
        259.557075549036        34.6139213831641        179.032295762248                       1
        203.126763580837        107.476594878955        146.503628022912                       1
        323.049336000657         67.719252375908        90.9635340778901                       1
        36.0981805849764         86.727327526798        159.547859944726                       1
        204.532622300512        60.3598508610186        45.4854218923951                       1
        185.498818604491        23.7014654604524        136.720584318186                       1
        339.059944209961        47.7247998983203        113.450108908377                       1
        27.0464862086124        15.4696485810115        70.4482637512329                       1
        197.738741587497        77.2560629293354        40.8897606239413                       1
        132.615597511167        35.2585793941814        98.2515085151076                       1
        202.750256396014        78.5098886815449        91.4451308917602                       1
        144.686956972846        69.3847862477923        103.014461315002                       1
        338.274655365327        86.9489991005231        146.605224160791                       1
        68.8867674957906         74.777098883075        49.8435142141523                       1
         272.76270354637        69.0094715455989        24.0297023368086                       1
        55.8930777986237        64.4232069543203        108.134228390646                       1
        240.279236916089        47.3607681071362        73.2748078251218                       1
        56.3331209738026        73.8232985699862        153.915589697245                       1
        17.9375322324888         57.241543437073        115.146762063553                       1
        179.073783301617        46.8266203541913         78.893928128344                       1
         222.73099929202        78.4436189298352        62.2010489318463                       1
