TEXTURE AT STRAIN


B  100
        242.750318358789        85.8946607965177        76.4219141776539                       1
        199.778536078301        93.7836665402011        205.728860009809                       1
        146.538556844148        52.3127760556007        67.3063034098249                       1
        225.148252189421        60.6389898489145        5.71570047038188                       1
        39.3317832022282        71.6845768664124        96.9644840501517                       1
         253.25684228696        54.9068115487577         174.10443167834                       1
        300.343940616932        85.1422982444805        108.943750541665                       1
        148.651300574396        25.9589096160889        43.8620887886479                       1
        121.180548776522        57.5876088934265        73.1597890517161                       1
        93.7753394337559        105.425888984278        76.7135786962845                       1
        385.551981820903        63.6893201991468        115.395809022939                       1
        137.470876711552        101.237871356212        192.204268087618                       1
        390.952327437027        71.0989922088185        146.537858170785                       1
         112.29578530227        58.5341771826107        98.0412168066342                       1
        20.1263323809283        74.3904522262692         101.11915233431                       1
        185.593172028158        97.3965508825468        226.527285876881                       1
        134.089932548885         70.882715026296        83.2947173134789                       1
        421.560896738091        75.9105221405394        117.538667403115                       1
        307.220672079493        9.92532211226169         93.072614228338                       1
        63.1036608562717        113.046522167984        16.1946855659124                       1
        281.919909657843        61.4160767553314        85.3747143444515                       1
        127.447150296997        92.0095441553025        -88.906869088931                       1
        120.452037351765        23.2619091869137         77.277314718391                       1
        226.827641588044        78.8890187286476        81.5115546034572                       1
        308.351158836604        51.1266648890968       -34.4003944566541                       1
        186.954313829241        91.3511434271739        60.2059045573806                       1
        1.38504991239595        68.0141457793902       -51.5520859762034                       1
        43.8138441363982        69.3199739278712        -51.867524797425                       1
        49.5375885192996        96.0057667995684        116.743836086029                       1
        33.8052889915337        88.6096306000518       -36.3467832860504                       1
        171.856552289767        94.7189406402225        69.8608310961623                       1
        108.262565635627        98.5609938434761       -80.2720290675943                       1
        158.187464341214        111.299765894471        78.6578440382123                       1
         318.52319124718        27.8133880458273        93.1160159964764                       1
        233.940774462141        71.9934674836711        175.797488023503                       1
        40.7811373800207        52.3729622183634        118.421395288412                       1
        164.051382393795        11.2841195327269       -138.530076243515                       1
        330.377795558517       -37.1054905723773         33.533425231886                       1
        188.505662264451        80.6792660361478        72.4090045538887                       1
        40.0162274117006        83.8560051324686        101.782857367149                       1
         110.88707332719        39.4174087446386        106.314768224273                       1
        232.834563892264        93.1977769331801         95.161209454263                       1
        331.452587762323        53.3750058093216        96.4114325368193                       1
        168.363518498933        28.1395027319928        219.648885189575                       1
        229.979543559232        117.638409195804        74.0378831493199                       1
        116.281414083975        108.316683574143        85.1094255353156                       1
        216.985082568206        73.9703921978278        248.668782961654                       1
        154.535490539399        65.6397554332252        66.1477612435429                       1
        23.9787969468524        116.939690502845        116.635090467293                       1
        121.286475753223        115.821877436962         14.251414200388                       1
        55.2986615231332        74.7409707996112        93.7025863622671                       1
        134.037176009833        111.956256612185       -100.291585478265                       1
        111.490092156672        33.2159963319176        66.1350572870308                       1
        152.853500315994        47.2701305594104        49.2730212032292                       1
        215.317836465496        92.6295121209208        90.7192046962491                       1
        171.084894819755         136.04685206537        81.7140819879369                       1
        215.207843281189        76.7448310025759        182.031483086077                       1
         215.58550126079        75.1800171743921        105.189689161844                       1
        192.612511056163        86.9423606693117        183.255270687944                       1
        139.166233531533        31.3780327327391        71.5923159392659                       1
        27.5120586113457        103.204973205895       -18.9454991524442                       1
        383.622509819691        92.1125724019747        103.137258935195                       1
        296.535977064681        86.0225532022941        134.366302226312                       1
        384.632275865698        86.0081139658185       -44.3504079391946                       1
        196.399029644282        73.2989466958224        42.3332718951608                       1
        218.327518392299        107.447276752375        69.1661198171503                       1
        134.837641794954        62.7447673810396         59.654619229961                       1
          135.2049081599        41.0177500264072        54.5572641091686                       1
        47.9950587348936        85.4954014306376        131.961311031964                       1
        200.529118063116        104.697139350854        46.9074729309096                       1
       -16.0850370320791       -38.0943389976244        57.9766049825214                       1
         100.68022918071        89.9729433577958        81.4943432193357                       1
        37.2466612190265        75.4797482688697       -55.4527419337012                       1
        401.419246071975         86.062730161475        161.638144938778                       1
        380.482918728941        60.2379879642021         131.69296428791                       1
        320.841495181282        64.3293973493684        148.366462452248                       1
        127.294574181003        41.5950879711412         73.059316299616                       1
        14.9844569463476        75.8979440759662        115.625398270298                       1
        405.921482046934        101.216378742558        18.4717902406488                       1
        195.050697079456        77.1591084542682         54.774319452088                       1
        135.204787472876        41.0177642514112         54.557394103714                       1
        26.6248842171252        91.3333936049227         120.62298392366                       1
        219.667711068932        88.9438288678953        55.5114952297759                       1
        176.136158805621        79.7332672433268        60.7890937841515                       1
        299.350081177881        103.792165503457        120.479681447492                       1
        230.075328690117        93.1167897261411        68.8435717859998                       1
        168.019433839442        46.3738220768327        207.262263281045                       1
        131.499027637497        52.1279422835969        253.898768107397                       1
        30.3565652551724        83.8118875111965        110.467572242438                       1
        26.2204890549725        95.5984032565855        10.3018995640997                       1
        211.664177225414         79.742011670119        228.301318888655                       1
        105.410119319984        46.1047575365685        83.8802188682015                       1
        174.951181131023        60.9625425227423          47.04987193957                       1
        6.76855527594526        75.9225931478544        145.562235000333                       1
        194.588217970199         86.874592793352        214.684772344387                       1
        111.644232762598        76.9275571704306        91.6264438546198                       1
        201.565641417879        99.5978728984233         59.570520848702                       1
        154.881547653376         54.264550569766        50.7559562608089                       1
         125.05533541402        53.5591264187984        52.7042369552654                       1
         144.97661367768         56.158930001127        29.6020124751109                       1
