TEXTURE AT STRAIN


B  50
        301.886923150653        114.047788787209        118.972074185891                       1
        353.373365352755        43.0016717114359       -4.72187894482728                       1
        324.616686727923        49.8088050176348        78.9924479501548                       1
         143.85784789428        133.992578307794        76.4217378484997                       1
        321.622105135538        -109.54817007066        156.790801889919                       1
        118.575017536497        69.1038217171892         83.131593395343                       1
        113.815991625447        47.7946883518466        62.4982704832465                       1
         97.451383416611        33.3047661849215        281.241155067228                       1
        108.444775650696       -65.7064968405834       -71.0783577650864                       1
        162.813497952774        -14.324083442043        200.603538934121                       1
        90.7544451120832        102.559115153037        62.5040775593564                       1
        343.341862786026        41.0805442071504        75.0613815286443                       1
        102.396797131219        52.7337097815816        105.566440176768                       1
        41.6995375105451        42.8997122188562        36.7159809972847                       1
         1.6158765479021        23.1730754954452        175.622638411081                       1
        155.980782725319       -69.2623065545456        35.0790697066758                       1
        303.020359826806        72.9785040532991        37.2669337854848                       1
        54.2796885846762        25.0754691921488        193.442926483633                       1
        319.700472528443        -53.884592394967        126.586719845968                       1
        334.261741310976        54.3515364841004        12.8593612795813                       1
       -31.3966801369247        86.2178494290007        41.9133296679642                       1
        296.176204861576        45.0275567342806        111.240197199396                       1
        381.942659654593        37.6775369708427        146.960352078871                       1
       -15.2415872214389       -85.6385664438053        218.500629824397                       1
        135.040708819359        45.7382612722324        61.5647363313635                       1
        10.1140988587494        47.5437752735889         66.350668127412                       1
        168.184045243902       -32.9457547364976        56.6685351392395                       1
        314.881705519333        28.1894357003394         -79.28965125696                       1
        106.691583343071        92.4771710675308        75.7820560222245                       1
        144.306652486634         73.591038575866       -48.2381172490066                       1
        296.063287454499        127.158232837323        97.9830019786281                       1
        56.8608932448046        84.2334277041268        117.487017698588                       1
        75.3499228399122        84.5850581649934        126.169529114573                       1
        63.1669026614362        93.9873611608551        135.983882833479                       1
        322.743237816666        34.5348413785977        33.1913121909576                       1
        123.516292886242        40.7864318670019        88.7674763063527                       1
        7.70878279329566        27.5126743807193        56.7557405416143                       1
        313.824544073968        117.005899409623          109.7622096924                       1
        102.967559156646        67.5913269810455        76.1047152964093                       1
        271.047007103433       -52.0331354677528        86.9280797272936                       1
        343.179118153423        33.6837277408804         91.570808728046                       1
        378.604338671646        36.7205609681753       -3.38211266421259                       1
        130.236412281216        125.249849248079        142.507493672028                       1
         78.759289681052        14.8758981613507        290.419804962498                       1
        269.949824821417       -37.6383728744532        157.723683348866                       1
        103.067925165735        54.8490299755874         160.61226736163                       1
         126.41051233807        59.1272351252917        89.3432531411613                       1
        114.076178149611        48.9003272791035        83.3604311194683                       1
        112.503613641423        32.3431148081086        259.091023155354                       1
        133.080346477943        80.4832243736227         83.541131797472                       1
