TEXTURE AT STRAIN


B  800
         189.83517828986        44.8245450916621        48.0560975055809                       1
        280.404717281585        73.5993869420134        113.531184118705                       1
        96.3334514803674          65.92952647941        123.319487417289                       1
        21.0049447887406        65.5367588467783        10.7196955592181                       1
        198.136049888556        97.7063175199557        89.2488143347911                       1
        149.113497663414        32.3379780313494        27.5481852340567                       1
        123.154604829622        64.7796935372446        23.5543495929308                       1
        336.113539754403        70.0759483281256        98.3826917289141                       1
        297.192273246134        60.9492911110285        118.429353064099                       1
        162.841962145289        26.2671941668311         38.581979012695                       1
        341.394721459289        49.2065532074871        38.4061158202501                       1
        99.5821450817846         45.939540404643        125.704627382718                       1
        27.8202499135352        65.6909074529252        173.071383969668                       1
        219.630615614564        71.3721550536143        143.035244450486                       1
        292.279571648027        3.39620137836811        168.621243914748                       1
        134.599140522403        47.0858398695378         184.56032333146                       1
        279.779096784526       -18.4865521849255        125.789940188063                       1
        217.703303247762         87.774944137073        103.429234502973                       1
        292.091616374586        83.6520917790188        120.035967212057                       1
        104.269283458641        32.3835522723214         27.031210122304                       1
        150.498775677266        39.8047129226605        174.535985089436                       1
        182.156842275348        90.3740589086881       -8.36048095118214                       1
        129.390433096663        79.1993622652392        135.384572567441                       1
        333.188491410697        25.9774664309659        112.257789487434                       1
        299.817889975726         38.289507007327        20.7325871692058                       1
         230.15620360545        77.1633968321702        29.5634938414089                       1
        368.983654530954        54.9819241957566        179.388780072834                       1
        19.3312149645995        59.0792466020289        152.513258888952                       1
        185.641874423205        47.5190003302331         33.774294116073                       1
        160.551826400036        69.3346169830232        158.193407759994                       1
        206.256376347725        84.9305932988243        156.580175180317                       1
        199.546983394211        88.8424944825903        43.6459842040359                       1
        200.328006624119        91.1205344544504        55.2453004947001                       1
        152.596909099065        87.0166438124596        46.1734629971193                       1
        229.912910108666        28.2015054714594        95.3797045854624                       1
        207.502635493726          42.34425548638        112.406707709491                       1
        310.066991838279        82.5528473018253        99.2365412030518                       1
        190.626751694728        86.0974745279325         155.38871276444                       1
        205.676636739108        77.4823646440101        143.637881439737                       1
         228.04135688624        31.9373568838908        49.1501868576564                       1
        200.381431314416          59.21270649418        158.651461494745                       1
        225.109953916673        68.5874430080071         109.76723752446                       1
        196.818924917522        66.3515844398035        129.760941770913                       1
        115.584767798816        49.6779774660268        9.46356200986511                       1
        176.698338019262        42.9380910839869        10.1606627078439                       1
         53.254566085149        51.6168437333723        45.2872259387364                       1
        210.565800187075        65.7270326688192        93.2181028603828                       1
        261.796646971976        37.0762228107616        150.159832257946                       1
        45.2501978809256        65.6541741241542        27.3541589137884                       1
        61.2143520452998        22.5626994295837        15.5504733251191                       1
        186.429384195264        90.1536569498284         58.956104162234                       1
        198.784034618818        102.514543720065        120.216859865448                       1
        203.341633313493        72.5456356323982        9.05954247679506                       1
        325.963021775787        91.0309979328428        205.293459753794                       1
        327.203820508117        35.6216260953169        173.317934727845                       1
         313.49007958092        109.033285978251        38.3846760475026                       1
        12.0768822634179        26.6218280108529         133.16039807999                       1
        30.8221990897714        102.841191792334         127.67503950194                       1
        156.209248805666        38.5866592297944        29.4917809137006                       1
        294.574761747885        95.5815851431182        179.961040410327                       1
        58.7076473331245        62.6906634933613        30.8624030444183                       1
        139.217616497288        27.1902537040674        65.2347335860327                       1
        60.8960072725261        6.11575905932683        28.9995065346985                       1
        210.169171126789        84.4637438217973        73.8283897714612                       1
        218.535509477101        83.7983835162954        28.0348615838604                       1
       0.484022302767381        24.6770576773968        72.4058780783195                       1
         117.98706569923         71.505434628132        10.7988036271644                       1
        50.9298767194189        59.0794795865532        84.4347940747669                       1
        59.3850885801229        18.3099334658368        161.774483666663                       1
        185.689435301281        25.2096085129757        16.3978624982704                       1
        178.247178498415        61.9141027575326         5.7396171725808                       1
        313.317592157353        55.8314208008033        46.2619090028892                       1
        134.135493274579        42.5368527628549        95.3024099369202                       1
        9.61585707537533        54.9119243894735        70.3165569883135                       1
        186.945131892159        79.2220785553957         9.2252672521024                       1
        124.354875608329         88.912803000393        94.0183810935311                       1
        3.36896155027454        58.7196318685684        64.1605306036094                       1
        201.578931718124        20.3291371404761        32.8151689457988                       1
        182.590327152648        67.3945474602959        -1.2482302043011                       1
        312.327511540056        29.4874200660961        11.9393110810655                       1
         174.60170154056        60.5162310214803        176.055509841902                       1
        142.850790378879        63.7910156795248        150.966466926796                       1
        33.0019849805563        56.4294838154306        147.470086359183                       1
        179.868573260844        19.3794423385505        184.054043036089                       1
        351.673090095577        89.9491933423689        26.9025661042975                       1
        169.092371744158        56.4352838574093        73.8699154247062                       1
        119.919313637916        51.8244395768032        79.6061248445067                       1
        165.643493435149         22.822551763503        97.8453747626988                       1
        191.956225197079        32.8574447907798        118.827164971866                       1
        246.936218213576        84.5101364934962       0.698873647323403                       1
        351.488123217267        48.9428249069517        81.6008626637559                       1
        369.998650852752         69.599290764101        90.9220838258723                       1
        27.8157398012876        66.7387155689771        57.5161930096145                       1
        320.447386043589        99.1898622993193        146.055122095617                       1
        36.0066997872936        73.1682893765449        103.794102584936                       1
        18.7130715456295         64.270660987642        155.734607991876                       1
        103.891603974123        83.4130590889337        146.249462971207                       1
        138.528228965084        64.4785373013605        106.865036355905                       1
        273.005230289039        29.3774974716888        182.349805662657                       1
        152.665385279082        73.6438748456881        128.665932880151                       1
        29.9870195963439         63.333452118506        86.4864631991908                       1
        290.793495741731        111.277799688128        28.2615953229033                       1
        209.275695850309        100.743168923163        33.6857580836739                       1
        136.237300291684        18.4588071455012        30.1729118703302                       1
         331.38739756021        40.4881476688054        107.588323143208                       1
        91.3310004713268        36.3222424170774        105.779087980741                       1
        111.268890942023        68.0732252880893         124.23036056207                       1
        337.634860642153        82.8360283778147        72.8725597703087                       1
        99.1904665587889        49.5888547872531        73.0049467654317                       1
         222.70428245205        87.7839475257356        30.8361766649177                       1
        297.679659852438         68.301380346554        101.242435455476                       1
        100.797647462749        35.4572588070403        42.5729585236195                       1
        182.040400000535        69.4047475129816        160.464626295868                       1
        71.5658025851275        38.2390211161779        126.341261947977                       1
        133.191928232776        57.9128590547778        33.3882757384299                       1
         115.63444254781        73.5965518776348        153.446050185756                       1
        334.054244773451        64.5679875798885        3.70041379017896                       1
        212.604788062195        74.9969164054609        129.701291613726                       1
        79.3706046543603        39.0256633944182        78.3293655611722                       1
        201.633211022136        34.4527612679424        53.8827538669916                       1
        34.5055621942284        61.6267554136212        66.3196505385107                       1
        158.899030371849        63.7024473645781          87.27550149667                       1
        188.059356782569        94.7368477530684        14.7439365933782                       1
        9.46307355719635        59.6026576628062        72.9546839485286                       1
        348.220950007776        71.7166109040238        85.2189062693057                       1
        53.3299581449321        51.8672201644402        112.888143564732                       1
        309.664268886697        27.4423765654241       -6.88716598105486                       1
        170.881902098702         30.271828787345        182.517749864034                       1
        128.149433731362        51.9871290490181        14.3901451056313                       1
        63.7852245596521        43.1515335624108         10.690142115852                       1
        89.8896843435214         67.506329470867        25.9890022853369                       1
        220.031127671393        78.4677725872608        -17.160183463835                       1
        114.960080530138        87.5213804880321        29.3732915330157                       1
         15.154335095179        77.2904353748154         76.778087059237                       1
        293.804426693965        110.137679966282        149.546489959043                       1
        321.467282730269        54.4776284855874        143.854924658909                       1
        193.080081041518         78.724308014759        169.359067938696                       1
        190.822153653001        27.7747216985559        32.9320814658089                       1
        289.222843246918        67.6977281569489        44.8179320431248                       1
        287.031580093498        55.0853433524971        85.8350689332811                       1
        134.657049247027        67.7088807801288        183.288146136861                       1
        62.4631998177487        41.9376057069863        26.6927386115688                       1
        112.553169206086        65.7596731117359        105.970024441412                       1
        96.0981983484586        67.6717420152404        16.6224339030248                       1
        186.643895422386        69.7538363562663        93.8773374467309                       1
        269.351605372435        66.1968504190511        102.122644719083                       1
        70.5890796760255        50.4029154676429        122.325563046093                       1
        88.6056050502936        67.8075256828331        191.085133254844                       1
        114.621718584136        36.9219865128146        106.606097568539                       1
        53.7911413921379        67.2343437498408         81.438076246734                       1
         282.20210381639        49.6226219826274        57.8908890553143                       1
        76.2361238108091        50.1700918077293        101.701388346039                       1
         34.279630419273         70.487589479368        78.7485794492903                       1
        9.74998785107516         49.490354690341        95.5832774196736                       1
        123.460949851484        65.6531655152063        39.2191197993063                       1
        323.812453230792        59.7257471745853        54.2231598688285                       1
        257.011159524808        55.8768819266697        162.635639460417                       1
        304.716296653541        56.7749397886089        28.4346881557238                       1
        212.656798584674        72.9314626554188        114.037311833305                       1
        332.480289467693        6.47920100307851        161.161918326795                       1
        56.0284532927214        70.6297604698463       -4.95790062689516                       1
        213.279558473068        13.3004240009745        25.2856950618266                       1
        218.182898200408        30.2344483826947        72.2775582917032                       1
        19.2718742146326        32.5889249986909        45.5584690979432                       1
        140.087024715086        7.22400362506196        126.000011774363                       1
        176.535629730609         24.202435959249        21.5507247020448                       1
        172.347534822726        85.6867356128126       -8.75565926572894                       1
        98.5680258117242        51.0983416035666        175.570729984296                       1
         187.68687913695        43.2231847566682        118.963446164602                       1
        210.704670470046        49.8498283077875        87.3702075629131                       1
        37.6009527285606        36.6276004323122         109.49543441276                       1
        11.9274857866842        57.1107583011511        165.441406231339                       1
         306.24727863621        23.3616933491263        51.1995575366362                       1
        264.357137448883        28.7023628425405        50.7962930167918                       1
        334.775275555319         45.829056326141        95.8932415745083                       1
         38.596255896123        82.9891559247503        6.12067848712167                       1
        124.814527957949        87.0422057166033        173.641316434784                       1
        216.427431694379        45.7897626819866        78.5710673587431                       1
        128.267042281552        53.8956782269922        174.049761752877                       1
        10.5830284681111        75.9111691865762        103.512205609758                       1
        55.7382326575575        29.2218369934427        140.055943274196                       1
        57.8498387075771        77.4963702620646        18.2628455821261                       1
        307.669760725712        31.0314190607972        115.692166189349                       1
        45.6459693991505        64.8090063555746        183.940784224872                       1
        196.617033387789         25.362724911171        94.8578634389071                       1
        151.272756692554        69.6748739696582        115.843593555164                       1
         31.148881335051        61.1027955947917        109.683581894398                       1
        214.607030765219        20.0662830004434        134.726778741408                       1
        18.5310675529027        80.1064519540874        103.846485878298                       1
        168.552471993962        39.4566244128941        33.9875264565262                       1
        105.775886944584        56.2143842384536        140.094504067247                       1
        124.865005913513        36.9546861597396        112.923316729381                       1
        75.6091674235824        56.6371216196185        143.243123344517                       1
        151.433324221166        58.7510270464552        79.9130248138217                       1
        114.958223330437        71.6761989991683        65.1062698705837                       1
        281.133331412809        14.4696789373577        147.676643490871                       1
       0.977947559301604        90.9615111145636        60.6250714784219                       1
         220.85787567451        40.0872918753626        24.5223806851942                       1
        321.622461741772        71.5316809466358        74.1862676944712                       1
        23.7495719598671        19.9903102390878        48.5421804730369                       1
        102.136982969138        80.9248125803266         97.384732791336                       1
        204.443214617733        69.8900670134709        53.2139644006761                       1
        167.727514168906        52.4505985235106         86.228118524779                       1
        109.285219418297          35.13304500569         76.508246806834                       1
        146.862996217183        50.0519754842596        45.7541944479144                       1
        26.7176062030248        96.5420033157288        84.0809015489141                       1
        19.2063829840424        60.4726996059291        69.7090402655914                       1
        30.1922837855379        46.4219710973607        110.216718520253                       1
        283.580580787489        43.1009517021531        20.0186167616834                       1
        42.1282524432326        43.6800533787083        99.0630414020889                       1
        251.366992087627        15.8642267405128        167.500926432891                       1
        305.647580796944        85.8687897704669        69.5389795735611                       1
        145.667081570685        59.3166655372903        30.9938577038601                       1
        338.487298535615        48.4908389481811        55.8800778318646                       1
         32.085081930174        87.7738735380776        98.1575483060132                       1
          180.4925995883         30.551060692782        165.558089264494                       1
        348.870785031042        81.1083646639755        13.5474684767431                       1
        152.719984101122        79.1570244258935        96.0324109929314                       1
        169.975883035711        40.9701924332329        73.5692286562169                       1
        369.131831035575        68.8486153194134         170.00602547967                       1
        348.756188335739        69.4433359966733        57.5481174513709                       1
        208.415736817064        40.4714415547817        104.302105596961                       1
        320.514329735258        44.2623860126121        144.384923516587                       1
        356.928939699708        56.7851244155015        156.557084184627                       1
        4.74817474729988        65.0125871100401        110.839303348247                       1
        341.826052795174        50.6861561316218        68.3806464742855                       1
        25.4331196034569        104.883708219673        -2.8865026069104                       1
        19.3393045711867        59.3422900806138        79.7704457640544                       1
         72.224590028545        59.5297401566246        64.3296360489145                       1
        140.707378662773        72.5309810089124        107.747900469934                       1
        146.658526301821        55.0337688654199         100.45059556374                       1
        22.4669585728703        77.1958868979297        151.834760703303                       1
        301.911665489521        68.2656091642788        95.7246155621819                       1
        35.4627127473657        81.5625529270754        158.508765179218                       1
        200.457025898118        84.1300932462534        121.192506758604                       1
        350.015153263157        63.4071989998531        79.0034444630666                       1
        198.566878382258        68.4001933009124        95.1214632922668                       1
        223.758097718364        31.0929285163005        81.7909574079621                       1
        198.915022596162        56.3869602463268       0.333735517076831                       1
        24.1623444664133        67.2462583284948        183.030223711804                       1
        243.898199019579         22.490614039187        157.776889948545                       1
        208.118064672265        69.4917750056144        65.9355399991418                       1
        204.874171828037        90.5751722250837        64.9952304163748                       1
        137.235150611596        52.4178206528462        112.678928701752                       1
        251.281670654457         66.930830402405        73.1961884934656                       1
        65.9431414744641          74.16773331372        39.7344095754848                       1
        127.415109263581         15.959045667075        104.459229949411                       1
        272.537100465363        63.8885384293992        153.271277168621                       1
          197.2706327243        52.3654899726106        149.895520907154                       1
        199.096232412916        92.1015811094738        108.084324635618                       1
        50.8247460011188        70.5135083881898          139.1118279961                       1
        247.706262819279        62.6519886384522         146.68488804505                       1
        232.708321695398        64.8849690720085         146.72568303272                       1
        270.816371358362        58.3238225377636          99.22259986634                       1
        42.0204545102342        48.6302139106512        155.241064193521                       1
        39.4892800950064        75.7918714877165        58.5958012494318                       1
        123.065290696381        68.7230333353004        159.903511695663                       1
        185.546548664138        44.3417497187614        138.405740244327                       1
        98.7819983515673        49.2609542086314        40.1787486842171                       1
        143.996869674936         60.743417247493        122.570978410644                       1
        208.071459204549         32.081369340238        94.0792787643461                       1
        327.506136027218        45.6396921637771        24.7530705514721                       1
        48.8790896952136         49.258510491861        130.559405970387                       1
        341.876012819002        19.2939142278598        122.287841091995                       1
        69.3697974944982        64.7823433644748        180.107974883443                       1
        306.796449928898        27.1699804258354       -6.09705945470552                       1
        294.403163668509        89.4392541105508        100.109911637083                       1
        109.391542123671        74.8480977141575        178.272879552109                       1
        215.326884307115        20.0601698012162        10.8324210464351                       1
        124.702667841401         58.895466213617        25.4462435203723                       1
        166.399074522314        71.6261886959853        202.782871698911                       1
        207.743232998551        96.1596164315601          2.925724702814                       1
        347.922985935689        27.8982610664162        46.9882621432203                       1
        116.593107208535        57.1148865775571         159.53369251978                       1
        128.919195522163        75.3420706637636        130.775509249988                       1
        210.616347347731        64.7223421467698        165.291536198593                       1
        144.202429023853        75.4635013099592        52.1744960969707                       1
        195.016878676314        84.4546314290915         23.671249472257                       1
        97.9760589561153         49.523021127378        82.6414645023176                       1
        116.139749183375        17.0534056473644        39.7839579944682                       1
        226.984845985828        58.0699654322881        83.3187060702786                       1
         213.78356937642        34.9570016055256         175.72082486821                       1
        294.611515575224        41.8963363334922        45.2833809758227                       1
        36.3768612179867        38.8367269537534         142.77987584961                       1
        72.6978402089555        29.0771246327378       -8.03040963858231                       1
        226.871731076627         54.516459220055        111.962205795282                       1
        222.724772522665        79.0543887721061        52.3499052225308                       1
       -24.1569375042678         47.468711200771         120.85750422846                       1
        284.058432859479         96.401812249947       -12.3316803583021                       1
        347.374184744685        41.1452098537219        169.219195009351                       1
        214.152672158174        92.2144110628261         46.730393993926                       1
         129.00340770765        77.1143038267336        93.6967207837876                       1
        116.992032623926        80.1613247676153        45.3187945736053                       1
        175.378643960519         25.784212590539        37.3991516711585                       1
        215.333713490079        26.4728288560953        27.8148440134342                       1
        37.9956443396124        64.7012809821509        150.542210050916                       1
         137.59939435314        17.6213452469552        177.858369601447                       1
        87.1922446262454        38.9963295690869        35.8738748994985                       1
         275.82995712662        79.5450946138567        88.5120646119497                       1
        48.0949439347707        80.5676829821782        119.179348593853                       1
        276.966841838674        101.200940575402        155.519786808567                       1
        21.1367052487864        84.0599062282721        90.3837209109075                       1
        239.162915682248        37.5010333866507        119.487425597437                       1
        232.667904885153         40.216876862121        71.5395473610209                       1
        167.908685603369        42.3912117956812        2.45625243736274                       1
        156.649356901968        54.1796853468457        195.091015977643                       1
        24.9075698187572        75.8020695369973        90.1735788311177                       1
          18.22345628452        107.321235468712        73.5544910418653                       1
        297.931557074442        49.4163336562655        173.382609492279                       1
         355.31975152579        38.3329422961481        116.340672259885                       1
        311.439742357376        85.5550052833922        136.433830210981                       1
        146.745031629039        12.4334234569069        105.349340848771                       1
        44.6400819274321        71.1261898067388        73.9815163898926                       1
        325.720156906387        20.4611873804899        106.572451993275                       1
        144.474063527004        37.5448022371414      -0.860489618662138                       1
        142.934669890657        62.3710309635203         88.046781466589                       1
        101.277731357872        56.7583371765679        105.741872523859                       1
        303.570939633791         117.24154530683        89.8772172966937                       1
        28.2626284077869        88.3233707300886        58.1944538495653                       1
        151.436011007652        75.6550753493506        121.387678596683                       1
        353.855320733134        82.2886051332263       -5.32758851955281                       1
        200.129305702424        46.2026166913998        158.416434230017                       1
        12.0518696899936        46.3549619502313        8.80915124786831                       1
        21.7852698610643        73.4630789804951        144.549029704412                       1
        251.064707862647        44.0945084402792         77.402002827356                       1
        241.031128969575        43.6484630162407        153.700638010347                       1
        236.779918699127        28.3413264286978         178.01095837741                       1
        346.391406795312        72.7071619307018        4.74943053144722                       1
         318.31496056993        64.3534939847649        91.2180995934618                       1
         189.25102979733        32.5265915829954        69.7137019195429                       1
        194.157239648571        37.6096002866557        38.1108095140442                       1
        51.9807145883448        67.4330156587358        80.1907505621992                       1
        158.293593951173         78.874850413563        154.732478283411                       1
        37.1823321552841        75.7644975284523        95.6650829008662                       1
        81.9800758059153        66.9432312677735        42.5095272811606                       1
        174.161005827141        73.1229970688103        185.426852024843                       1
        166.303007583663        45.7001647260994        164.109029198289                       1
        337.249991438771        34.5535457915095        118.011789897166                       1
        271.223143392619          36.73371771388        153.271356207709                       1
        6.23152214632367        42.4921434594345        80.5577375969913                       1
        130.793640248584        68.6281994741938       -14.2239711265963                       1
        94.8236205876862        73.5202487608428        144.022709278779                       1
        267.982470404498        94.8957774812859        -5.7101688617124                       1
        246.195820957194         64.551500140383        107.390673669202                       1
        336.205689403242        64.2337688781408        71.5608397294544                       1
        265.565790051307         54.538167732867         81.288016149525                       1
        199.528553614485         72.715780292279        115.427045364733                       1
         185.86672897497        22.6952897746834        122.306936807429                       1
        299.019492224758        89.8913791614043        139.359970282549                       1
        31.9997047521707        36.0535013554408        132.060754627922                       1
        319.097705501051        100.290020569595        105.327453453779                       1
        12.4316494521233        92.0818370830755        4.49440300760295                       1
          365.9675359961        15.8446415217172         90.084731975348                       1
        137.483017167943        62.5777837259332        124.093285288813                       1
         358.81039438143        75.5390690687716        4.86486459235797                       1
        352.417669309878        49.7045428367604        74.6640281600582                       1
        20.0391831718628        90.3864887868586        108.935257618815                       1
        81.5883930471369        74.7509694938941        132.259500266008                       1
        167.681414150669        83.1761908435224        123.579948501694                       1
        81.9922816338266        66.1921458519068         69.932802749384                       1
        186.286056004726        63.8542276881632        132.350617525471                       1
        358.912109046576        79.9507786538808        47.0052255200296                       1
        284.688095842693        68.5714682190467        71.3739373266921                       1
        117.112184543354        27.8707579385042        62.5047123335906                       1
        227.716226343028        45.4392475922043        93.8033006659472                       1
        122.687035235333        51.4199605830735        178.237005865935                       1
        10.9020300904312        93.7960986985252        48.6883313379847                       1
        212.676482564946        52.7991353841396        15.8114956772569                       1
        261.026599704497        71.3611452510694        141.790287739512                       1
        102.368663935424        71.0008956152384        23.5980670521995                       1
        278.913530939623        55.4257815738188        112.759953931645                       1
        25.9990795026791        58.9465339820026        96.7961737543334                       1
          186.0126286151        57.4786457341925        145.135204470941                       1
        352.179616663696         66.389801980537         153.20667804511                       1
        104.534550543184        63.0164387122392        37.6273683110332                       1
        217.994315455555        77.3807294881609        98.9194746070607                       1
        207.421668859566        83.3886093827324        91.1291817310445                       1
        198.487171283439        93.9839018338865        45.3946636595176                       1
        120.164842791781        51.0431295644801        56.6416244207747                       1
        88.3033245093915        49.8273341006533        51.4459378019687                       1
         132.77050253858        48.7285266077503        25.6286384608344                       1
        184.244218135017        71.7111481794854        136.404766282564                       1
        171.288312848751        61.7167199860499        56.2104879934224                       1
        109.618661068581        36.7990709938029        63.1531107481292                       1
        174.433748163618        50.4735160370651        59.9161518963635                       1
        177.437196881522        94.8377419300024        83.4748135232848                       1
        284.919957674485        81.1993704950038        96.4603178717572                       1
        49.0744352636144        40.6007311567279        14.7052823718815                       1
        184.773615481785        87.4855500238973        120.540596493994                       1
        237.620468118518        70.1966609721421        70.7860276192768                       1
        248.611080048279        14.5606574452656        126.656515279333                       1
        42.7439678645021        40.3120998272894        141.954211165905                       1
        67.6347617130613        52.2023369744861        82.4132899236563                       1
        123.215155353459        60.6715543411269        127.649387169133                       1
         196.06514551398         45.851265916856        104.267172685265                       1
         235.45879940302        61.0784290848818         138.52121899617                       1
        215.176232084668        55.9632235664758        98.0158288370345                       1
        258.685941879129        97.8692392729995          163.1710753295                       1
        293.459162313848        75.3830069428906        122.755891271467                       1
        33.2446570242809        48.3172795096463        65.7573725256849                       1
        1.43232014090509        72.3658546474004         67.242973670593                       1
        168.121067933461        32.6795738093922        54.6871333568625                       1
        100.750035771064        9.21085050904663        138.506865184115                       1
        269.521734938808        87.3081653804036        148.982925503021                       1
        325.905489332707        57.4046794264509        47.2912384153418                       1
        149.366893261056        44.8136647547087        118.560906783352                       1
        194.685471007697        75.0717712481758        176.934129689931                       1
        196.353429959088        86.0880906163917        190.721063204234                       1
        317.073406803509         80.553709655433        11.9537392132766                       1
        133.588694127855        77.8253018603898        168.135396446749                       1
        74.8299997843167        39.3399935921497        136.645854919373                       1
        54.7202605261386        52.1913649477865        182.786678912459                       1
        141.899151128167        40.1367869136194        44.6774048832666                       1
        87.6907036821714        43.5956503997888         34.588971360906                       1
         166.59406680657        34.6451518549554         78.380784955527                       1
        40.6475630851653        53.7634483024969        169.555386831212                       1
        141.772286789717        62.8915815851939       -2.62178983823834                       1
        132.696496425307        79.2161651828549        148.137118570914                       1
        200.527549296005        56.2694817345067        103.418140437093                       1
        33.8333554459155        86.7127968010243        124.888239690545                       1
        145.451927610195        71.7379283731767        89.4284734055351                       1
        2.67307807907724        82.9379207662949         103.23826874469                       1
        310.454358857133        47.7497498651809        39.0487502731466                       1
        71.3612967234161        72.6126965375783        65.4202521618895                       1
        5.43206276847631        77.6474250326046        175.805078127237                       1
        185.868895657156        64.4039680118009        141.406906996548                       1
        21.5099792565818        61.8059718334065        135.084672125131                       1
        152.308532584454        38.3575830802957        84.9220589281828                       1
        270.382541411324        12.5048728791976       -9.88331736184543                       1
         12.363539716379        38.6111383407446         135.67550773008                       1
        334.622565180298       -3.63051420046561        154.838665112386                       1
        120.640242451499        51.4873102399017        16.5760371202169                       1
        91.2536184547592        69.0833685524962        53.0137922568266                       1
        200.429875128135        56.4701309854644        114.221613206563                       1
        243.240370599454        47.6588760966433        94.8553843795023                       1
        188.843805442934        6.22419872382068         193.26253204722                       1
        103.447149448966        66.6293136051795        139.333286406458                       1
        256.673202542822        56.5206293155496        117.099892736862                       1
        82.7049071265598        34.9158926585373        135.620467564729                       1
        177.675677336295        82.8160196384968        114.435866422117                       1
        195.627118722454        33.8266032855729        171.460411856523                       1
        350.738438505891        33.7202660899613          89.63473757503                       1
        158.243960800384        55.9997175792642        136.018904333437                       1
        377.638105628953        57.0731573520743        174.106201270559                       1
        292.527132683154        29.6650260876856        119.402277445518                       1
        39.1692663986946        69.7326603817871        91.8995112499284                       1
         9.6456354347364        79.5415248728991        5.11937922463378                       1
         144.90335963719        55.3807523696815        40.6201612028477                       1
         87.074978810898        62.6799088086761        161.407390335175                       1
        43.5849806112623         10.255847818654       -6.35813259954207                       1
        343.448973280254        63.2165986324153        72.4193319020679                       1
        122.556506350683        46.9246683952358        35.1505843932566                       1
        220.706569852684        101.496834402962        2.45228506768826                       1
        26.9628678520858        49.2071682197983        116.573586492012                       1
        356.029252406026       -16.2795839485373        168.572362647054                       1
        291.725554823075        70.7558685521954        76.7322959757514                       1
        67.5596096226311        71.5919594065108        121.023139083099                       1
        147.315696685897        94.0962381862674        106.054775030284                       1
        192.802817610337        106.397094077152        49.0602440493407                       1
        239.749762612492        69.9090416871311        121.114445540867                       1
        92.6341706288521        49.8101007214854        60.3463365859928                       1
        165.887627632584        11.1587201800935        51.2801514034931                       1
        108.303934443792         83.301914047385        162.462764513053                       1
        90.6173422634301         57.923648153596        15.8984593651286                       1
        171.623840967977         31.586209926057        156.513775355682                       1
        80.2721159243625        56.9386753540555        71.0738588922724                       1
        197.840608283439        103.829875830145        61.2072095516958                       1
        235.437396065822        58.8540867430609        79.4189998724572                       1
        73.7622531585844        79.9736447390352        31.3263432470875                       1
         211.73105707209        4.35762218127339        41.9204271145914                       1
         92.451574508292        55.6046401810691        117.968804322618                       1
        191.478705682416        83.3271708799045        134.043848508814                       1
        63.2088343317358        47.5475200357727        142.948535191354                       1
         72.889771174133        42.2100499766323        91.1237589217356                       1
        39.2477709372963          60.74232930557        101.376796535136                       1
        178.508670211059        50.7408280504959        17.8492562719713                       1
        174.359883051681         45.393659066558        100.650817891991                       1
        195.715280924567         65.887854047245         40.746115919681                       1
        357.889193229748        58.9284966149692        82.7826796753487                       1
        31.2311000359663        56.8558013873329        115.999681658814                       1
        291.133043675054        81.9964219584599        82.3698274074982                       1
        39.0614292837622        68.9160817614428        165.949854698654                       1
        299.054734403769        53.3759410830084        82.3930618755643                       1
        135.795389993001        55.7914835008664        144.828756909781                       1
         54.165851982943        54.3732401129191        84.5200144201395                       1
        44.9788848194513        63.8216663260438        125.325982171028                       1
        125.996320144898        65.8932047495562         116.10819845376                       1
        348.498067885706        58.3553764598505        112.709630379529                       1
        339.929963312015        8.02190903594158        101.951039594281                       1
        8.94924998802836        54.2098250146147        44.8482887303919                       1
        353.052678863001        36.3319392512008        151.567055570722                       1
        101.164421491079        51.7143276770232        18.7439860828546                       1
        215.532927371101         95.841800072183        40.0582360934026                       1
        109.356388561217        20.9374752606849         154.17216799367                       1
         323.19379567118        50.2182684374213        69.1705812288187                       1
        287.590052568173        20.6668939543603         183.42441028498                       1
         112.01625540012        57.9557583050078        175.260783007992                       1
        341.386921498478        42.7687248327184         168.90426652425                       1
         41.867455878813        91.2281029854707         171.60403375692                       1
        19.1962860359157        56.4026706288314        128.220508874322                       1
        372.327155723484        95.3469854121708         70.798239291291                       1
        24.1288433198569        78.9955400151015        74.9368656213246                       1
        34.3386168133742        77.6510547701267        144.448808381251                       1
        131.695328472808        65.1506622088406        74.3879894563753                       1
        8.24657869902845        46.3418366195528        156.344228880828                       1
        69.9175551189724        17.0862976944879        93.9120851926185                       1
        333.820927169691        55.2846506909727        160.935885488639                       1
        49.2129818989598        78.5355017172033        15.7011167301162                       1
        79.5098052128561        55.6646966414543        150.412610374545                       1
        161.564361329102        55.1365715310693        38.1660056109991                       1
        58.2509726064444        63.4062299851193        59.6739488891207                       1
        265.278249740593        31.5128642681133        87.5124206164189                       1
        13.5250098612628        82.0909277485993        99.0923114800029                       1
        26.0787867404614        67.8958120843766        140.944753284002                       1
        215.073301643952        107.697004626481        73.4673389628628                       1
        323.868005147833        65.3341082574474        22.5097146112645                       1
        297.446751647029        17.4666864938005        37.0778658250376                       1
        156.066677910628        62.5867711905436        93.9637788555632                       1
        171.858901361346        78.5679183935332        101.317158407757                       1
        101.040444064667        22.5439942829275        107.569948799802                       1
        202.584623097971        87.1454658180917        39.4327324503726                       1
         189.16937179054        63.3103546641722         54.487494883841                       1
        131.823992854902        79.0515580205115         118.07613398379                       1
         229.78294986061        11.3420324553164        8.02553776691809                       1
        88.7289157353249        57.9159960375021        49.4385881006077                       1
        59.5379844701004        54.7171767834277        154.606912556654                       1
        170.541446306314        63.1898329484048        168.178237005593                       1
        331.057021993882         33.020094378012        152.766174029112                       1
        320.080875385839        85.3519455221681        60.6437946735178                       1
        29.4265330251142        77.1901796327744        127.952659950728                       1
        364.818604326862        69.9679816288434        166.422293748305                       1
        199.416667409242        42.9623131491963        138.185789589762                       1
        249.162807770349        56.5249140130368         88.997862320082                       1
        218.095944375775        49.5685685634333        113.132163212121                       1
        209.803904853771         88.507585946188        171.704635564456                       1
        108.845649522955        90.1496263908456        60.3318281016632                       1
        108.517467359672         47.361651627771        39.9030848293108                       1
        138.839611983578        48.4974119322129        65.2594654957609                       1
        84.5004180151794        50.2774524982523         49.664202115314                       1
        97.8799549887055        49.9362440926576        89.4836472912174                       1
        256.798046482924        71.9495543988314        98.4875531352169                       1
        160.296774496624        73.2882355325593        1.81657246448675                       1
        148.905613422139        21.9601960495756        31.9017478482037                       1
        13.2732843984003        81.6988751487937        15.1492807601477                       1
        215.870182567499        16.9347471398897        81.7588136173544                       1
         50.614092851301        89.3025240512719        75.5343855499262                       1
        63.5065694921569        79.7078791155497         71.256077087242                       1
        326.309754592462        54.7516138564427        9.18471451259888                       1
        339.039137984047        53.9123470523793        135.079532572009                       1
        10.8060101434493        64.5540000843367        144.187746132986                       1
        356.348668990378        35.6625556081536        161.867145966009                       1
        247.953385779096        80.8359076623729        139.756487111163                       1
         191.05253242153        47.8831438220843        121.868460038972                       1
         228.31801657168        73.9456718888775        103.875994523332                       1
        252.358801184215        16.5412004172472        39.4401529583685                       1
        55.6333968518573        115.760542239342        84.6375963405299                       1
        199.175150754711         60.271898624342        128.989478003961                       1
        47.4240267790575        39.2149863845701        58.2559465361335                       1
        303.830808255424        94.2175069752341        159.523087818678                       1
        147.270975483031        26.7167468352043        91.9804927283813                       1
        176.231753647318         57.015681816752        54.7503476961418                       1
        38.5434441320759        76.9534486272949        91.5581236462944                       1
        119.202165968264        40.8094241733735        73.1374264832957                       1
        218.809887988984        84.1052524778867        90.2136438467471                       1
        103.281213378816        65.2863650031429        52.8854747721024                       1
        37.7471472199009        59.4470105253853       -2.38481755529997                       1
        147.637030947373        91.3425014394939        89.4835113411829                       1
        215.588694371977         93.540001034575        73.5158741741198                       1
        22.7789653442604         55.125785400941        90.2680667342337                       1
        3.33105781863877        50.9369722318368        92.7251808950503                       1
        139.320992618635        78.1047880839218        95.7636708302803                       1
        353.876005049029        66.0368717946292        94.7005721193601                       1
        156.796587501394        71.6496655948201         100.02163111763                       1
        20.7184310934947         68.512624337253        104.696825066953                       1
        355.074187740128        18.7207297964493         167.25866269894                       1
        251.779573028741        55.6312760923555        70.6328882287724                       1
        211.862580174271        17.2265576214076        38.9692848752762                       1
         281.20927060309        34.9819912091936        94.6136992986654                       1
        358.101238932381         64.472094044175        9.48842614817207                       1
        9.27270184229178        38.6680524208863        57.9979976229913                       1
        19.4687108050016        81.9889157460274        -17.907432111629                       1
        106.843871877756        68.0850833823891         49.873182291125                       1
       -10.7246787597836        58.0893703992838        38.5701104639528                       1
        178.720740084455        6.16384333443231         48.333814115656                       1
        264.502074184677        40.6346896266278         171.59539290753                       1
        18.2423056200148        35.6109704413832        140.178624735419                       1
        195.466427474589        89.9211902203232        161.182066637786                       1
        214.983262830746         13.969483908535          51.81919232318                       1
        214.079612170973        20.6724042292241        48.8605004206165                       1
        104.639050813949        56.2850079008518        44.4258868857501                       1
        142.325294753949        81.9747809929105        113.000593634466                       1
        29.3254244814734        54.5732304910241        171.050450311327                       1
        235.428969152962        82.3572157856177        20.6802824407344                       1
        145.406096323033        19.7176212125526        94.1440390310144                       1
        149.388350147379        49.8245863203511        96.0537619817616                       1
        75.3699773386463        61.4072354109616        139.196345543644                       1
        160.344084940081        52.5246193200314        105.015350278715                       1
        244.450892801425        30.5748937555865        54.9253557361495                       1
         247.52896598369        74.6685173948999         165.26940231224                       1
        372.390230113894        73.0339734123185        76.9851277242538                       1
         310.88639119484        77.5852342568257        42.3162500757216                       1
        179.441218598372        43.3184306995074        114.207371396581                       1
        56.5097039068836        51.0530273393556        97.1562397969149                       1
        122.105332487168        51.9982010171759         117.28262171608                       1
        194.799462966704        107.872385627718        121.082617821231                       1
        87.7869666012481        -8.6862609496213         151.12061938636                       1
        272.363963186278        87.9762900069917        76.5025697158543                       1
        147.196592319392        33.9075727055497         29.650676476252                       1
        344.602293217199        40.9494107753519        113.693098087449                       1
         35.013304319191        78.9833420564744        15.6486690705862                       1
        77.8196198581234        59.0585203291335        160.227025031257                       1
        227.404105635838        77.3040498759917         137.64763909213                       1
        74.0197420474351        34.8525854189663        109.403364555902                       1
        205.070239222084         89.764189148426         13.697588399161                       1
        142.073077195453        77.0934135381703        115.287947545587                       1
        384.581619728784        73.3129147445273        164.252914616604                       1
        318.789444169652        43.3822488151401        50.2270273779499                       1
        140.663050438195        49.5932033753086        166.491936563491                       1
        253.293864785718        45.6741849685819        72.9187131832106                       1
        27.9725504829861          83.78744342429        22.1879164139223                       1
         73.696315188583        53.9646702173141        22.7670585752306                       1
        119.215745330928        54.2818644017859        22.4089928408945                       1
        31.4351955550687        48.5615555755759        22.7578808565456                       1
        46.4797529252199        81.0946764540698        151.234531164516                       1
        13.7635182992191        71.1625787740066        161.628566220936                       1
        311.871762977794        76.0164346316501        25.2471664235161                       1
        367.262638347257        52.5849093806214        159.656602336147                       1
        114.714033340141        31.7939096824087        35.0083853138256                       1
        346.404996242148        41.5269339509929         74.180830060798                       1
        353.717469254506        57.5160302628984        52.5075586712273                       1
        7.47358471165763        71.3602426424534        92.6295727315338                       1
        169.054917871602        23.7517786218853        134.666328773017                       1
        274.381047729019         71.876363336495        70.1394005285348                       1
        235.100878411634        75.9273631894494        94.5474685891028                       1
        354.814951819956       -19.5650529381985        44.9201546889193                       1
         133.67800917963        32.9319366078133        56.7995156049753                       1
        158.168846328475        50.7710470017772        61.1836565748884                       1
         310.18973343675        48.5045376881319        92.9186921920928                       1
        24.7034079880282        71.5712183059956         74.853103300043                       1
        43.0233225341918        59.8679744595374        99.7825996292945                       1
        146.576364713412        61.9490383894173        5.38095044895584                       1
        25.2970057341546        64.0096007106554       -13.2182057510117                       1
        189.389174691762        59.5060407332409        148.137360393179                       1
        334.299885882953        40.0658823813948        166.823744202917                       1
        188.842792833133        31.2411701886383       -1.89802925845174                       1
        121.261114843715        77.1364970147161        135.156232050051                       1
        273.430901300314        48.2330577621807        69.2198690967741                       1
        303.706254515539        8.62472023264918        103.330346261169                       1
        42.2998805215106        23.0615456431976        22.4529330348802                       1
         304.54916016901        71.6054158735505        56.8634082973208                       1
        73.5317814112616        40.7641818302022        162.078542213084                       1
         162.91454538765        63.7036286873896        44.5834460612422                       1
        113.348284145544        34.3231091517779        101.819724397955                       1
        369.392880619459        72.5170247819508        169.740248535447                       1
        360.532363425664        57.5985339822515        84.3882699894573                       1
        271.518605309787        20.0036952833581        51.6517735027969                       1
        54.3263226240011        18.5707493110874         38.752637652536                       1
        215.492462360353        66.5324364301712        132.708914977932                       1
        51.3672065330996        57.2495658969928        58.6752451680485                       1
        161.047762900263        77.5782283582449        76.2899660849939                       1
        97.8917668660235         80.005028156335        118.190387636527                       1
         132.11268276465        71.1359347799693        22.9140944030679                       1
        150.642276732603        38.6461069965868        100.438329538839                       1
        357.393722630842        86.6937859318254        113.285851900611                       1
        46.3099790136469        37.6029589812391        3.41265754561687                       1
        362.234624321891        49.7597789741992        140.303850035751                       1
        287.968032661161        48.4400231243483        30.2839990816001                       1
        362.123643560083        75.6424413114834        70.6022600951109                       1
        309.184245220921        44.4033439164432        112.973585769463                       1
        208.546712524159        79.4537396230962        42.6956060207819                       1
        358.559177350302        57.9111377686676        64.0022746414097                       1
        217.714572904667        85.9323269172804        111.334597611232                       1
        17.2202705799705        51.1258462765215        55.7990008611514                       1
        166.678170581597        42.5478856471625        197.526168374726                       1
        230.230800047705        88.3853451195371        96.4590579709537                       1
        71.2792721615368        56.2924516978068        50.7839992735366                       1
         215.72159560482        59.6106684681839        119.611956996432                       1
        332.165480442165        22.7508936185064        33.2697720577884                       1
        277.488262916365         57.651658565316        50.6775714731845                       1
        206.196840978589        70.3241809085075        147.136384169885                       1
        227.353882227308        65.1673831482986        68.4272515705102                       1
        360.132184126148        74.2559542048892        119.834785437343                       1
        122.906793738766        31.6238428166667        126.162718684818                       1
         270.17020920962        68.3441438293506        86.1566001644067                       1
        160.519090670253        75.0495282355995        68.4529126350709                       1
        24.3593189682027         74.491885015011        119.381366307488                       1
        232.142643180371        86.3030734016793        173.188715391485                       1
        177.591060359627        73.9253143504243        73.3133564284959                       1
        30.1025887177399        56.1507792490801        96.8098745088895                       1
         81.174854175817        103.143057582192        63.7342513098678                       1
        313.003652493571        88.7264138297948        151.971726251951                       1
        166.413593875909       -3.47593966568306         83.589232349897                       1
         331.27255435208        77.2892816502221        144.550300273094                       1
          128.0303299285        75.0531194110489        40.3457096449882                       1
        259.590142067721        76.4164463189444        150.336085407182                       1
        234.807350914866        45.3018581140135        95.3361974249334                       1
        35.1014936739923        63.2197939271707         152.81774175608                       1
         166.25578207926        66.3624742242472        96.2978463195524                       1
        217.316756861386        55.8325689763638        128.133078172845                       1
        309.090910177352          88.42904743356        127.290658086875                       1
        235.259131876257        25.7969524265645         87.521941098986                       1
        345.858245899839         61.436655430956        56.1548609865794                       1
        219.206964070123        27.6321798756806        88.7046080554429                       1
         137.57524690578         37.877221726306        18.7110146701373                       1
        14.2965485577644        39.9170883352369        121.694420278697                       1
        368.097395286641        45.6106427206938        114.796578816032                       1
        259.148294971037         63.096026110331        80.3117547445651                       1
        324.855096863095        15.3633540288434        116.235582549357                       1
        10.9842664923949        68.6624760558765        89.4076537954351                       1
        220.367328509708        67.6898084296744        43.6143271798503                       1
        147.936020660452        60.1273160445979        39.5644980245239                       1
        345.526074351443        74.1801363856518        84.2272422698232                       1
        53.5009313887258          76.43136184391        163.009228183189                       1
        340.443319903408        9.11102358997727        74.6452008938199                       1
        162.300656908869        13.9134325398781        114.946839824292                       1
        59.9464404511341        64.3329502719049        95.7816416870197                       1
        190.265638665238        85.2463972157813        4.79205454760519                       1
        343.614272233064         85.105357640249        78.1061825453686                       1
        179.774619420389        84.5496647917168        172.079815920211                       1
        119.462088091622        69.0850468970662        16.6710974022158                       1
        52.5061508968926        81.3992504644334         117.70490143146                       1
         27.597481075735        58.1453589142016         156.51232985363                       1
        52.8516750986851         84.661023659487        90.7407637151527                       1
        208.322371992662        98.3065980035818        63.3452309572077                       1
        164.434337728002        57.8744341399565        116.311908647402                       1
        267.987573247909        21.0230367020938        87.9225797527361                       1
        45.3996358526098        67.9638892232333        58.2802288207413                       1
        45.6572671257649         50.981511828297        19.2906173535438                       1
         31.591331397613        72.2401960845194        122.076742706915                       1
        109.494155094853        64.7351226748216        189.194905909139                       1
        317.804584968091        34.2716414553685        88.6107579040478                       1
        69.0106867642424        38.7237958347239        157.281983919351                       1
        52.9994298958173        62.9143730272441        151.879680278969                       1
        246.373599890439        40.0507151596736        4.08498768976702                       1
        63.7242530235303        53.9178070480658         56.500586916315                       1
        33.6324703947406        83.3486578936298        79.9023504222077                       1
        194.760466588893        70.0146497913458        165.251839422681                       1
         192.36475667806        79.6263025701627        79.8160758155576                       1
        229.733839904716        56.9508698201197        101.774353353471                       1
        277.242802855969        86.0064608617632        48.3812517768002                       1
        214.219172063918        76.7941243148134        121.800022694477                       1
        210.195240671977        79.4039597940794        22.4878673056463                       1
        253.109659782865        22.4378328923005        7.18067790708733                       1
        230.565250349589        101.615690668378        145.367546795327                       1
         295.93989840384        93.8559140754316        36.2213935818368                       1
        33.3062129417222        47.8068341701949        135.889686638098                       1
        186.003385339213         82.726386745161        95.0742162435025                       1
        226.181359972763        43.5402391061985        134.870070316746                       1
        92.4083106800142        73.8419044016425        37.3365246613627                       1
         319.95225141474        47.8025170442242        18.7687131526523                       1
        346.975003785466        53.7500029042647        6.35067087973339                       1
        311.662243941375        41.5722182556454        136.355547340387                       1
        302.043507860479        32.3282322656897        133.867144342983                       1
        346.520478013032        131.678888520379        133.173153271662                       1
        68.8531521613025        66.6778109656042        129.279451131595                       1
        261.042053010431        44.8471386247582         98.015306606796                       1
        221.640633676705        8.76357281127317        119.793410940216                       1
        243.288683484645        82.7040590953396        108.832722723447                       1
        84.4040101671293        17.0231893934604        49.3431571765784                       1
        366.551557290524         74.706362453605        20.5224616043232                       1
        341.326369917072        54.3976034103596        103.849466002906                       1
        230.263734872419        92.9833907559472        152.503553281155                       1
        148.675739278323        31.9602402708507        22.7624428840487                       1
        219.170846764711        62.6168739379282        107.712198648539                       1
        175.328281387801        77.6644890738021        58.3618075525445                       1
         311.89983511096        62.5902456506171        153.833599259588                       1
        264.583160031624        26.1096944430413        169.445581246024                       1
        117.431781022904        75.8279297596949        16.3675871129671                       1
        139.409768066632        17.7259734614913        100.538870522795                       1
        226.805043891972        83.2978443354636        110.873978792989                       1
        145.585500943038        62.1956467740804         58.106775607035                       1
        195.439175738358        76.3787714249994         132.69479060392                       1
        67.0937150391026        61.1965824615461        13.9527475537922                       1
        327.586171791485         68.452488995168        72.5971765373707                       1
        3.52325240034585         62.603258429334        66.4060615893806                       1
        47.0870917140011        55.0591488757214        73.8491169342261                       1
        182.807630014204        62.0137449378533         115.26857516019                       1
        258.078100718396        57.3813843163777        127.577582212559                       1
         176.78718688345        70.7682072848855        88.0748302088388                       1
        242.144759499189        48.9866498769656        49.4286524731001                       1
        139.001081585987        10.2557568283182        112.780790300913                       1
        24.6631559042936        45.0251543833797         130.11808589906                       1
        179.965855423589        73.0825016719489        158.313679484398                       1
        177.205012569438        50.8966002581794          2.056013540626                       1
        161.759833089254        60.5826314579599        72.6971857357601                       1
         43.106708999752        67.9181287667681        137.572091443997                       1
        186.798671042228        100.147647152765        100.405975438568                       1
        307.817868551449        53.8019714806953        42.3951445537298                       1
        93.6721493545335        25.3124516712793        112.824399935467                       1
         312.64700041484        64.7976407113718        61.2180179956695                       1
        219.956539587156        86.9245851885515        135.267597845269                       1
        22.2128910800259         74.364044211282        3.39228556465365                       1
        336.025511086379        133.164592185312        176.280753458968                       1
        242.737821716471        61.5854262629498        13.0147160404074                       1
        142.210440919373        36.9632857458641        158.558313319114                       1
         325.91948858805        65.4469913130587        68.3423404920635                       1
        198.370054970777        85.6081248057632        97.6130118275098                       1
        331.917459347368          62.00369333367        77.4603986397019                       1
        215.637601410948        100.269536698713        39.0692757032952                       1
        304.025157311276        68.7042634517492        132.294021310144                       1
