TEXTURE AT STRAIN


B  100
        233.335573809273        52.0645197290257        111.485089972841                       1
        1.60858523664319        69.0577439498191        28.1381569293805                       1
         20.141723895946        53.5790604344496         205.24596881009                       1
        184.409808038618        -17.484434151977        13.5548683923644                       1
        307.191770290699        69.4204616287208        121.728068057223                       1
        318.310258734517        86.0144084069581        176.854616835484                       1
          214.8879355675        116.320100517624        151.737210819448                       1
        324.436161980172        105.816701811138       -5.62846743126171                       1
         14.288535400643        61.5021187660657        190.824041090708                       1
        41.7047698391933        81.7568483877218         204.96204795961                       1
        12.1358725867949         84.855223345861        38.6706169516013                       1
        114.581029656248        73.4802785713336        105.848437981696                       1
        171.716751588701        107.231890680265        130.148778967866                       1
        123.630273322324        47.3288201034865        -3.5694039997248                       1
        210.639411748771        54.6905513290062        16.8976104993369                       1
        209.850229150882         90.197251511307       -30.1347827846221                       1
        144.567778480199        83.1269078451165        157.398200395908                       1
        263.858409890394        81.1951160844274        84.3892253220668                       1
        21.8081875727232        76.3973590574647        184.802337360931                       1
       -1.85423733148756        56.8570219856614        50.0697988276382                       1
        286.013517080758        75.3047635072354         123.19098896849                       1
         190.60453530207        47.6116966839053        18.4039776638748                       1
        275.310794634584        68.9742106001556        70.8020723167074                       1
        109.498417202491        79.6906872521653        122.798304308253                       1
        300.281337208908        83.2921657289059        135.365221829376                       1
        15.6951997833915        79.1343734854503        49.7729211387362                       1
       -8.13891245329559         62.755558753606        24.9946490516417                       1
        334.426240492415        91.3814310707072        186.924115648804                       1
         80.022226374893        54.4200920156282        50.4787334780339                       1
       -1.43019068711572         81.154105094984        212.660751984141                       1
        95.2180291509847        78.2567433474407        99.6301442632966                       1
        74.6805577680422        21.3985550599543        72.1049552613121                       1
        111.113390397168        59.2065960574095         177.00041603323                       1
        212.461399751867         38.218913120548        29.1167462323133                       1
         183.68198446705        111.236365379705        151.064234186605                       1
        202.040840160536        103.697813322071        159.308504570133                       1
        130.139461260341        62.4426114480791       -7.45022373238405                       1
        186.714235980065        22.8005439447823         128.47647523019                       1
        316.597752502736        102.930301915663        5.28186965861153                       1
        34.4000738510338        68.0400493501943        7.22586823327385                       1
        281.597467918519        108.416947333683        11.2433764306582                       1
      -0.858710619115691        76.8828231650725        41.3126966424593                       1
        1.39503543501181        77.9196328601657        189.284662987891                       1
        125.539974044963        61.6478034623183        155.148904874454                       1
        317.077363017154        116.251147003102        173.016959666156                       1
        260.238498275507        95.7741764658914        21.0118534994235                       1
         274.88501123224        90.9856561626105        65.0580304258211                       1
        321.422885079306        77.6329195687806          125.5746114562                       1
        144.099733110477        58.7145121073289        154.194707287808                       1
        10.2874394956079        64.4025076486533        44.0830849439021                       1
        22.4455347201303        74.5426852415235        22.5012148630562                       1
        12.5339429972728        66.4596414926151        38.6854189112093                       1
       0.131162481891696        50.5057920234138        33.6704263294222                       1
        198.301264577499        84.1106649515879       -15.1085631559317                       1
       -5.95141026445059        97.8399117667627        200.004525283176                       1
        121.176616186037        66.9737650657454        13.4064255781535                       1
        85.0222256774628        37.6809950153742        55.6799856763727                       1
        337.136514187695        105.892495832957        208.040555739339                       1
        10.7486731384182        85.7237249019768        203.345720221334                       1
        176.445088033945        88.4800520585814        141.773353211534                       1
        111.227575929273        19.5475916078552        137.936428677693                       1
        161.680634792724        59.4395466888092       -18.0518154341955                       1
        24.7406750053166        72.9248945126828        38.9510871956065                       1
          323.1272170455        119.116007049049        13.1917889625816                       1
        90.2687020911162         30.593520134135        167.578867115584                       1
        59.6750298749948        25.3849383016625        184.613265054879                       1
        342.512349284299         77.709448397306         208.90415246953                       1
        286.819289871727        87.0546347746844        77.1367623487228                       1
        298.304536624997        99.3560661722351        19.9336684068167                       1
        22.8285952695682        79.3916784073649        33.4356132845501                       1
        311.196135988445        88.2376412392697        193.872927087782                       1
         36.069458408769        75.2862420497149        43.8325332228681                       1
        186.805287847742         84.573419066198        125.846250813887                       1
        277.665879063479        84.1179101020268        142.108474745517                       1
         305.93090492552        108.400246380328        12.9621488620864                       1
        317.647970427821        92.6376669685343        132.335916367665                       1
        13.2800021395799        63.4946052472162        28.2094815284605                       1
        251.655274250016        69.1533236921972        94.3633117329998                       1
        75.1871995974641        5.75370007940084        186.694673086558                       1
        196.244255914474        83.3675704555338        142.875466090318                       1
        325.230023515552        105.662181389292        12.5611554893796                       1
        205.958288815751        90.6355723782803        127.774557101119                       1
          308.1356731799        105.415398250045         19.362036088715                       1
        122.688133298065        94.5673396569886        61.7459906570816                       1
        319.478330316262        102.595218382473        32.1950989134879                       1
        310.492347095784        99.6447876140102         64.044977908923                       1
          294.1126028498        81.2109095613076        61.0349778997877                       1
        142.953924307244        48.5774779799575       -4.96472679497757                       1
        304.139922537989        93.3130725809008        74.3871086099155                       1
        25.8318287836704        61.0390431823909        45.8471508866916                       1
        176.190920317012        96.9907696847821        118.378637844664                       1
        10.8072851580608        79.9394527394744        42.8650889519058                       1
       -20.7025924430159        90.8908713380098        46.1225141779527                       1
        7.19797145689277        70.1556782976195        60.5651416250458                       1
        213.350460261266        90.1048532816514       -11.7700834040043                       1
        305.952051260057        97.4497518724508       -1.16585011276831                       1
        335.619083939331        111.927630117285         189.27347355039                       1
        291.339946929321        97.0007008195884        3.08005168562595                       1
        -16.812805717302        64.2191950506371        43.3230647962662                       1
        10.5674552239493        85.8180247599083        200.608882618274                       1
