TEXTURE AT STRAIN


B  400
        83.0469398810667        114.364950898476        124.255191157522                       1
        90.0372503977887        6.95033776448998         28.620398111975                       1
        106.046247452014        -10.398289860765        108.510893098106                       1
        15.0124622898455        77.2515617901634        112.073189551179                       1
        79.1417339614314        73.2422615061425         162.12111026128                       1
        359.151756192171        63.9943735309268        124.350536306312                       1
         115.49257013445        84.4365143139682         98.244714925052                       1
        220.610014068311        96.8150364757482          82.84929379546                       1
        49.5716877834716       -2.25502138381432        67.4685392946422                       1
        335.280877241747        85.6381276045894        66.4899625810092                       1
        104.814147412734        29.0779735926302        90.8795075597534                       1
        66.1949751863629        65.6913595816739        110.459216313076                       1
        277.546783241492        52.6201932119953        88.4384770694535                       1
        125.374156825231        100.075459868125        72.5689476692418                       1
        54.6745977322748        46.1325135328808        77.5736103814892                       1
        207.581407405031        68.0611700658939        80.0649819080144                       1
        55.2165565784586        70.3950217348149        97.5588686912281                       1
        272.563604662187        35.5638516709948        53.9769200249319                       1
        295.741533939927        64.0930233516728        64.8064838915238                       1
        20.5326125169024        52.1831181974493       -1.43779337329338                       1
        274.342177623508        56.1349588770688       -2.07245702322342                       1
        287.894967402129        110.126245021195        75.0107412288084                       1
        188.709999176363        60.7787761937211        75.7606079135262                       1
        40.1938051665564        36.3342117610586        162.416347321436                       1
        184.697951150499        28.4575234086151        139.547867067108                       1
         366.01027666391        58.1540618858336        12.5562211288452                       1
        47.7247436758502       -28.1324511236333       -8.53048791792399                       1
        347.641985471124        18.5094343437453        166.156894307743                       1
        102.737316946381       -12.5945401712365        31.8372210825671                       1
         78.656513431329        36.1399473198077        60.9025092548543                       1
        125.335664626794        48.5334136294583        142.267051671656                       1
        358.165723552354        30.7903607141305        148.616373902679                       1
        161.856202835787        48.3328395497959        4.12448523558383                       1
        324.762148047757         86.800240840403        129.050243609912                       1
        137.920719894616        107.668129488815        29.5450325882513                       1
        305.771474172021        103.077824855268        133.441383012537                       1
        221.231331068687        12.6972867148432        35.0884640036548                       1
         348.20639318977        76.6389813589727        145.912920656934                       1
        103.418639562283       -23.0801112434032        113.765313222893                       1
        327.231477654702        24.5873636873697        38.2613405384288                       1
        59.9418715916343        49.7808295276143         23.833700028049                       1
        111.280635742258        68.3294221983673        53.2659546426952                       1
        12.3301203719114        52.1946751699323        46.9057772729669                       1
        108.736067926053        80.8769321161815         44.726061649688                       1
        269.374966531375        32.7540836346809        69.9374221931265                       1
         9.0022655112621        76.7070768946479        6.95967179719501                       1
        303.449238699962        41.6867398509646        204.059070284903                       1
        15.1828481231931        44.5916327844794         102.80796249989                       1
        51.6568584131597        45.8392391530762       -1.10393249130782                       1
        326.069871289465        69.6821013360841        160.717646519158                       1
        232.671333032459       -21.7685881798441        119.589690750368                       1
         188.80483768788        102.271071189108        66.5755827373746                       1
        337.233622335765        54.7510951063362        114.747057333163                       1
        130.645333009076        83.0137940319396        67.1714585693735                       1
        271.432547900464        66.9568572082898       -7.62762449026954                       1
        191.191834510223        16.8202884420832        188.850900099577                       1
        342.116406967415        57.1202888927726        35.7602517196746                       1
        343.906110449689        61.7866824797867        120.285470216326                       1
        130.834402174719        61.9344516236202        102.443516502239                       1
        227.915415063147       -4.27286815477009        45.3269988182889                       1
        189.819053427433        45.1754378646486        157.161637596361                       1
         15.114417456426        63.4874854203923        22.4447549690806                       1
        324.029755411008        39.2307010158123        53.6152355178593                       1
        147.623342536003        3.08072881935989        69.2457450275467                       1
        88.4089888791684        19.3079398636127        114.375029227029                       1
        256.846151283585        47.6842471503393        71.1355454244983                       1
         14.924499851597        25.2062567842975        5.65842214983405                       1
        76.9062053192696        72.7890677350984        89.1148992205583                       1
        195.128861923511        86.2360569447836         13.719031106393                       1
        55.1989669743377        62.1434964767946        164.145852848938                       1
         344.34110658027        67.1181699670323        27.7711290577018                       1
        124.239192286197        66.5752060449849        136.543953853185                       1
        222.176602786503        71.9654260518935        55.1935157296929                       1
        317.058364721225        50.5972600061093        146.490370339988                       1
        71.3208763213168        -23.074574937542         121.35087475408                       1
        97.1099357015671        100.396821230714       -6.77843985913995                       1
        126.915097518589        98.0629772338843        162.926511990307                       1
        329.179364587603        73.1693100899758        113.885538716786                       1
         196.00459011472        97.4711824661099        98.4405116676836                       1
        225.716100130819        59.4095306872901        127.831388911239                       1
        146.412538998234        43.1814715462426        138.023278165495                       1
        348.580555188181        32.9809552266672        166.249970393836                       1
        250.799437441829        41.5363903334504        64.9298505056224                       1
        314.090576821314        55.5146822167744        180.266892114102                       1
        265.755542437721        28.7915820256503        38.3809049343096                       1
        365.488674683019         54.748001440228        153.059803653763                       1
        33.1141129209859        45.1771960594055        116.010700265796                       1
        92.5100451905285        81.2186605526016        72.8122411183094                       1
        125.549930350388         68.622552270611        85.5606857176392                       1
        151.734879950537        65.3470057637551        91.0649843720891                       1
        29.8568838818726        51.7189252163108        31.8080096431842                       1
        367.007235521769        18.9668043338545        112.490774546549                       1
        337.172911427633        34.2173592713775         53.102734148149                       1
        257.282651970486        110.423266386786         120.07796949086                       1
        212.874414149099        104.603550737995        152.938841583026                       1
        289.815403798652        25.4861622307623        86.1191762443528                       1
        110.447443194253        17.9461451402755        149.175748598867                       1
          128.6478742445        52.5898187085714        116.566391532959                       1
        147.306615158232        24.1453585114353        162.802344768863                       1
        340.332651272049        58.1857146911692        146.155204244783                       1
        256.634680003233        22.1163068389518        69.7656099482334                       1
        310.583322748707          20.20794384643         138.54814950453                       1
        86.5334801374924        23.4055738957921        19.7306966984007                       1
        110.366461418317        81.4055905435787        63.0766920212015                       1
        26.6955146757475        58.5193826988606        121.095188238202                       1
        24.9584575834764        32.0939588370178        139.412945706769                       1
        244.449478712711        21.1906601110615        71.0343191194952                       1
        9.90004073413854        86.6908690874546         24.123038263015                       1
        95.6627066325111       -12.2625227129043        135.224326922379                       1
        315.742949813812        59.4583389974368        30.0218697182321                       1
        337.127903128238        45.9505865654131        51.4894658599143                       1
        321.377355315164        29.1526694048064        65.4236505885465                       1
        316.664107770633        19.6336418348589        186.407594430029                       1
         16.936519924115        59.8126325680521        114.388767821652                       1
        165.335576779881        64.0922672359809        48.2357739088695                       1
        153.289244761329        80.6219611858789        22.7952051112808                       1
         70.643572670626        96.4162480483231        151.094400560818                       1
        170.769062326653        58.4299098887428        160.883792119313                       1
        159.343332761109        92.9366706719175        174.298271078638                       1
        170.970671545916        38.4100791211165        92.9422420470752                       1
        243.560629588871        39.6945523468787         144.50298415091                       1
       -5.43003122370525        66.5840179176722        177.665939031251                       1
        3.47976718160026        20.3994993897708       -7.62051716810953                       1
         40.754787564048        65.7732269214258        119.249744124468                       1
        43.2272529583926        58.3161271483886        22.8026584772729                       1
        24.8047609788352        89.9052095583366        13.5351925603698                       1
        215.885016359169        56.4381746883653        114.840625614879                       1
        204.011465905718        65.6617285343208        21.1916489445425                       1
        135.456355274058        9.09388027148365        114.625530696128                       1
        280.343936355993        83.6532128591575        148.387370801144                       1
        298.226732571711        51.1339101945317        148.852955376746                       1
        213.972639484166        44.2191817651703        6.74568959669758                       1
        133.412661451467         72.957206197468        116.573305248673                       1
        351.232428010498        62.9480270690523        44.3217767388732                       1
        287.650296004266        50.0503985630834        98.7735986159243                       1
        4.86081122034323        54.6237116859477        7.42487052651322                       1
        343.034803509656        51.0545092638431        164.348192553536                       1
        2.52354140867019        71.5927079809713        146.344830437812                       1
        199.818000398276        81.6748524969232         120.47559875211                       1
        79.4814293398515        18.9324209618926      -0.661051948768281                       1
        11.4351053125695        72.0441785836392        11.5553749401349                       1
       -17.3708626666444        52.3329760959577        79.6410320112087                       1
        310.347432712923        13.6105977684197        99.1863524851998                       1
        106.722331138811        17.4298254002227        121.340483640104                       1
        114.043480371407        98.3325423968711          111.1823697995                       1
        329.406856458731        58.0077407003622        136.437276823206                       1
        122.301250983018        85.2666082451751        107.419330597673                       1
        127.043372399509        108.807624139528         62.286655778209                       1
        282.561927438627        37.6548090703862        32.4115641594572                       1
        41.9419654246814         77.395548116508        41.7473042601854                       1
        86.3697837167596        88.2318947637316        82.2007622175262                       1
        83.3252645267818        58.1558413042642        93.9283418677577                       1
        72.0501376349334        64.3830371671025        23.3597651425698                       1
        11.4365066401723        42.4887688839418        19.4567720634473                       1
        13.8623505903918        10.9044786326361        136.533173251568                       1
        341.185891995356        67.3809573167556        59.3169480883885                       1
        253.688218149167        49.1368361054909        203.873160059498                       1
        70.0712217126503        81.2278480626263        143.341441554837                       1
        306.361735011139         53.323159661271        169.466486951699                       1
        366.328146470459        51.4637353456139        128.685789932133                       1
        90.1114691012316         84.503384873764       -2.78684131445102                       1
        217.027238880133        56.2808988038611        74.7741447263574                       1
        171.081047224092        22.7913729767042       -6.00943412072546                       1
        358.588324589985       -7.31295352952877        23.7131283104727                       1
        -3.2290849057637        41.5568762462662        8.89124650232326                       1
         201.93634192729        50.7489630298289        75.7052184920823                       1
        331.650849250571        72.8214195112235        134.757100541767                       1
        47.7590830042194        33.4509380548435        94.2823944791589                       1
        10.2604820527973        42.5927370623094        116.338934586264                       1
        356.910670832168        75.8155205310015        23.1638481480798                       1
         275.40259635692        53.2543821879825        197.051654523869                       1
        289.561428504119        14.7491477723135        35.0102983537446                       1
        191.868437429215        71.6704161123606        88.2164771107374                       1
        147.313185001579        64.2625729661491       -14.7812453273233                       1
       -27.9252043458587        73.1356980699764        48.4393395097119                       1
        128.937308139267        48.8671773095686        56.5924837622189                       1
        204.637740961936        12.8781709350977         124.82407991771                       1
        352.001841082214        60.4999614448749        119.322111844497                       1
        292.130239829175        85.0694675527449        92.8651937441784                       1
        134.121953661356       -7.43934333152481        119.412565670508                       1
        94.8993720738085        62.8060581877867        103.291815359851                       1
        133.070648957266        68.6763063227324        161.724382787357                       1
        184.033304221378        108.481482960319        142.193883185606                       1
        293.197275966648        93.4001690768552         132.39061899906                       1
        344.051276119122        14.5606875284934        39.8145157996508                       1
        272.231608936965        36.4721514460263        106.035590597458                       1
        29.1410411835921        65.4221992984625          111.2385623736                       1
        46.9266387409386        13.9123579606246        144.646218915318                       1
        243.845529313737        34.0522690508567        88.4479999651442                       1
        12.1338936814115        80.1499375465526        209.264535690404                       1
         332.27911631457        36.2511166326124        154.028699913247                       1
         71.716739950396        82.4751681627808        11.9595028926265                       1
        121.700129463192        135.763139809523        37.5366039479147                       1
        28.4142887806356        42.9522594380696        151.163425367873                       1
        175.348505338949        28.5816437600695        103.005447407187                       1
        323.256682287978        77.5134135383304        100.706711667314                       1
        333.567899974333         60.543284126964        31.5586438922227                       1
        159.449680266999        100.007348624895        140.618432526412                       1
        142.555536797116        59.7230755424274        76.0411231709916                       1
        282.458250528549        69.8759506554603        153.460148166385                       1
        354.734390619296        75.5025148545651        120.156528839941                       1
         213.94340701758        97.2847797524775         24.446222934553                       1
        204.195602533179        71.2578838946867        128.620709614125                       1
        183.122567645983       -17.8636435137164        130.056348905379                       1
        242.171617454161        29.5756505076245        142.543341854494                       1
        64.9054211134056        59.7691297007815        131.644854511669                       1
        325.756524110544       0.990666763265032        52.9395784619189                       1
        286.377681639447        78.3271106795694        186.952322053451                       1
        122.928562594508        85.6355388230096        123.569381014108                       1
        224.169078716699        21.6146932833781        163.023373486322                       1
        238.064188047512        38.5339949180416        68.9406251880415                       1
        143.407488578035        15.1268478383344        43.7163916266787                       1
        156.659256430833        20.2596958343467        56.5618794939428                       1
        288.051378530975        85.6330202451086        21.7972346871708                       1
        266.754139104041          15.81475959713        25.5282665774271                       1
        355.995370472372        74.4452399091649        182.059108955614                       1
       -1.83877737245946       -4.22441070484162        148.326940022933                       1
        96.0423589200064        73.1076457128611        69.5605727262764                       1
        128.617034284864        33.2384925594891        140.985320556577                       1
        271.489641322369        48.3232974361973        62.7262900529341                       1
        84.7709152185259       -25.4735508421306        155.679735768496                       1
        207.624897230349        24.4709054306382        131.790850844704                       1
        299.975979699209        50.7759227236917        156.248020114208                       1
        159.161883569953        110.958437800881         168.74289518329                       1
        306.366563767066        39.2389784105665        78.2145048148285                       1
        298.647236999114        42.5113670666543        191.549927137631                       1
        81.1144376225067        27.4902814817866        158.868310656115                       1
        201.090526875537       -8.78871659939421        29.6418507012194                       1
        231.013502673216         82.490905699175        197.560318468721                       1
        188.073438044884        80.2333440417763        5.23763118466027                       1
        203.842837111011        97.2298592515699        136.817821330622                       1
        325.889183885677       -12.8032945464488        9.36348644249794                       1
        105.345042991356        62.9530052960621        57.5314310186641                       1
        324.517010913364        52.7223963516083        65.3818577183934                       1
        316.605207211411        80.1313996115654         63.394047522094                       1
        185.180352347253        83.4258087109581        138.599359372449                       1
        296.494818133214         29.678694270607        121.041056763102                       1
        111.451824638136       -13.8767083336564        16.8433560995348                       1
        67.1491074835685        58.7785611738578        75.8833283326302                       1
        305.854468657471        29.1775817570718       -24.2512407202157                       1
        310.851160465051        72.9967844925984        140.381925241955                       1
          37.08053151881        55.6061657672832        96.0688887382662                       1
         322.47862114508        67.9298164191875        85.0560679601837                       1
       -6.53929699618672        81.6768414248688        171.628544855836                       1
        55.0340023062761        83.0981040315536        131.883128983211                       1
        235.191577806856       -20.3796615444285        68.4009164441933                       1
        282.505556913006        70.7623946981318        21.7099953125668                       1
        59.6919139503032         -16.92688921886        100.716951370011                       1
        67.7750433644662        48.2931845961988        59.3088979483339                       1
        356.746374321909        54.5285586704845        30.4773245991811                       1
        19.8355715602978        67.6261006464736        119.844770457235                       1
        -0.5515173821629        62.9411448615745        82.6463184412695                       1
         41.764509327386        54.7516229289188        38.4195634516081                       1
         140.72184755736        77.5032120847899        124.873422322595                       1
        317.029482751486         49.274973872417        88.1890115361859                       1
        98.5625549852184        76.2527568537008        82.5148017847011                       1
         352.53998731095        43.8820150849705        196.538396903908                       1
       -2.13420576336489        34.8240283691982        24.1757022332107                       1
        234.628546581528        69.6748597605759        139.893533099157                       1
        145.962956461817        25.9546902283451         113.85588315887                       1
        49.8600027794656        36.2073822904865        38.1127012077854                       1
         80.144315383633        96.7977470004479        131.620594911177                       1
        317.963492953333        87.0936179342421        72.3573390223632                       1
        60.4134150629573         76.528913335714        147.604470636726                       1
        310.967372341073         63.160474245527        79.0647352868016                       1
       -18.1212939006874        71.3727946973226        106.273234336888                       1
        37.3198719484295        27.4996465180041        93.5267949155588                       1
        212.890726096169        74.1594317527791        1.25136409702616                       1
        213.318898100403        17.1968120604092        57.5066423555669                       1
        124.108958749224        66.9426332014438        159.838745829647                       1
        191.905965059303        65.3886881380576         47.483890774142                       1
        213.453565899341         20.084544756047        100.003971959134                       1
        141.387455978802        62.1677154559112        137.770779455178                       1
        94.9167749241518        39.3242850901904        131.575808488135                       1
         20.793203664153        24.7695872698067         116.98280389085                       1
         289.99414033039        64.8813078647576        158.649761015654                       1
        295.210216372017        28.3198833803827        95.3546772092871                       1
        128.036833982908        99.0635799077504        121.151041836373                       1
         296.93802048723        40.3480345554852        50.7274490849689                       1
        161.888407848416        75.2849550976585        76.5028475733176                       1
        150.288451009661        46.4825564089424        92.0760300688681                       1
        22.3318231848613        76.3781233049013         150.60848212264                       1
        291.548005498304        53.5574904231334        14.0857487330071                       1
         111.90294018662        51.3174308525488        136.327905437291                       1
        279.883638722901        63.4343280439186        175.164645983511                       1
        17.4166645760638        5.47114854350808        17.3531824304272                       1
        303.602839080775        64.8825485049726        133.426666243377                       1
        27.4901337632233        69.5895369019845        42.9789743287505                       1
        303.902077095682        89.4911892312537        146.795685059545                       1
        286.549955907377        58.6552585060563        33.5958097394292                       1
        322.429110603021        29.4678960252913        26.3989622009136                       1
        86.8566963113372        109.035476154591        166.919228220654                       1
        63.1058414085299        24.3842293030971        153.927511510695                       1
        346.077776084482        87.3831607940598        120.685716619451                       1
        300.738129509136        36.4344429139581        68.6966064394794                       1
       -3.66229658300739        49.1262565304674        140.720564343956                       1
        121.950057318114       -31.5384384101018        104.625081675158                       1
        270.874279462851        80.1494754703732       -7.14094823656706                       1
        325.117660935253        49.1899653623307        125.376860462144                       1
        9.89337415550356        62.4526255310961        133.724845227603                       1
        316.568158258794        27.2560597246828        2.70099414927084                       1
        119.369141038826        67.5368605965407        8.29620423339938                       1
        184.320643261235       -8.47126760345813        130.928755160383                       1
        274.830014286745        14.0919983898116         57.925827253072                       1
        321.259201020937        48.1800321104344        127.825279901898                       1
        263.871739803362         50.022912344266        52.1082835661634                       1
        319.991780775483        60.6070398961271        116.533021800847                       1
        144.458603592658        28.5124813431405        185.357306136685                       1
        292.996290565598        49.6799870326175        41.7092898842731                       1
         35.078548655932        66.6011089948142        7.07091503963421                       1
        53.2593450300693        58.3492084339507        3.63974844736503                       1
        357.562659091983        74.4877674945376        60.7281603145194                       1
        116.284283813672        32.1803832006541        127.996429298016                       1
        320.834272234708        60.3674723693111        149.768154928979                       1
        351.317786366348        65.9313102240833        138.716433853012                       1
        9.91187889643308        37.4126985420293        128.571292100372                       1
        145.462914012648        60.2418205996296        118.944207902366                       1
        361.633342613235        57.5991166980333         106.54383540739                       1
        8.93156824773509        64.0951590888244        99.7132750487591                       1
        211.774664421232        39.0611695606892        155.879655663338                       1
        43.4197026335464        65.1888396712961        146.373182191137                       1
        23.2161806445343        57.2396443183318        137.834022911011                       1
        253.366194546069        62.4290079658541         43.195234532386                       1
        175.650120085632        89.4395503787035       -20.0460152655661                       1
        138.557974707236        79.9567104574652        39.7072417315201                       1
        66.7518314667078        37.9764892948203        6.45058785419678                       1
        162.531047818044       -18.2310619075505        59.4019051713148                       1
        90.0730313782418        81.7416919592618         98.302138036724                       1
        293.353543971206        80.2758319074106        175.839738097421                       1
        325.673344059943        40.8056579503329        144.561064792954                       1
        300.054302348854        73.8814641730472       -22.5971984006124                       1
        95.2192887572744        6.83054847622559        36.9028660983887                       1
        121.455035049179        80.6048630364918        146.557639857746                       1
        272.608849438212        36.2942998662997        53.5152927532684                       1
        293.736224603796        65.7921390557181        181.350484500933                       1
          204.3399491045        85.0789414098248        92.7150983901928                       1
        273.612837340553        82.1099449051267        34.0127702174662                       1
        150.084727221316        86.6285992929634        170.116204074687                       1
        107.232736865311        81.9341023306816        198.433342251878                       1
        213.799793542223        65.7383512781583        161.085778886218                       1
         39.424933836088        98.2001697643646        34.8079813720543                       1
        142.352608138118         72.556372362618        53.5108619046373                       1
       -58.2120565090646        53.0511725639671        129.075432455624                       1
        278.544318208627        39.3758936539739        85.1422972476837                       1
        82.1807740974586        68.6934686776824        74.7007765260201                       1
        13.7735456079598        65.5250440228037         28.066552794387                       1
        211.733054388118        82.5893804356214        101.218533483175                       1
        24.3163178187121        44.0423128011995        58.1787967799264                       1
        200.809706715919        55.5553112496864        138.303417518417                       1
        56.8488114258941        77.6040480952335        88.9347597982296                       1
        203.876586433765        9.19138467873607         121.21390662393                       1
        276.240550168081        41.7897979382052        113.360969148375                       1
        134.989710164897        89.7342328046747        128.084627661371                       1
        274.657767913404        19.1532319764292        118.976201364308                       1
        133.322171366308        83.1398241705809        156.455508134614                       1
        209.639071591801        34.9092505768088        179.427848228488                       1
        151.082117880785        73.2940676612273        108.262090441568                       1
         274.45537726756        54.5883735130776        108.064533444208                       1
        294.476593516607          75.40700337902        140.683728239891                       1
        281.169974001688        63.5806966108317        4.70183527916406                       1
        6.34162271279069        85.0858383397347        132.801990102234                       1
        79.3332431023836        9.20251068585803        55.6576224826831                       1
        86.7111444288333        58.4128246860247        37.4638999342038                       1
        145.454284487457        48.1802489691754        59.2805052926216                       1
        374.071183881996        65.3655057293496       -14.5749481230641                       1
        242.851303952942        55.9620127560986        129.134886170335                       1
        142.218268031284        31.6741441406734        51.1921420129258                       1
        287.794797584123         44.265381704949        96.0686568396013                       1
        35.9588693579326        49.2705346771921         24.186288649815                       1
        180.287219848681        11.6616295636274        127.277893105306                       1
        231.005053757228        48.2139614016517        189.525887468244                       1
        300.807487420834        63.5214696911378        98.4282266272406                       1
        174.751176234859        79.3095894848336        83.9953933182157                       1
        264.996606130791        30.4694714714019        130.039761395665                       1
        186.731216171431        27.9167392667153        31.8514410390778                       1
        46.5995177742936        21.9953805096473        111.099984461613                       1
        227.638013610084        57.5800637551641        156.898690662978                       1
        347.981431078211        46.2656616513084        126.214295014339                       1
        26.1495633359253        74.1123631493863       -12.7589043424155                       1
        65.9180993255508        16.6157116535325        79.1143711278804                       1
         130.38589126757        115.152178661828        38.3851545265954                       1
        126.698153455826        17.1024246647519        169.829655130488                       1
         141.37395565153        86.3869641753656        104.985148957091                       1
        337.387155615812        40.7443049146737        211.247721581135                       1
         74.897326258838        84.6626645253432        96.2348271743905                       1
        155.211990052634        14.8518019693835        124.535657973859                       1
        108.712463287832        17.8242630640189        25.8729832238403                       1
        296.969982561509        64.4358873633834        83.7239321995288                       1
        306.985286907549        78.4584144206615        80.7791859310891                       1
        96.7815948916123        85.1059940956795        115.156953823643                       1
         54.627165826392        66.3873379154957        50.4459819121662                       1
        23.6645037649968        62.1813453791652        33.3654153529201                       1
        226.590077791842        35.8095139562334        170.317682183221                       1
        77.2636333299804        45.7005366133274        82.4390146755884                       1
          105.9543242032        98.0589807578211        56.0494718983922                       1
         355.39468786966        84.5288779920532        183.752680734797                       1
        353.026661431162        53.7386417853619        104.756500042823                       1
        293.691642645974        63.2321456448184        167.753104505699                       1
        216.448282630362        17.6428239689258        77.3759753315826                       1
        115.913305686937        28.0428628617115        102.400929401227                       1
