TEXTURE AT STRAIN


B  200
        283.369702042557        114.071413421672        5.00395466956303                       1
        336.462292217191        89.3537119509292        40.4392857892459                       1
        88.8200977158549       -50.4550803438437        166.947641077443                       1
        120.292311655123       -46.4978097102244        197.862454418437                       1
        308.452087542568        44.5107083661323        141.593727101463                       1
        249.419985748418        114.736469817712        134.134147326247                       1
        185.932537979057         96.898127837888       -14.7509161522431                       1
        342.537330213484        65.9089104310146        141.505144588868                       1
        332.016496313294        86.4183958150602        194.210647012477                       1
        307.681133647907        44.5164154345494        160.163451947855                       1
       -20.6245871529909        33.3635291227252        102.472169104979                       1
        29.0960331750756        26.6301108932232        96.0836776719025                       1
        11.4484152377212        83.1419601071096        36.7128526996185                       1
        195.198142014791        111.461271257275        75.6191703173209                       1
         340.46150870893        106.228332403072        102.123904920982                       1
        175.562587509361        82.9182278760382        169.508309456906                       1
       -46.1163402658093        61.5780738553488        131.904901156107                       1
       -41.6166595208128         53.451620082104        172.567053748241                       1
        24.2170413153194        32.6052304890704        204.936371188972                       1
        18.8002175746503        23.3811015071288        221.635978380564                       1
        156.042244905809        61.4168424101569        137.717655983103                       1
       -45.4886938786485        33.3297672893428        145.716448372758                       1
        157.055068393717        83.8018263120328        38.0715156408498                       1
        337.188632003435        62.3862007817523        221.130274230318                       1
        173.573712550422        82.0676687965886        93.0393221825314                       1
        5.28941669027212         103.29950326228        133.563837756458                       1
        318.935029884378        90.4963646461666        75.9364540264202                       1
        29.2073455990041        124.592754129698           177.045784681                       1
        140.843944927696        65.5739045737646        2.34090066036807                       1
         229.36680147483        77.3998188437124        124.778372063029                       1
        63.6668452560138         39.293697515871        32.1327176385267                       1
        301.434304676889        120.615687525377        123.598930297686                       1
        361.011139023227        68.1343111112719        221.024835373432                       1
        318.740537628589        90.2793786865105        161.767826973554                       1
        154.452953847918        72.3160384692209        22.3346188935827                       1
       -4.51942577211496        88.8888944590803        54.2160560696049                       1
        300.462071311034        57.9616520624512        119.047024478652                       1
       -58.3549785620947        122.837159682856        22.2278042569237                       1
        129.335684808546        153.839344929533        41.1530915027236                       1
        350.044089744294        72.1759489754932          55.40850198674                       1
    -0.00307353332531469         69.995155662465        148.311830701818                       1
        318.352007562795        57.1126629291923        151.070307145457                       1
        73.4084927106751        36.1292163027861        195.004458216502                       1
        134.655586336078       -21.0869528455655        98.5572100254293                       1
        164.204997743263        77.3827963177996       -47.6872623987292                       1
       -1.73527088782332        39.1737304920508        66.6622954628289                       1
         47.476132380374        22.7063870551875         210.86814828631                       1
        79.5493523281054        67.2614287625561        95.9550087483456                       1
        340.292774974712        79.9316967176855        104.243078840948                       1
        305.110810300683        70.0848901093803        160.212180744628                       1
        164.390587829326         66.654387908784        116.610987788417                       1
       -23.8146629647331        54.7390564052192        200.393050398121                       1
        299.782631512456        61.7847993485546        177.745999102773                       1
        191.181012901307        92.6538352896275        56.4963470213197                       1
        317.041060278977        72.8378588752127        115.860297160014                       1
        -1.1599637186742        55.1966452260574        207.917315986042                       1
        163.351719696197        57.9437175010212       -23.5381762690013                       1
       -25.9418449919452        42.1321906831535        121.761262172603                       1
         332.92420589291         94.289617350538        34.2016489096908                       1
       -88.5658963214893        22.2774405012418        299.044200288256                       1
         149.56841968643        73.7657274317573       -23.3485973248027                       1
        72.5992888293913         27.138576972083        36.7562079834287                       1
         86.288728976017        58.3780306203159        196.520849460451                       1
        245.798482149672        128.854624734579        153.613270902557                       1
        81.0976104738336        77.9939687829713        37.7599642309361                       1
        115.966472611649       -55.9563127508712        158.358547840546                       1
        335.017539654448        76.0455913023038        124.460762297529                       1
         315.42353275564        39.9085883673825        115.179197554118                       1
        302.319895788763        63.0176193713558        189.374793183428                       1
        142.152709259756         19.289598603221        2.02285061620349                       1
        358.800727994134         68.108969919393        208.482252042408                       1
        -29.462739026477        24.2000945646991        101.781759574734                       1
        354.960704624081        76.8313608092108        117.660218351069                       1
        19.1269968883775        82.3644571709391        84.5530539978486                       1
        165.252953312434        99.4903242517296        19.2739466702889                       1
        195.799730977554        79.0490356652863       -19.8349843343463                       1
        14.4566072734124        47.2757763960587        223.021283577109                       1
        242.240900933296        129.770562810835        115.289233843157                       1
        274.851910512675        33.9832885997177       -4.16026470127046                       1
        190.599931841772        82.3340101001133        87.5405375395504                       1
        92.7709171178517        11.3310616567802        18.0622400172694                       1
        322.758312886749        75.2321833191262        153.644912465888                       1
        283.558338554168        48.2079150483513        138.758766350075                       1
        166.109569988052         103.35717362441        91.5007749731819                       1
        22.1883912543103        92.6986316067529        204.935763287133                       1
        207.873769910635        99.0781541341481        143.394471822094                       1
        139.383877579952        44.1374668691596        -11.650009926083                       1
         68.498747310986        26.6929485596246        51.7450031187457                       1
        190.073251369714        89.1761170763143         111.81194889406                       1
        219.382489990105        86.3767267818952        112.708072101025                       1
         80.737621275212        18.9740445933264         176.07502320002                       1
        26.0100424634639        78.6296486351657        54.4242543549834                       1
        325.940618129009        68.5191893186434        191.395332173053                       1
        112.177602790659        105.535682270481        29.4438705201898                       1
        321.419616778171        105.034513940228        38.7841643075223                       1
        153.974369187527        84.4860863100693        91.1390357713141                       1
        236.349209203901        61.8384690319244          138.4290145944                       1
        157.471514217049        98.2712310358185       -45.5835059344214                       1
       -44.5597697194808        10.2645023272144        235.309509732225                       1
        342.368975051394        91.5910470406911        205.930357074088                       1
        215.211743569774        34.3005139465285        6.29563714674331                       1
        334.362959242103        69.5296685401613        24.6056452987621                       1
        139.341538146777        89.7166491394332        152.034827239762                       1
        279.167513239872        43.1071723883904        27.7633827109156                       1
        135.421704439089        67.4458156242303        23.1317841680586                       1
        358.963896088536        53.2771564399423        42.0250316944853                       1
        248.671617607875        37.3204294578945        33.4751607533431                       1
        80.6035150063975        124.973414498452        165.943892324861                       1
        286.452498254223        51.4008749660565       -14.6988924414296                       1
        345.023035295548        57.3341734205172        154.257626937106                       1
        326.840363843596        69.9439197371069        165.182083348565                       1
        408.360916459023         129.82949912979        18.0603766134737                       1
        315.039586165463        77.1749369039071        145.636670172345                       1
        174.018857826084        94.4885588313357       -38.5181011777419                       1
        346.300804712078        64.2177131419551        172.164611201353                       1
        281.245292823799        63.9429225351158       -1.77956811961661                       1
        238.124823771815        95.7007611737657        -82.311164446604                       1
        20.7730579953097        7.78984294372029        226.988192115466                       1
        182.495293992066        71.2030341296007        73.0271714993904                       1
        207.584117570944        75.9279321266005       -4.40616565045352                       1
        185.336811110071         94.958735644576       -25.6134593172791                       1
        323.112855470412        59.2324500302899        139.598659219973                       1
        143.948141616883        64.4599332963477         155.85839479934                       1
        31.8965464657789        89.4304495531111        198.362633649846                       1
        126.631587202103        91.5972829186505        44.3908840276783                       1
        152.716784194692         129.75887573244       -4.66395476850403                       1
        7.48417926849143        9.70085622552446        39.1026222604223                       1
       -65.2698234639306        29.5793142920503        131.084963307881                       1
        56.1042214043986          25.93102519517        180.143548725192                       1
        173.953577459726        88.8005639005294        132.048661615842                       1
        109.097145539297        50.2152352233266        2.47295433271528                       1
        296.452556725358        38.1792559006368        144.415891242516                       1
        180.777365515696         98.480823223025        92.4796491002689                       1
        188.382745209344        107.772817491516        7.75603999311108                       1
        342.823964305322           98.5853600163        125.251596466986                       1
        281.223258930298        39.7354746934604        185.105511559258                       1
       -4.07834682718527        69.9593431551485        12.5350818589769                       1
        145.415393547564        83.4172198625749        79.3293907947327                       1
         87.216261107172        12.4762709074736        42.4572634568071                       1
        328.468795005819        43.7997636538973        90.6608814462105                       1
        173.417652708311        76.8398181119349        17.6543451845031                       1
        90.3004150121669        47.9856114702773       0.969243238225063                       1
        46.2218369742901        40.4540544858883        45.1430077174658                       1
       -27.8347862747458        62.3661456190018        112.881810547369                       1
        15.2197932376857        69.1678990348819         75.002262165842                       1
        336.595475645972        79.9028428492623        173.448778403895                       1
       -13.6032829439503        54.9523477464721         96.827337282367                       1
        190.980646557223        92.7815126541153        31.6748751514413                       1
        274.117911089736        116.163788982904        153.484869961587                       1
        116.994283384218        72.1571846930509         43.032366030745                       1
        8.34889013892073        19.8364571282556        240.469584992668                       1
        136.749949017568        77.7910158363861        40.9982338321818                       1
        172.367107319621        82.1438598193484        30.9487769726066                       1
        299.993347752063        64.4098175660535        143.597833129409                       1
       0.900175621720668        76.9962053734138        230.039438902143                       1
        353.230160921889        70.9982611233236        215.242388664059                       1
        194.874137071538        104.041602028521       -16.5378206051411                       1
        171.435925636864        90.0191676405621        -30.012386107745                       1
       -2.24213387654166        100.883069333905        71.4184975018707                       1
        176.848899360524        65.6776277888109        92.1084325323252                       1
        43.6943321407689        39.3947709399381         71.390234076567                       1
        80.7947330340023        46.8161464316318        31.4396007940746                       1
        283.895018708218        58.7762156250011        16.0894359912512                       1
        189.054280999807        65.9837253227451        -30.065263377635                       1
        348.153062780077        86.6938586672613        68.1979575794033                       1
        193.907916363429        114.786053832211       -7.43353945937998                       1
        294.646927658714        82.2579838620722        115.270628024603                       1
        127.231792460053        74.3364383441926        149.742543653047                       1
        201.207501020957        89.0224015722858       -1.87750494901436                       1
        171.323018673802        93.6529936101006        47.9794221517301                       1
        279.641387754747        67.6281239124262         130.49431951707                       1
        190.570742863024        84.6400674003453        137.972826203637                       1
        85.9450762498142        37.7310797721393        16.9748307381697                       1
        279.509624298357        101.874806301969        99.5867676976326                       1
        179.343284238421        95.5586741607423        104.718517008572                       1
        315.208815540086        78.1841223289236       -5.26602248860894                       1
        170.021714945615        96.8417455697981        -5.1638049649432                       1
        219.527774080517        67.5670973253193        159.754882408228                       1
       -25.0422326829843        39.2805546309973        147.511810445107                       1
        299.899655907334        78.7774542052474        84.0335016334528                       1
       -9.84564168860346        31.2479090925902        247.561713924657                       1
        163.224187473518        72.1252013557981        41.5412404513889                       1
        195.213804042529        75.7135644433249        19.5531583853805                       1
        140.329897034702        54.9094514994415        132.395497330277                       1
        300.438193480321        99.2287143909395        196.650998665168                       1
        186.471054843882        91.9988136200246        77.6666651240842                       1
        303.008180849352        40.3957197341444         180.05455974443                       1
        220.698617548328        10.7442184439616       -86.2377643135719                       1
        334.592344020695        93.5694649185864        57.8968438151317                       1
        113.257214196096        27.0433016410266       0.306050744934675                       1
       -18.8856356926194        76.5356942815547        147.279247402108                       1
        307.948023025261        47.7562879509625       -9.76679964797445                       1
        310.612389203403        64.6640348564143        97.7536681669688                       1
        328.270892290435        78.7768426091898        214.452250699244                       1
        104.826708320362        33.7107021264842          17.14606195094                       1
        315.801722776265        55.8375626568707        153.981964043511                       1
        319.673118954082        50.8263669099973         123.56213123006                       1
        178.785625271235        80.6663629087758       -25.5222383588373                       1
        112.070442216015         127.46655548593        38.0120425071271                       1
        206.512359131273        75.0726590694029        120.067574068884                       1
