TEXTURE AT STRAIN


B  400
        140.603788001558        76.9073990726183         137.03038572294                       1
        276.661102787735         70.534214701884        26.0373840772721                       1
       -20.5696146576631        51.6319439474106        33.3439957856456                       1
        58.9171977548576        58.9201510019362        29.8063889463879                       1
        336.683503111814        60.4884440638284        104.098832001017                       1
        172.991291658856         78.605775066135        47.2948503186843                       1
        277.457284780597         89.722595616042        55.2273048153843                       1
        24.8007834950731        11.1044866387096        150.762616997842                       1
       -19.4533030292977        75.6229765215826        183.625036522679                       1
        201.947132781914        65.1552534513798        53.4241747653543                       1
        147.713627572023        56.4539109288061       -21.6880954347333                       1
        25.2310383764693         23.939470531203        143.028338253546                       1
         90.741557844084        40.1260237637904        73.1784875960493                       1
       -1.38096188119367        48.7407936052744        28.7776227314253                       1
         15.182918015531        69.5180436073275        59.0496262141692                       1
        262.857578554574        10.7535347870442        20.1925485381071                       1
        243.459631757456        37.8188754037123         86.431599119142                       1
        335.156441291638        99.5167393091456          135.6019098254                       1
        169.964328392888        57.1765637601335        93.7817778962498                       1
        258.030153910828        19.0909663822984        89.7928926897934                       1
        168.591343757057         29.844332151357        79.9934243351309                       1
        327.669370471472        10.9972401716645        70.4722529562763                       1
        262.231271791104        37.2596207877694         161.74084790216                       1
        69.5076572081473        46.5271030893859         169.25766101965                       1
        295.507360403368        96.5283426224373        98.2615389075145                       1
        237.092357736465        66.9126483948069        164.042376348756                       1
        108.142057105229        21.4333712217871        173.443878834934                       1
         225.36241193726        44.8076402394953       -11.7880276269235                       1
        260.218464910152        33.6987190200156        135.659378166477                       1
        225.453124548091        67.5713832674905        70.4199572913451                       1
        194.324079748791       0.649616215875389        71.2540137046841                       1
        8.32067523254198        90.7067604722567       -23.2159591456763                       1
        215.250118714753        2.62853588343893         35.452496859913                       1
        101.722945537116        11.0397758002203        90.1003800429729                       1
        68.7213195060979         22.595319261338          134.0058344242                       1
        329.505039215887        82.5957866644903        145.150885196402                       1
        330.138414683191        45.9044093130323         198.22544294494                       1
        155.394359333626        72.7176126445878        195.510208533616                       1
        26.0123543549773        59.6631870849681        174.777712893263                       1
         184.18040707717        43.1475501447899          85.56838743064                       1
        225.841641714082        45.2300564757075        21.3218141782601                       1
         122.61304606423        50.0563255823107        6.62717485194265                       1
        344.822195495474        54.1639468174675        68.4560260727853                       1
        68.9309850922025        69.8234980986756        110.295136404981                       1
        106.399282188134        62.4229911974237        99.6196761615146                       1
         146.10536615461        63.6233805509337        49.5363197367551                       1
        280.708671772884        65.5156319815332        163.120868151947                       1
        299.232834576485        98.7402958956076        82.1651023581263                       1
        301.662592894176        84.8775290919057        31.3599996961395                       1
        133.828694840007        74.5014600625749        60.2069205736773                       1
         246.89945446546        62.5377574035787        141.640212946983                       1
        162.921240122156        60.5135501327379        42.7688679319428                       1
        247.238331476897        68.6132605066972        61.2021013711095                       1
        119.087208633914        72.1971239556098        54.2565823376991                       1
        250.775572988564         66.570971202126        42.7090696706599                       1
        120.477079009068        108.101537913097        151.792082520329                       1
        182.879745070324          58.72933195501        176.674506553897                       1
         324.90664095861        16.1050689589056        127.038745533769                       1
         7.4619418261815         64.216190734809          81.32630434978                       1
        153.311630951025        52.0033165380782        138.618269950041                       1
        351.762173263014        89.0983671569881       -36.2511602471969                       1
        326.378772609681        88.7968504818921        185.207495176227                       1
        274.444873062075        49.9648964348618        14.0049033878648                       1
        79.9457392604427         13.636840694535        23.1826820864203                       1
         104.56148172051          38.06152648993        46.4063122053542                       1
        128.925886750226       -4.13765934537162       -13.5790001034882                       1
        329.819371701619        90.8428942488649        115.245920496252                       1
        187.548023215133        97.8612322786878        35.2548648944367                       1
        336.159829485428        36.2254764226512        168.970368208228                       1
        86.9831021549524        116.175233220121          0.360750083484                       1
        153.607327311146        67.9171749321234        26.1565998277859                       1
       -1.31169932692432          13.87181844666        73.6218040548417                       1
        106.352513758352        76.4804160622742        75.6828818984131                       1
        104.991081491079         49.296474604622        128.797380918782                       1
        296.559613023978        67.6909436407765        42.7754857625592                       1
        250.716942221735        57.0442012709112        168.235930611417                       1
        313.544676935662        86.7967452753707        39.7808749200792                       1
        236.186475721908        24.0479331604034        -5.8843839015946                       1
         130.12942738774        71.0295477984446        68.5036761582931                       1
        129.349152175828        68.8510814271853        81.0879011963708                       1
       -38.1490062549212        16.5273203534499        14.9757836214887                       1
        55.3130022780592        65.1694514110568        53.2966509002864                       1
        332.140499526415        71.1288441598746        102.614771286164                       1
        327.903486305062        14.0900494492222        137.101548973107                       1
        182.399802126103        14.8917160670088        85.7366617469067                       1
        120.182945081497        36.0719013931721        57.9416112090624                       1
        138.911094800113        41.0034998116396        161.105524137108                       1
        290.018131307124        70.8316586605482        109.178710573104                       1
        259.177954304746          60.41861211665        119.855013684883                       1
        264.732356746183        78.1118282541492        100.790192157093                       1
        195.841925255936        62.5528050100321         94.268256119979                       1
        87.5030891045749        62.4975608530719        30.0621868306853                       1
        266.033439600054        95.5336054554976        162.442295786289                       1
        163.591154412051        69.6148935489844         144.42774171482                       1
        67.4890627815116        96.9436580960563        165.866439214217                       1
        209.481860911206        34.1921404832756        13.1408653883807                       1
        107.792142187155        31.8853920667091        82.2073449557118                       1
        220.037498260766        15.2758131194905        193.313578506214                       1
       -19.5607510004945       -2.22962924243235        69.9636172520795                       1
        64.5700117971997        92.5455881812966        11.0401869557531                       1
          140.2430788509       -16.7672439797027        48.0671489733264                       1
        231.488589877241        26.0419092924655        36.9600559507149                       1
        140.514486433159        58.7232525566413        152.051011515314                       1
        169.128354958394         46.896695937516        136.637166251398                       1
        122.025101229153        51.5927613147545        150.342054026034                       1
        155.666932762423        57.7016859704648        83.6078283916186                       1
        160.502010241445        91.4858261364827        39.7337381979645                       1
        86.2431064969013       -18.6038591052331        116.249442415001                       1
         186.82124931388        12.8959408910937        123.157481837509                       1
        132.870717460453        107.944114665312        195.297356953456                       1
        379.361220006294        13.1264180441352         76.760813143176                       1
         278.56020330275        85.2135055112335        72.6697585321046                       1
        240.642495998028        54.4752172496977        37.0560061035509                       1
        118.038805840393        19.8176857276365        138.975671966689                       1
        348.559502115267        102.350216119518        172.771383318443                       1
        181.151334628521        72.2152979098216        138.277265706832                       1
        86.3212325866109        86.0245689337087        111.345648912035                       1
        283.519607725909        73.7382277971259        54.7988424114212                       1
        120.160138071295        52.7074076413847        205.211721168556                       1
        82.8100143442249        38.7384791222233         207.23639950946                       1
        43.5227229653922        69.2393139174266        116.426902052618                       1
        93.6771017479915        75.0562125533615        56.4472732033184                       1
        289.320216591256        91.6024280624678        83.0330477779626                       1
      -0.204721526546339        117.322618031668        113.530762278655                       1
         335.89020126853        103.608820319434        119.758057920941                       1
        321.579274899574        88.6054942800459        127.764356814287                       1
        8.53457678455702        96.5808061300858        138.580541827473                       1
        -8.9253329418121        63.0070783139241        15.4482507049289                       1
        272.086139759346        77.8539063052214        76.0855797026472                       1
        132.336319506169        13.6774108693531        51.6755209636696                       1
        127.525049207274        54.9545522751173        150.190556031315                       1
        265.830434362391        58.7643150091131        14.5440116060917                       1
        313.002714473283        33.3772073383332         112.26851726662                       1
        128.689184002898        56.7773653177548        97.7785089654238                       1
        69.8267456181337        20.4178569503261        111.156587777001                       1
         317.77158898486        97.5049971419337         150.33333304903                       1
        344.359169832381        83.0253149697235        96.0542715517351                       1
        250.935103810217        35.7272682476694        150.920449616545                       1
        306.636476789971        81.5710360776171        56.5866942986774                       1
        200.369241987327        53.1409433896009        6.82339294246335                       1
        105.659108629088        44.5241626631501        62.4239623810452                       1
        247.273176392548        39.8239258341535        162.063703126632                       1
        345.398411153116        90.4588370833483        154.361759284063                       1
        224.547597436356        25.1101469558226        74.0601600323376                       1
        339.190852669311        87.4618492258491        23.2181091785259                       1
        85.8931023245791        50.5227880492031        95.2858363246302                       1
        67.3152666836186        108.815398302009       -27.5916804096791                       1
        210.029025626189        70.1528232065316        87.3327319024887                       1
        160.618334631473        102.679858876806         192.11213048199                       1
         144.29319293704         37.092641126404        139.012338855602                       1
        337.403553403788         78.065467610941        115.897241167498                       1
          321.3037245394        70.9581976414029        135.212215017829                       1
        123.969300330269        84.5611098753926       -13.7393053676826                       1
        211.082847552757        78.7732504564211        107.975925437792                       1
        108.794986638463        98.6847161790263        140.301171596989                       1
        101.959880919818        98.2866624821418      -0.607130503847111                       1
        111.758041957908        91.1805534581972        54.2425459717623                       1
        341.877012169217        69.4977736287205        144.108272785538                       1
        84.0740303975178        72.7366107687563        132.689749992918                       1
       -14.9702899246524        113.068710995474        19.2907895562268                       1
        287.066227061508        90.1133878713899        16.3165651849171                       1
         289.49527694901        24.0874940602935        10.3923959347929                       1
        123.055699433335        30.1978147335912        141.758177775534                       1
         329.64201760977        64.9488919295518        78.3668052401341                       1
        198.430328210889        48.8772359838806        167.967798734239                       1
        333.650863506132        81.0779723981807        153.481945731251                       1
        312.570425708088         60.406918316302        20.4396457428653                       1
         325.90420670336        22.3560438025862        28.4889615429196                       1
         265.06441521965         71.862370079817        116.309671337441                       1
        2.82888154278701        101.489675694441        146.616771954649                       1
         222.87290960332        31.1843736341068        111.703031526419                       1
        209.084878695164        45.8538706882218        52.4031958392357                       1
        106.960950277237        41.8659267275368      -0.417446777872676                       1
        196.782769625488        66.0575984282813        138.646157579578                       1
        70.9171255324975         77.328790314685        100.911462607438                       1
        170.928056488874        93.9450281572039        36.2766508058019                       1
        207.464558875629        56.9846171336522        65.7154339640887                       1
        191.557537757682        50.9731307355085        74.8570206917629                       1
        258.715981131295        17.3514150087536        172.505639262026                       1
        51.8007993338276        48.9057423628007        113.805989591587                       1
        293.079702743334        63.9324191247264        145.168598063612                       1
         323.59575545381         77.908004385049        109.711195327468                       1
        11.3614589962813         22.783124128343       -2.51518883564304                       1
        267.859951007622        78.2768217967813        170.685715262216                       1
        140.730913969671        74.0847722299301        163.885395688138                       1
        248.924120194088        12.8862638350715        116.325374413562                       1
        28.6702078185921        75.7696743875888        127.072372139391                       1
        101.225977199231        99.1407215490653        42.1615315239934                       1
        281.800381822062       -18.7142474673005        21.4875555364827                       1
        221.287236417763        44.5716351451157        60.7848648283391                       1
        78.4323990126876      -0.661338369631986        89.3128991671543                       1
        271.892072053225        75.7287862980218        7.74340764934749                       1
        284.899561639087        56.6448722066229        31.2641084078722                       1
        86.2884213157016        83.6510798812211        2.26552176832398                       1
         170.78536006341        60.8490622460432        106.352513897137                       1
        9.27954140152625        2.45165413660918        16.4636405923726                       1
        130.697586673904        48.2697502896991          54.75636165226                       1
        263.817496240213        63.8118836322961         135.64347122114                       1
        227.220649161038         28.271499777007        198.227491769002                       1
        123.872776498168         94.705152228767         20.967366067536                       1
        94.7981743546554        97.8509795566255        137.353820399242                       1
        267.440120716936        100.657806063636       -29.8427011041396                       1
        6.53443559140839        48.5121567086151        178.854564107126                       1
        119.436193577287        60.8680195649039        63.1548201164512                       1
        165.930722891233        79.3020733626652        22.1071512921766                       1
        104.821230179971        41.0498981986742        17.6170089895566                       1
         259.76447932029        79.8257090591066        163.831576608425                       1
        144.574904328555        76.5070747231727        88.5843079962815                       1
        174.521902186687        118.681812860453         52.966073532729                       1
        44.9893961134081        116.619157861019        128.800850582909                       1
        162.212178526993        81.9998069482565        138.024411449256                       1
        135.784409958188        35.5905821948351         184.71890633214                       1
        173.946944999976        45.6198577960368        79.3646792245485                       1
        343.233647901808        89.1404529095788         114.39965512687                       1
        177.312439961003        69.0901527413012        196.648105588373                       1
        93.1701067815117         88.331889575705        155.718171564243                       1
        181.238652722196       -26.9618925219987        22.2491343385578                       1
         343.31132766766        75.0128072768354        70.6430513273197                       1
        32.2781189321802        47.0769828223899        144.968806822553                       1
        79.5070389470486        34.7718030392018        189.692313065725                       1
        204.808555718631        52.0990198607655        113.741967934943                       1
        283.317184430167        77.0382210886965        36.8879846607414                       1
        219.173110312619        42.1037956825627        190.670999478657                       1
        158.407830869012        67.7313445428765        85.2865505152001                       1
        318.049316542213        82.2530596331956        23.8391876814535                       1
        91.9629805831173        74.0007674250626        92.7720380155512                       1
        117.174016338409        52.8320191967662        128.481506308368                       1
        117.286527606163        81.0416892552819        133.383347007255                       1
        256.799132533148        85.6492163476695        22.2528221239173                       1
         315.16159623535       -21.3881203541941        28.9787812453547                       1
        285.076391740579        26.3065175408274        79.3701415622149                       1
         337.23677497155        63.8784258225191        161.868321305161                       1
        71.0703333194676        28.4029489345667        123.109418469922                       1
        163.386470106782        87.5338606821216        98.9289341201356                       1
        40.1382144483698        62.4457859416512       -2.56717619124228                       1
        126.945761124429         25.184188009467       -5.99496950750672                       1
        263.494460898166        82.3403686990644        2.07576604848799                       1
        348.265692747943        67.8063352771031        163.051417502262                       1
        44.2624572270533        78.5276117025798         173.65042273799                       1
         217.14895569723        62.4974750777729        44.0136235226558                       1
         196.77377485699        12.6760285640029        11.9241228084002                       1
        274.206604286906        22.2546011172963        143.916092364643                       1
        111.244395251217        69.5756201095073        86.0593753596374                       1
        98.9511693136365        86.0703142382766        91.8531402361227                       1
        194.376820571236        58.3268744246208        22.2071756545034                       1
       -2.43505350016588         83.117052141778        130.852244730593                       1
        203.959888183154        29.6510239160514        51.8780740173099                       1
        129.697286233481        79.1907339165662        44.2388830183341                       1
        331.327936415828        27.1688816066447        134.531584183126                       1
        33.5030909737329        9.78511184721135         150.99372806628                       1
        262.729824731059        117.797213389454        65.2452985155734                       1
        331.967589108313        89.9253255450175        133.084095282022                       1
        313.597078900059        84.9092050621013        115.938710624083                       1
        130.942525583107        88.0949608157094        84.4622057513286                       1
        145.567977682659        103.842956155155       -10.6411970459338                       1
        157.373202472914        7.25814875111053        127.404338185724                       1
        329.015122666365        83.2935581329846        86.6282420002501                       1
        134.811635400375       -22.8279600302349         127.50080662983                       1
        189.309153936656        68.9822735908985        115.432750181083                       1
         37.078748412209        29.0733537777776        154.383214301351                       1
        5.96068701716246        11.4435866303362         14.215574242934                       1
        255.234388314583        73.0350925826845        177.073346115693                       1
        273.255073610556        83.0514315745228        95.7038234006871                       1
        50.8692519530773        39.4930343690115        38.9513105618471                       1
        322.649658531593        64.4752485024244        181.250658405952                       1
        208.714009143203        5.25404612075708         143.86689322898                       1
        288.490042966003        74.3214007707474        159.208724581914                       1
        329.837524912555        110.342943924661         144.75194368911                       1
        157.133816713355        80.6101004537913        30.4596970486413                       1
        249.832530906443        -16.297131700354        89.1272111802602                       1
        201.985691016991        27.9764205285897        88.3902030548249                       1
        108.715015086623        61.3733290954175        151.397998293556                       1
        207.595485775093        58.9489061306169        75.9411689753994                       1
        260.225137129238        75.0575270423933        31.9683502165349                       1
        97.3963878124875        81.3498861580127        135.340381964467                       1
        245.704383820723        104.033835737285        49.8305369896682                       1
        304.902230224538        80.0824582185531        39.7910247229176                       1
        110.064850125239        67.4620202441022        161.950051683677                       1
        326.964429639678        76.5644585444896        86.7238984121918                       1
        74.6795962641384         16.982891094321        7.58185370681595                       1
        126.463692432753        81.3235164234478        142.137808131968                       1
        251.175599767785        120.446507290524        77.5032292019074                       1
        286.455325985941        28.7431207713227        131.672803767715                       1
        314.125596649948        94.4254600842438        101.315222226527                       1
        298.842075377255        100.908324008819        208.990733960316                       1
        231.270631246396        50.5112386424506        57.0380989173824                       1
         273.08326702517         44.534005811296        133.679599339366                       1
        193.353245513328        78.0966534850165        106.674283391103                       1
         172.33386521578        70.4496386967798        30.1638878529446                       1
        108.647894512102        71.8137849909672        115.252919610364                       1
        266.311481165246        80.7558650682736        133.277710413951                       1
        98.3901247356444        56.1831642155724        13.4853694088143                       1
         75.272120064606        77.9153813935763        88.0809397081403                       1
        337.123369798436        74.5337745708907        28.3249045696802                       1
        125.252817279426        68.5531616812139        87.8409719272003                       1
        221.069356067161        58.6966538802285         66.674665247052                       1
        113.188227120242        96.4460248444079        123.560393499862                       1
        141.705567129341        53.1402999991677        129.702735954654                       1
       -2.79534049502462        74.1553563041609        167.626660429129                       1
       -12.3696324468968        28.3008361597291        1.61430987758959                       1
         142.56779221116        68.6269717343183         78.283538516952                       1
        117.674410776586        73.2401850233454        70.8611713108173                       1
        177.469846288196        92.3531239505284        13.2785702423534                       1
        258.583304263099        87.0069059811702        83.7059004955228                       1
        269.790342652352        61.1849732721313        98.9234783065825                       1
        148.543231257991        89.7062158713427        194.394246832478                       1
        232.093181800279        107.125005210817        24.1759837620256                       1
       -8.81003251420225        68.1511673417973         52.840794724517                       1
        355.316282896652        74.7881086571527        101.667321254319                       1
        325.387817672892        56.5956624682866        91.9482122840451                       1
       -7.84651009634543        85.6715698707151         157.91634438796                       1
        56.4661610345051        78.6110163294046        54.5923194921101                       1
        354.255037245491        32.9119504273197        12.3136491625449                       1
         311.02090635718        67.9755777798391        105.205338625926                       1
         83.287678454469        84.0681524979006        108.714272629199                       1
        109.809422719848        89.6357848662811        133.116772650577                       1
         31.775465518466        56.4734179967563        111.371631917096                       1
        267.406899336442        61.7383377433804        38.8309459853376                       1
        150.712243139724        78.1786151805774        149.447220471668                       1
        99.1945354309262        61.5484565532225         34.804987124734                       1
        126.485117448469        62.6977197767197         105.39227907243                       1
        342.498404430549         70.645462911203        85.8184344650881                       1
        227.714403192881         69.396048896166        206.241316856416                       1
        264.537105220804        14.4889765861033        40.9352417578387                       1
        101.493377496539        78.3489272655025        145.029063570126                       1
        111.430761374423        77.8533994317647        29.7068961806032                       1
        255.447548682561        81.1537140763252       -30.3150945443142                       1
        235.266511726411        45.2779506205397        61.9890363458167                       1
        70.1652762050095        90.0576238633563        119.373233561509                       1
        279.669444132331        64.0750597684773        142.767526899064                       1
        136.312989862288        72.6353033794627        97.0661983919099                       1
        101.836246979131        63.0707712304454        119.611010667087                       1
        228.672027741514         22.786762949967        86.1263461537567                       1
        254.553614509326        14.6778286829745        147.016116449143                       1
        301.895163814353        114.632293992809        13.3128450215876                       1
        218.282679408444        54.6719707152927        85.2043906453333                       1
        96.1021953900944        59.7549247117638        146.371435082802                       1
        199.780262149335        41.4135071796976        102.132072741757                       1
        160.596725965441        52.0089536325424        28.1882663078988                       1
        164.897298885573        84.9907031069707        182.007585948977                       1
        113.306418638307        52.1634770300412        82.6843893034575                       1
        160.144112043099        75.7651196579812        24.9858359700479                       1
        230.714515292769        84.7749048428285        114.706750280836                       1
        287.760606120146         75.518014917156        144.770649667994                       1
        201.471695811563         74.899215611329        124.359437709354                       1
        192.086587390605        58.1633872434695        182.572226022894                       1
        163.111014031712        19.2569806394782        129.140878639658                       1
        357.081426536852       -13.6383517073787        69.7874096579891                       1
        147.596055627863        85.2722039720585        78.5195076643885                       1
        252.705338376233        45.1053163484928        65.4308382439223                       1
        150.184191835251        64.8199460711575        78.9754822420882                       1
        178.851546998368        75.8580530251008        11.1004725466171                       1
        174.987262987173        74.9377300503477        31.5116266039467                       1
        196.444441824108        34.0091513577993        38.2764294450597                       1
        80.1126795973019        58.4192142333471        139.704811121641                       1
        192.534301001767          69.49676244642        45.9973667415335                       1
        166.053439656123        17.0570753252766        187.397426868659                       1
        145.461065094569        51.6117684455738        104.955274601397                       1
        113.766380308388        93.3736849780028        134.460562554483                       1
        283.158767892575        89.0280591998686        104.658013906238                       1
        181.269991810205        46.4238006729148        27.0015393701851                       1
        310.054713660825        76.1005667794398        99.7439056921837                       1
         92.444835707652        103.374633177905        121.583457690127                       1
        298.064058354721        17.4158910789849        58.1100673702773                       1
        40.2221102501185       -52.1066295968397        55.2518423549791                       1
        130.820582560211        39.8836349831338        31.5649635865133                       1
         302.02001421939        83.0321723146909        109.327193499821                       1
         244.17420252574        53.3849477625655        49.9524646486037                       1
       -17.9142941071501        54.8028151883292      -0.383344369873229                       1
        363.743951926485        66.2448530039873        144.656420559373                       1
        37.1323397758898        66.7587893997028         53.180056922958                       1
        324.728768924727        91.7153893373036        27.0920038619596                       1
        230.445424863434        57.3241439466515        138.418575636642                       1
        178.599971675836         24.782108645085        11.6123964439896                       1
        249.662684215694        50.7403138395129        37.0137965702478                       1
        178.722143216571        83.6643527951154        57.8045351654109                       1
          325.4915180206        67.2601170206442        19.9623854577772                       1
       -5.49439524683755        78.9596523801591        84.2358394776426                       1
        100.520121463058        81.7946425052082        110.005675856618                       1
        103.063608677315        69.3135555340946        12.4090020905937                       1
        200.716932723892        43.9417580609892        81.1571400652886                       1
        148.952204466908        40.4613589806397        36.2263011537996                       1
        179.408404431725        60.2644999950266        50.6472309267003                       1
        176.151124650732        57.9143793159134        15.2792711384856                       1
        59.2768521375505        106.042253023758        178.437682215726                       1
        250.400334263586        62.4991710763052        186.810646454023                       1
        273.122866286751        69.6736354984309        49.8580516823712                       1
        57.1255909582528        57.0169096747988        125.962465858648                       1
        109.136521341489        20.1508180135411        62.6335662972993                       1
         30.860985473304        21.7612422025581        57.9207003436949                       1
        268.642302728724        57.7212277479762        157.090001725061                       1
         139.55936243007         81.697043108768        62.6769111857884                       1
        290.560696526318        65.8084400454576        57.3779528706912                       1
        210.782425324926        67.5693963696721        167.929912597578                       1
        168.118088790702         32.093329122881        127.438955983989                       1
        201.312367412787       -8.02983507531667        42.1269221722634                       1
        135.922803972816        61.1180449164012        55.9080030960548                       1
        97.7678949743696        83.7317307416783        120.217486968262                       1
        134.092652902399        62.0880755786801        36.5651079873354                       1
        48.6549198782153        58.5841761173264         99.396850769307                       1
