TEXTURE AT STRAIN


B  50
        328.112519699132        66.8279382553203        139.209151158356                       1
        204.057398575403        58.3557997627075        209.914606950152                       1
        136.109010684439        118.710699670469        184.632536224812                       1
         370.88349953967        31.0424513269982       -10.3765471623286                       1
       -21.8202293577593        61.1595063281071       -11.5530798134979                       1
        192.485127822766       -19.5920589781108        64.9681058193296                       1
        333.772739548294        52.1031555098871        150.184441446805                       1
        200.992337769264        131.206838799631        183.047718344703                       1
        204.647949172003        77.6011018149678        33.7549652610177                       1
        374.724836709766        55.2957809307882       -13.6785705603202                       1
        242.277390717431        58.0861636410112        29.1196294457824                       1
        219.983973390382         65.893099911793        28.0061181586306                       1
        45.4555692956435         63.620839283426        143.971877672264                       1
        201.445065528929       -38.7577576160554        143.012911038979                       1
        246.412332346008        38.4296631059618         18.615860912278                       1
        17.9418323508101       -69.4798721737727        51.4415397627785                       1
        195.981260468727        39.7733741031557        28.0955258399475                       1
        225.592639783827       -46.8646774826355        311.548613148192                       1
        79.8831298011164        91.0652509306971        121.498628144787                       1
        151.262835303094        104.441677475869        199.398346195649                       1
         216.95702583996        156.004584407949        204.758797974456                       1
        27.3919887534222        56.6301495678195        145.682541655489                       1
          218.4210758549        136.851305170415        211.065125731476                       1
        383.023308017469         32.797625395563        1.38615261716562                       1
        65.5593202162799        123.677954071921        168.508701601986                       1
        288.605559051675        61.4954652717005        177.813514082288                       1
        358.025251469948       -66.8969198746849        229.888703186388                       1
       -94.5784058630583        65.7672117970921        179.029076667075                       1
        27.5794496490402        42.6549038082241        160.260219115663                       1
        68.2528018624017        17.9855696296367        180.515792466662                       1
        131.476177449712        106.243329551199        197.437938390778                       1
        41.5397789024958        51.5218663134933        165.361782580945                       1
        254.119806378117        44.7833415858209       -7.95408737157265                       1
        179.059800861795        52.8697620956295        213.058840717128                       1
        2.91984840088629        110.153410943458       -24.1498618433213                       1
       -165.494541096667        68.1840530885551        31.0916004603331                       1
        190.407757559366        52.3379395864558        48.3023115303525                       1
        85.7125397439415        126.142873972154         166.48129825407                       1
        42.0067350876244        130.683909072841        165.150634472548                       1
        360.959324284385        39.4021518095723        8.53424824722007                       1
        60.0194799733092        52.9157300460311        136.687475694234                       1
        64.8719465335427        34.7207843711062        121.430898801952                       1
        272.750980026374        48.3824475237271        170.166642323215                       1
        145.433630022249        92.7195208274204        28.9152045260561                       1
        200.198533342131        56.8816000507918        198.532987095885                       1
         40.178305544195        27.8659082574749        133.228136976887                       1
        7.30768883047481        96.5579246818249        136.579420894086                       1
        31.8369130948617        63.2357217238155       -18.0212225039274                       1
        179.052183328591        134.418709328215        188.536346577455                       1
        52.5493922488999         36.297962892346         150.53505055728                       1
