TEXTURE AT STRAIN


B  100
        316.381333981138        23.7658688318542        149.747900822683                       1
        256.179872446561        35.3638972484218        187.508186453601                       1
        303.855413147917       -6.09450624746217        140.693838192698                       1
        227.208627027645        3.68679900354985        58.2354529023426                       1
        122.114497940679        28.3214442573683         38.235040043067                       1
        331.760621893602       -33.1472725165595        179.668117721482                       1
        300.487241196146        136.220088982787        16.5760975076673                       1
        97.3220438837579        34.9826917980852        75.0769291176392                       1
        170.849028436164        28.2007183983437        93.2258774787814                       1
        277.053271545441       -8.98470388657833        163.186734746751                       1
        248.468903953616        142.504792317054        154.293523319155                       1
         322.71750548932       -41.2964479849776        123.133195683772                       1
        152.154411657538        34.3792916393944       -25.7214037109605                       1
        343.032502154848       -31.1062089346644        189.920605368723                       1
        206.491030072415       -7.40252533693014        71.3266733528278                       1
        316.314334541223        147.953675886732        205.309447059448                       1
        86.9141930633392        40.6582039041755        196.221380055009                       1
        158.914217529235        32.4454635560309        127.520229533577                       1
        108.499730150734        16.4670681616162        2.37195828319563                       1
         314.48964066523       -41.2521632103143        152.396845059611                       1
        6.49855388820758       -29.5180303013841        110.020272732201                       1
        93.7073197872203        156.901417767499       -13.0733652242348                       1
        168.162694722274        43.7973536009961         129.17918861311                       1
         102.13895101085        25.2908756763296       -7.93125146849896                       1
        119.285870216048        28.1154125007931        152.251764667608                       1
        283.640358812273        21.0123309673473        163.892684138728                       1
        252.143480380498        83.2542449626825         14.244699568085                       1
        141.835704386859        111.329429387932        23.1197218841722                       1
        245.670174663065        53.5075034368876        72.0150770592314                       1
        85.7566914298194        18.9239833532611         5.8567979242831                       1
        134.118426902482        55.8174438411043        138.342938784555                       1
        138.724732509902        19.6322027127926        143.218211057625                       1
        -38.654464750338        46.1998931139742        147.160900653288                       1
        224.345096388495       -16.9318534443693        33.0210269425014                       1
        138.488659401543       -5.46736540724824        -18.253111600522                       1
        124.241458303972        24.1673537445336        136.190944447419                       1
        107.945760146357        39.4672626630261       -12.6607285781894                       1
        42.5916477734944        168.193817086283        143.601040951683                       1
        91.4194392511975        32.2585390057037        61.7083833593877                       1
        113.728643619532        54.8704425768594        161.005942201553                       1
        141.534676695687        196.449670376803        42.7307110651483                       1
        118.068121635097        15.2694664588862        170.994230278059                       1
        91.3895634115952        29.1493547474495        25.3614612248851                       1
        133.068593787546        95.2095193143177        190.797888987682                       1
        146.069306471841        27.1128973658518        147.347044579755                       1
       -63.9234138657565        6.61035976207891        167.944102944077                       1
        92.3649055563369        10.7926601975971        32.2217864357327                       1
        314.827360360571        139.609001237261        188.744605618406                       1
        252.331581335482        63.1257695805921        87.2128358556314                       1
        92.0121130608996        24.1995808985247        -17.539886901008                       1
       -35.0987358170513        146.627766903347        45.1237447719922                       1
        109.459418450924        196.394947493419        178.769724021434                       1
       -52.6356940041982        127.048406228081        11.4861175432878                       1
        331.467306224391        12.8179485269444        110.112325785755                       1
        284.911000260353        141.463726322631        4.93850149282444                       1
        -7.9414870110014        145.598280923115        77.2225065093636                       1
        -9.5363345443955       -15.7261759797481       -79.8937345050187                       1
        95.4979254968226         24.976334915359       -0.87615097960215                       1
        110.188595779642        34.4617075708979        184.097399080453                       1
         202.00434194938        10.0951015486983        88.8373851023322                       1
        209.448205466906       -13.7866038518899         67.167472813858                       1
        70.7491026142617        31.8926030220406        7.04746090404307                       1
        191.015252267234        26.1551300123775         92.726030708682                       1
        231.588539146314        23.5617624675198        61.6209839776871                       1
        262.671696101875       -14.8207002271826        194.399315267644                       1
        240.116819914018         98.031655486888        1.71435210631689                       1
        57.4592291639827        24.0907841198054       -80.5898657007492                       1
        129.192365167949         28.468300205716        49.8144294157989                       1
        178.921617160109        18.3664652073807        115.044104036316                       1
        143.816354266804        18.7920928376722        106.004251168521                       1
         266.43376410061        48.0340827265719        73.1429284777135                       1
        341.805875924436        24.8400362598779        117.324201665026                       1
        251.539040723189        156.027083285707        141.459185123291                       1
        123.576369221343        28.9898198810036         148.23090801887                       1
        206.505518125748        165.618425176771        96.2496620497578                       1
        232.640850309144        5.56958232328963        43.5297305617799                       1
        149.238164370087         49.150259532836        145.949560690035                       1
        239.538935788887        17.0353270110875        30.9331983286788                       1
        269.769903593999       -44.0860324632113       -1.25688506737572                       1
        327.349010947113        10.1525204400403        197.516183062712                       1
        153.668237835378        47.5200308800495        121.282414807869                       1
        92.3446986074174        13.1142934842606        77.5861107358875                       1
        92.6278518631363        9.15859896324622        58.9224306683781                       1
        10.0808852972118        25.4740589199602        148.798089875385                       1
        271.931809001622        123.290853558504        -4.5884425822968                       1
        121.862090976538        44.7479232739863         147.77963825284                       1
        117.671306773233        30.9088375599234        176.127630415504                       1
        155.963995947157        16.5859737666447        121.845096453361                       1
        124.369433698525        39.6882699020546       -52.8804447784047                       1
        76.9178167336042        26.2546924720737        20.0095234542604                       1
       -74.7299771140163        138.862438993504        206.200691975013                       1
        133.526996061046        39.3705882858869        141.462768323003                       1
        115.310733137109        25.4771206923367        17.9189545635242                       1
        181.466010837195        13.9160071759276       -13.7770182680509                       1
        213.253627246385        25.5963918682315        58.4665603801318                       1
        142.531849734422        26.3248513226922        124.378805103324                       1
        -74.415078528111         130.49900918258        168.076438703344                       1
        162.222833275472        15.0448916582565        106.670886049643                       1
        40.6773584762493        26.6835333679426        54.7674224424052                       1
       -22.2751396528414       -18.1775865669859        147.854388242726                       1
