TEXTURE AT STRAIN


B  50
         13.010250535548       -23.1151818882638        294.208586685681                       1
        269.993226956277        48.6629582327689        57.4913650540363                       1
        129.175100212591        64.9896216692056        113.431850836603                       1
       -99.1656887904243        20.9288498550435        109.994529916383                       1
        199.926409303424        20.3275737182613        164.630555087885                       1
        28.0124638510719       -37.5544514794351         -13.37253229928                       1
        136.885039044872        83.3740529973314        104.122268833834                       1
        250.344589973697        24.8713047108235        219.813703986151                       1
       -76.8656283894026        16.9574090906782        282.586247693343                       1
         129.26339690963       -100.585780867149        238.873753390151                       1
        233.548010857348        29.6033869238405       -24.3499404319813                       1
        258.720333502028        34.0544105839385        52.2575980007737                       1
        155.587207003014        77.9177710951837        36.4324120212103                       1
        202.125203691452         15.403221671389      -0.918557374338138                       1
        14.5004021308716        141.877654070526        18.2960366558761                       1
        173.672107892287        34.0534420718227        195.673181118906                       1
       -37.3912137313763        107.860730155595        60.4187741877624                       1
        262.728332532418        42.7914538220792        215.338202981858                       1
        287.322956835706        26.6920359800348        199.184390801436                       1
        49.8765037836683       -26.2585525608697        142.182847880502                       1
        315.974688470205        76.3594670212896        51.0049556424269                       1
       -108.074131626221        18.2071605030091        248.146354718996                       1
        222.710179873443        45.6545848404082        81.8046191674328                       1
        207.494447634283        30.4097000910329        84.7561594486432                       1
        236.452774202086        43.0984985196751        237.120132088212                       1
        153.557640109714          69.14230850526           53.5528138113                       1
        430.571843119709       -41.8074637667044        240.468526080027                       1
        114.590708607221        87.5878996192759       -51.9151931945461                       1
        236.297732791741        28.0506784292286        248.258295560188                       1
        263.563279691564        34.2401216185697        120.653504769935                       1
        103.597508209392       -33.0963569883489        218.434274279659                       1
          76.65631545859        125.991092350533        127.441968576032                       1
       -39.2119440310464        123.258909413778        58.5451125147077                       1
        75.7776264715728       -34.4482059801351        72.9186241467836                       1
        158.448031477864         56.107509064258        36.5462151730859                       1
        117.847111817395        80.7037364330417         110.42085145585                       1
        222.070552902705        212.296623787217        83.9393433322675                       1
       -112.777168727389        13.7495430787872        237.226627654986                       1
         99.236128877638        -49.649077457215        34.1439318414269                       1
        225.375408423201        33.6979164517433       -48.0210550475952                       1
        122.742676135905        97.6308440725828        112.615127510324                       1
        134.877713239161        88.1182956309291        120.882272991739                       1
        288.972017839898        37.0148182042745        268.901711738074                       1
        62.4101977064217        129.563661023357        103.610176866126                       1
        322.309725476625        109.666271573106        42.9298779710524                       1
       -34.3668982164586        92.3733399466341        47.7958757718752                       1
        237.138587399014        40.7791155377389        137.798074521747                       1
        259.259647288988        35.1330544250049         104.96754347114                       1
        122.724207567136        69.7421770396028       -45.3026672246702                       1
       -50.2480113820295       -87.7406829319796       -39.2138585887228                       1
