TEXTURE AT STRAIN


B  50
        219.495582159156        40.9208096947004        32.5861663262922                       1
        238.225931854628         42.912416844981       -51.4582887323739                       1
        27.8758918769293        142.465966839952        45.1034944010378                       1
        198.351795108607        31.0731664335527        163.548039430225                       1
        52.5418803353035       -31.6612180271473        308.609672613399                       1
        242.381023276818         48.982272194556        122.030357161518                       1
        84.0272146825394        134.156139610337        73.6165156735257                       1
        35.7341207494302       -19.7761977185232       -24.4369196616914                       1
        255.861216555887        13.7925370318325        98.0202464277225                       1
        87.9746798890467        116.361043580955        80.6895786683299                       1
        157.002368796932        16.7862896011318        29.1533178328818                       1
        223.704547847769        21.8284388695734          31.99351176947                       1
        245.288576456993        61.4556911020606        103.119984341586                       1
        251.174400155077         29.858013894832        96.8456658070296                       1
         231.44253473095        47.6390738019654        104.980788309775                       1
        264.630271487696        57.9937797069903         81.943277605125                       1
       -76.7987488879719        50.4932747744167         102.79879958351                       1
        29.2144002898154        -4.1420080917907        125.299169601656                       1
       -98.6777674338713        56.2928800981958        123.726282408904                       1
        393.321363270971        143.590597435058        158.912946951041                       1
        251.782057392702        28.2945012506473        124.093437208488                       1
        11.3523935494475        157.649755490563          26.39028084793                       1
        255.951222517193        28.2870639423887        108.109403569666                       1
        231.804795444069        61.2429547890894        131.847550295961                       1
        214.654879661795         47.158278309076        146.487916958597                       1
        251.201990732714        44.9230450895521        98.5408498224803                       1
        268.858658364534        46.5007155897888        96.0233217445432                       1
        91.0975912340647        152.341193312393        91.6473695716734                       1
        54.5574446184671        142.998768928538        35.4630212346628                       1
        281.081635920061        54.8061936622002        85.5599697805704                       1
         -88.64030090284        22.6994609147992        68.5990096366921                       1
         243.55785469264         54.634654677307        139.776155020942                       1
        103.943251554223        165.579090115468        88.9174105229844                       1
         51.000805049033        148.982843584862        53.8536671132196                       1
        393.368140683414        167.840965828401        218.887291813236                       1
        260.857688355265         38.549761488327       -57.6323386948455                       1
        109.047934948883        148.396920742555        86.8138067550692                       1
       -58.2318024832706        21.7377332536009        58.0506651934595                       1
        80.0358954910104        137.489016853924        90.4379806309998                       1
         234.54050063896        40.8890879713214        295.263217205362                       1
        411.989763542379       -18.8683751097584        7.99624672293735                       1
         70.770220278625        113.870125039217        63.5468592049798                       1
        298.645011137553        168.535324168398          130.2306651796                       1
        99.1478537930625        139.951162624168        110.776649206317                       1
        231.820836005789        27.1183349686632        108.325906315964                       1
        250.177284777371        51.7539099237422        113.893569536011                       1
        73.8181241922127        138.833539406661       -78.1865288310318                       1
        47.2011600657902        124.945354299625        59.6442923984322                       1
       -64.9975174014283        39.1076919522841        71.7887310218604                       1
        91.2488743920061        145.286430630264        265.300325449455                       1
