TEXTURE AT STRAIN


B  800
         74.758136585508        68.0429810237343        71.3413471934274                       1
        184.049982230949         78.100340563656        110.626483005918                       1
        141.223153097994        57.6903302675484        173.835237762887                       1
        35.3596245470993        43.2198782936741        53.8178442532946                       1
        71.1637997090826        44.0607489964517        155.442558919881                       1
        235.991385921258        72.4468558906732        21.1625299653043                       1
        32.2932715165263         53.853423558208        91.1446425104008                       1
         168.59322388004         63.609420276439        181.636882301121                       1
         58.714588274263        55.2008167585224        75.4411119795544                       1
        315.673608725364        72.5445494841878        184.743756540381                       1
        196.494797490319        75.9725074036883        30.0665985272483                       1
        274.393420625533        84.4857623126009        27.3763239649145                       1
        310.827245498428        64.2074082698954        118.142292416196                       1
        237.212095579345        26.2448799877624        124.162711346728                       1
        231.068613261169        48.2474113393351        136.094883030006                       1
          147.9216379376        68.9614476710853        64.5568207768432                       1
        286.305561448672        87.4010484324559        15.3763256529179                       1
        23.5860350833864        79.1175183345085        151.978726761838                       1
         21.579632106073        32.5005651688638        130.972590751655                       1
        327.536126965419        48.3247293103994         29.869989828005                       1
        146.735763851373         80.843544392442        28.2011831458921                       1
        145.329350202324        21.1788735742257        8.67277968153119                       1
          236.4192549869        62.2607753102471        108.925845753042                       1
         291.38420445741        117.790658283696        91.0288752679138                       1
        69.3488175588522        52.2167056476639         102.06852475394                       1
        258.800309310592        92.4079811590215        123.684018046156                       1
        8.85653699741834         58.098711665819        115.755786460792                       1
        214.189700117653        46.1943048829944         97.440709089923                       1
         152.28680688857         70.984631340161        177.480348016209                       1
        154.122549864086          86.90326062188        73.6455036072362                       1
        97.1364854017798        97.1486922745211         53.756304963179                       1
        112.313131919519        76.4570688641659        40.4510277057705                       1
        113.102218150209        82.3889831004393         162.85920649268                       1
         335.27058170591        26.9769017046744        81.9801078835041                       1
        335.013304690148          83.94163571356        54.5926376467273                       1
        331.916389946621        85.8603293341103        141.782389163646                       1
        336.058008845306         69.182299257741        56.8782030295814                       1
        303.733605381318        88.8162663828177        136.245393269127                       1
        298.360355721351        22.1178200468206        122.660730386236                       1
        352.132337126703        82.5873460290549        138.390666724675                       1
        159.019085005392        82.6298695885546        185.881784888973                       1
        121.985343320948        59.7504358231306        63.6188014523128                       1
        96.4797920472217        9.31763776094658        120.597414198558                       1
        302.651509045445        19.1476466735718         38.650513277733                       1
        116.284567048791        52.3827832694773        170.833592377964                       1
        136.218631110717           79.5102685262        141.051529915471                       1
        153.283276833498        54.7574675407618        143.837384880422                       1
        323.261596440394        66.6497173503851       -13.7965779238525                       1
        38.1031867301676        67.1178562379464        69.3721860586394                       1
        320.432882705877          86.16156758882        158.827863316644                       1
        113.587214240492         94.351117424469        23.4188275425809                       1
         57.930251410996        36.3445198344001        19.3363027625951                       1
        170.412924429894        9.44406279398534        21.2382137944379                       1
        22.3495208540127        48.0296875087801        171.436233355807                       1
        138.933931285987        46.7390113245932        112.037566183083                       1
        220.451023165539        93.2613143681994        105.063685956202                       1
        230.059781102483        35.7751423569124        101.590913804941                       1
        90.4700536248418        44.0295043312561        58.4138760796047                       1
        357.329381212668        30.5856336100413        140.611502869208                       1
        252.625064618737        91.0771091830769        61.0712273069745                       1
        182.068511077002        16.5757119272729        163.649253241474                       1
        278.705607566561        40.9003556615907        83.5298861502927                       1
        288.391225271692         46.459092688788        115.067750500448                       1
        128.304386136258         104.35574565001        158.982371072717                       1
        143.118264777351        72.8395634956858        47.7215678825439                       1
        306.868110190922        86.7053352090693        154.457940953918                       1
        48.4765010396641        67.3232141161854        82.5497457199589                       1
        73.7936094132823        16.9168480736759        131.632136904213                       1
        82.7500752154758        51.4286939615104        129.066944966987                       1
        100.495161058437        88.6589241022229        12.1852938160266                       1
        393.543963131944        83.8165949950805        86.1541502376271                       1
        46.4009941300647        54.7749631557746        102.395875531495                       1
        337.110323921126        82.4843641809815       -8.38908856250636                       1
        209.081794332533        46.4549365948818        78.4410538955972                       1
        153.472839489792         51.086854727253        175.462612285391                       1
        198.645550505649        54.9810510859418        8.84103772096902                       1
        249.134031579571        47.7759996377379         153.65629754566                       1
        139.472139550293        49.8726043186127        191.248045256316                       1
        37.1914066041209        94.5959396218846        31.0600778177408                       1
        136.558194557917        85.8860262162429        101.342823871858                       1
        238.537445307644        80.1380705734225        119.989687182586                       1
        68.6969755765342        54.2873356148069        29.9242257561384                       1
        40.3916978986068        69.3671957866898        18.5306517151263                       1
        83.7765584006406        25.9887544168205        20.2274269033576                       1
        111.206816010548        25.4131611597327        58.5756393034909                       1
         84.898237219183        25.6770845822325        27.5263961160864                       1
        86.7516930014884        41.2249226654157        63.1188695511628                       1
        135.065161192841        18.0747824340221        149.052956799072                       1
        118.623653559337        89.7239372557792         18.685361160099                       1
        293.166284230977        14.7582550254204        24.4994973883931                       1
        273.796136927553        70.2695544125483        104.320749565126                       1
        195.821533714467         61.628364567264        123.164939690555                       1
        83.9405916556102        59.9768274795806        44.3115288177275                       1
        137.491988302643        58.8638790298717        147.147594256794                       1
        341.754032609922        51.4231748150822        91.1581319974145                       1
        91.3653300538549        32.5424966089924        174.886757267217                       1
        17.4832690422929        84.4822736296673       -4.24682426336696                       1
        153.023866694979        50.6421360112312        177.809798950787                       1
        167.466233503844        45.9844624771501        174.594073005934                       1
        222.603227783225        8.67590783478673        107.551377677629                       1
        99.2988801960516        65.6434956057128        93.4008389089992                       1
        243.112209417345        20.3371199011197        57.4446142923236                       1
        278.834176674222        32.3192564180184        85.1202821258439                       1
        22.5508792357613        60.2910446446795        105.608226636579                       1
        131.144756742713        102.927688142975        103.032118697897                       1
        154.649020268486        23.4456654033233        31.6985616847504                       1
        281.081642035127        39.9893914272684        53.4322619137886                       1
        299.976864709021        20.6314094170606        54.5705376671106                       1
        47.3236675275912        74.9259958296899        129.470317001571                       1
        149.549621899273        74.8779034841841        146.361269289338                       1
        36.4023592313352        74.9068456662271        144.340654302853                       1
        65.9938872001858        72.3593309133201        163.873180226249                       1
        206.497691327469        60.5188485816113        149.457220974337                       1
        195.442315100206        86.7449942208112        9.89190398887116                       1
        147.971290570057        43.5018809359958        143.486951853954                       1
        207.373854278931        40.2541395449443        13.3107127835114                       1
        293.221913052822        32.8068730098637        9.68789847485689                       1
        230.454166544308        54.6575275416785        101.436392732996                       1
        168.405740025696        45.8138577261511        127.078676285293                       1
        99.6721090066955        56.6255665267483        69.5304548013076                       1
        193.198182388458        64.7409371377364         9.7490505787766                       1
        146.720622912637        58.5315169887029        58.1802180217538                       1
        74.7824818193954         73.748465908547        184.749084043114                       1
        306.394990380682        101.938684817855        177.437870261739                       1
        292.059161437299        77.2786326729427         14.653901101618                       1
        230.202684845329        36.2134907063096        88.2746817327547                       1
        78.3417960939236        39.6712522497251        36.2219409781575                       1
        257.078649322165        49.9000972200894        100.697840884059                       1
        168.278596078621        44.0442130593492        58.2593483677839                       1
        211.409326305559        20.1609223967834        -5.6816109597753                       1
        15.1263683520612        69.7755011100091          62.17297694639                       1
        287.124287223946        36.0040486402642        36.3793029057175                       1
       -12.2002599546988          34.95980381527        6.63586694999687                       1
        310.465155440609        14.0999369730092        7.49919376417413                       1
        297.244855354725         89.972436388387        158.602068922123                       1
        225.402147002072        61.1023903338823        132.405457490613                       1
        323.193359924024        70.6089329612113        153.521160992646                       1
        270.794398370927        102.022957830603        101.218136191334                       1
         278.49179344451        77.2948618522124        84.3133706627194                       1
        117.083307631078         74.839010006982        122.229114467105                       1
        330.864220704014        20.1396502932508        113.572892007196                       1
       -1.25028793678482        81.9765606833762       -23.5736116883525                       1
        108.548489650798        77.3921619059533         82.246765796836                       1
        231.240690886199        42.1179401693883        63.1780847680308                       1
        171.707043331461         80.850432337106         16.819712002305                       1
        318.146451226234        33.4447830931339        31.4087973408174                       1
        40.9178046924593        44.1370917346139         167.58626536287                       1
        103.334296130074        60.4008883228786        45.1279098958998                       1
        88.3807380682277          53.29185215352         95.388711914712                       1
        133.798984698744        66.6838494233036        156.890688771804                       1
         247.09175171402        16.6565786339803        77.5154882772376                       1
         268.80966835767        63.9376319355687        106.677356022761                       1
        180.096029005737        68.1785894010121        164.130789760765                       1
        151.705968174791        58.8085271806676       -6.54576767183358                       1
        134.850450576779        49.9349058358203        189.261971256876                       1
        330.679665613094        88.7435873230875        80.0356718360012                       1
        40.4692076101528        57.8523339442144        145.837706679992                       1
        8.03497309167187        24.6223571819612        3.65027179449164                       1
        94.9486533820627        59.8284189519857        62.5197750311868                       1
       -3.24518798519066        85.6710478887648        82.7880560110991                       1
        282.386905553107        70.6449028973469        66.6805707168989                       1
        193.523303598219        54.7802230108326      -0.820256175473254                       1
        273.041180598925        24.7442704390958        40.3429474141288                       1
        360.239929632415       -5.48756605855272        133.163403357668                       1
        359.234326546313        71.3968974005292        46.6714772626541                       1
        321.982349743647        94.3483344460047        21.8404851071391                       1
        312.617407074474        26.6069086051067        194.789278480698                       1
        281.787983084165        42.4407291575732        93.5493816389007                       1
        317.471953879029        80.3974765828311         136.12518455399                       1
        13.4281631163018        91.8253240948728        5.69257986113184                       1
        143.544881509034        74.2507685995622         179.79024931319                       1
        176.618798605588        47.9765743194578        200.275158467671                       1
        207.885354642608        108.982799192629        48.9116505720996                       1
        363.234382914385        49.0774923324697          49.11024040077                       1
        161.334585450649        40.0088265278124        15.8052046513371                       1
        251.563369220151        92.7001373482031        87.9163950561952                       1
        258.768358605241         74.800704217882        130.849557030702                       1
        128.879933785215        78.1155815468814        48.6108105230171                       1
        213.337385082698         29.495849193675        163.468465269964                       1
         90.062974336151        76.7231480278549        145.496565331557                       1
        316.928977040585        88.9234098942536        156.441735630001                       1
        148.715854964113        63.0526220902946        161.172655324557                       1
        71.9051517133958        24.3551809726565         18.342622364266                       1
        225.377129759027        53.5623563691548        170.734826013551                       1
        192.206981484415        34.4307251257558       -10.0933696328666                       1
        310.088396903423        45.7738032768065        215.986736306022                       1
        205.794806523873        78.8740280824874         24.392800275286                       1
        181.136082390001         71.656317558889        26.2745796190598                       1
        127.308987892358        55.5320174203608        31.8130288598624                       1
        263.390510919668        26.5482523108658        100.568957816888                       1
        10.1855239002266        87.1422974958143        161.332219653323                       1
       -2.96126815832302        12.1785567673857        9.20083921870406                       1
        250.744721771842        15.8508921295636        115.273965536463                       1
        210.737136220968        75.1192698369951        51.2175423165747                       1
        131.764009465885        53.8477874244102        169.047058686498                       1
        141.719174100961       -7.09318139486097        72.3176388333152                       1
        327.506479400263        52.5587710879622        67.3970653278876                       1
        336.262601295449        35.0742649756078        134.253680761185                       1
        131.079791084602        59.5588324068566        41.4042732443614                       1
         190.56041292841        56.1529850872408        172.839267010439                       1
        346.789431509984        62.7647749206695        136.485177202448                       1
        83.0494522644422        72.8990895272441        131.013535875522                       1
        43.9998290214366        46.2916726191518        67.6179108616967                       1
        217.459505977034        21.4410354090258        156.603871571019                       1
        191.610113865437        72.1595347548236        169.161779343447                       1
        310.103034372424        76.5143638862694        150.887369776305                       1
        211.335924855859        60.1072715360246        125.827512784123                       1
        31.0843810260622        55.2214330920507        24.6229043195257                       1
        243.727279313035        99.5656821834568        4.08845462219069                       1
        239.049245616764        42.7292694434273        152.349544669482                       1
         131.35916272674        45.5884517293746        47.8701340489517                       1
         60.473677627652        53.4885225628173        91.7514445799585                       1
        192.305729810526        85.6259334449751        74.0865708510949                       1
        71.4028232758198        42.3216243542303        53.3886994118848                       1
        182.252232350982        -20.872363564728        122.159761603584                       1
        70.8770335485782        34.6738449208406        99.3458827890919                       1
        107.986512141559        56.0848600312537        36.7160072899819                       1
        124.450825731215        81.2996244310672        46.2067987788825                       1
        79.1603307420481        36.4364836664403        117.877795441337                       1
         55.899621772197        62.1766249870504        137.835274513437                       1
        12.2149083242958        74.7789586265101        142.219203634759                       1
        204.100255105264        87.0749994955582         111.86402756555                       1
        67.6202503059735        51.1244975624868        74.0790467863198                       1
        45.9929827374052        93.0251525296926        169.303385651474                       1
          126.9771888186        69.3697144526407         12.975019041554                       1
        99.2486818411824        72.1659327913631         61.971823324547                       1
        195.989233387269        31.3642144571886        156.506378265832                       1
        86.0608667481164        59.2414370561448        108.069868495777                       1
       -5.21184387382804        101.713252387581        178.440126070346                       1
        249.890691769155        38.9562784434309        63.1664384996911                       1
         3.4550331163023        67.2565453949561        157.206827070355                       1
        327.146541412431        71.0370734015033        91.3321133919974                       1
        326.071863434864        77.6169065300711        74.0992656640964                       1
        330.192167939779        71.3977585647582        41.6628537979937                       1
        59.9861067770298        82.4546170142724        187.646184515198                       1
        234.051041496884        32.1724274566869        132.140234309313                       1
        174.470999882419        74.2708591166029        37.6652964462784                       1
        188.334933625768        45.0328944504083        171.786856893718                       1
        40.1573799632813        48.0419558391174        93.2578910297414                       1
        215.795068779545        16.8226178488227        123.624121448929                       1
        107.151499820885        50.6377060131288        100.680278462435                       1
        169.882234926534        25.4976526450804        129.187287379778                       1
        86.5838166561434        63.3550166063334        74.0446515300121                       1
        341.616411098149        13.6611996699962        177.346768525913                       1
        136.183197302497        74.1137299429265        57.6967755693033                       1
        257.576879119057        18.7020966851308        87.6543245648376                       1
        226.282551216678         71.522199430897        41.6047426419733                       1
        109.243846514936         84.833139684224        2.16561921822149                       1
        91.7089288863855        51.4027694178956        139.335708675304                       1
        316.069510710225        63.7115413445499        106.403997672804                       1
        79.9722852879838        55.5111769059286        79.4287187753797                       1
        85.9141700759273        67.5969113398906        141.336191634203                       1
        132.410201848686        66.6857330398767        167.866139078996                       1
        102.550262718991        38.5459523724791        34.5203342665768                       1
        296.064198432209        31.6916280314981        45.3494925463537                       1
        43.7860038065965        32.7326964900935        142.367569179579                       1
        289.145884476495        36.4111190112693        25.2086422426104                       1
        355.735726934452        87.0323439790619        35.2612729759622                       1
        224.979988868923        84.0042532484964        6.07074175381886                       1
        24.1000243826309        18.1483886938001        65.8576546380367                       1
        312.118634255985        74.5906538295653        167.193377631253                       1
        321.379346115442        100.694592176429        144.162753196484                       1
        229.861301971025        50.3666653628577         133.13148083172                       1
        231.932474140166        38.5741027433162        117.123311914717                       1
        151.548728691314        33.4798488204676        35.4209387666918                       1
        88.5801813180799        83.5392341028494        62.2081319671913                       1
         247.14220554002        62.2865248088805        126.194463560203                       1
        176.005839161633        86.6052406230275        26.0712178129188                       1
        28.5494161857431        68.4110695107931        170.376732915365                       1
        160.733349339205        24.0700043463315        31.6028549255115                       1
        347.854789801157        34.5416481326163        136.943331336743                       1
        190.304898087949        69.1115913101789         26.903615738976                       1
         131.30424461203        99.0568058052093        184.529204474524                       1
        195.282848911499        83.2121305557929         118.69764287314                       1
        30.8673640119966        83.9826077734039        163.405585002167                       1
        52.1411387863876        28.7564078147427        95.5526763621436                       1
        316.856975290453        9.50986636973458        168.497259130798                       1
        192.338442943037        15.9576632444521        84.3398766335778                       1
         118.40298027772        81.5106464986998        37.4697465073826                       1
        94.3895524959554        31.3440432719536        89.8178536985667                       1
         311.28095458781        58.6663423365661         25.143185963628                       1
        294.519989911726        64.1116418129739          1.492331076278                       1
        209.142246930287        44.0388268841353        -5.5511704169098                       1
        123.720953689119        80.8343996913335        181.910517017304                       1
        5.79639154217556        35.3057934294811         149.31451585526                       1
         178.83422915222        107.795560515341        119.399925575263                       1
        295.019114550774        74.0536412217708        171.003757111962                       1
        193.675335848661        54.9639440023637        133.362804578449                       1
         114.83666676903        69.8396157852081        5.05176295784983                       1
        164.663097839895         68.847197239428        120.024633860437                       1
        196.441886308735        23.8009614599994         158.57841890133                       1
        226.734684926691        82.0557299475847        91.0981148168086                       1
        133.284757334677        43.4460659525885        14.4669778335292                       1
        154.566917319193        29.1553133119739        168.880870702049                       1
        268.133303026864        34.6236688890019        55.2655605034824                       1
        52.7688696719065        28.5405462200105        118.048376059826                       1
       -11.1756887116454        87.1200057708743        159.558720928084                       1
        132.408789893626        37.7236296031474        62.1304206143099                       1
        40.4861702293596        62.5017290255883        107.268720705395                       1
        347.896880929435        16.3454355743411        84.6166832454411                       1
        297.973158248893        17.7539138228095         44.273757545928                       1
        319.941888006893        95.1093349059772        98.1547250282457                       1
        61.1500267109552       -6.55226307866856         159.88456805123                       1
         72.362021895002        41.8321449238683         67.644923088855                       1
        125.204590164226        7.45129761992119        48.7936267423345                       1
        250.197405739114        61.1664361122873        113.937094863558                       1
        154.240390137997        50.3657381138163        155.292591361124                       1
       0.493049472386241        10.1195026457891        25.7567115488645                       1
         155.13762976163        71.1230850474187        154.719964466488                       1
        187.228305971222        84.0496867647004        26.0794689292236                       1
        299.964709300536         81.274740459342         113.78964544691                       1
        40.5747042261702        68.7418214324414        58.3043864875098                       1
        14.9764779877602        14.6724880294957        12.7443905778158                       1
        231.666098838912        75.6908225535951       0.059566473688157                       1
        86.8390615742211        17.5793393146949        66.3982209023764                       1
        112.692915040399        18.1428654261068        14.9301596768271                       1
        232.516462652444        79.2415705980512        158.320126951348                       1
        170.812658287053        18.6128787050658        10.2086598916861                       1
        87.1459479330674        40.1260159630263        32.6178325666075                       1
        349.834081099006        87.5375167412928        69.9901869229923                       1
        114.570418162786         31.403838042052        26.0990992670879                       1
        211.712496474503        47.3864092438032        135.172773332876                       1
        322.713789384952        28.4373697401653        9.52029467502495                       1
        270.873180201955        18.0003991481283       -6.22873858410836                       1
        291.672059636559        92.2918832319458        37.9163695510633                       1
        251.287566858524        82.3814997433979        6.38095526890031                       1
        129.710084876996        49.0063094107358        68.3068229064834                       1
        327.808061281419        80.2636803286536        162.190992099221                       1
        24.3801771323834        68.9026644112618         40.673054045105                       1
        17.0615824996544        74.4750071946702        38.1048846213524                       1
        216.753839797988        72.0854285606472        107.747543427725                       1
        318.835444576963        71.9242599945767         9.9491692684424                       1
        1.56339501819465        79.0173355425503        170.923667144914                       1
        20.7361348141237        36.5330492276029        105.573579706574                       1
        234.132803935253         65.788167966725        122.353313232654                       1
        316.777603096408        16.0139150949714        67.3538336741262                       1
        59.4195661676983        72.9658861231985         111.56346672817                       1
        74.5028183587691        48.2742247364546        37.7986438667441                       1
        93.4292658757942        55.2663578636324        194.526787006772                       1
        180.703891558679         64.468362349271       -10.3275174903813                       1
         59.252454779005        61.8985123521957       -2.05367873319934                       1
       -1.49892432069635         43.758669793037        119.858010721724                       1
        131.053592333266        86.8783004642641        163.953710229431                       1
         26.624344084765        40.7553106771655        76.9952029730136                       1
        125.929772877157        22.2505573498235        56.4120011526141                       1
        127.062842510532        68.2818908734834        33.6418138816227                       1
        242.671233772525        57.6488078522543         139.89469414117                       1
        253.279069963395        47.4217688934413        82.7092132386446                       1
        12.3844975772847        55.4833665339777        150.125641103862                       1
        341.378766531546        79.9549327283784        91.5348241271033                       1
         349.29420849562        65.9533642253853        119.798755885726                       1
        195.918283441757        39.9852419873715        29.7099407625671                       1
        114.058481410706        41.2711685250647        194.718030196889                       1
        16.9735340096626         80.104664292699        3.57299629882266                       1
        232.734121168882        26.6876504105486       -13.3835126367848                       1
        13.5704492437779        50.7735133384081        90.0373311138618                       1
        185.581038856642        34.0820687208538        150.517294980864                       1
        311.024487057622        83.7644118689586        176.298304911247                       1
       -8.81519466462839        15.7866601117356      -0.727565714956247                       1
        31.7240245034872        29.4714186405894        139.056062311776                       1
        207.667163889544        74.0531948793609        16.0933767079998                       1
        2.61288027943358        21.0723763538678        25.3149023058261                       1
        237.811512646476        52.5252610548154        74.0656180830527                       1
        302.733400745497        34.7908729686011        98.4384221871422                       1
        58.1503314344588        32.0854484072562        62.0758567231426                       1
        134.545262654706         73.681145234424        171.114640228803                       1
        186.135766742773        37.3406918287395        186.891720181337                       1
        265.627237910113        28.0393799827953        133.645472100953                       1
        160.327405643841        81.4895104445501        34.5678021906657                       1
        117.576609402086        63.1181260303367        22.6409371538564                       1
        344.210429284156        30.7743029321875         52.792689710828                       1
        226.177507747303        65.3281140877463        58.3430293712527                       1
        297.375646832336        65.9510925050887        91.4993530040523                       1
        9.10430029293302        88.2188799080916        135.245033287814                       1
        41.1989631075742        24.8628111602196        66.9669467013505                       1
         319.91477302883        75.8723311366698        28.1292824432136                       1
        32.9254160731083        43.5939522574898        120.555230831273                       1
        206.346314279036        49.2024647822469       -21.5843652530714                       1
        289.910630341444        75.9257716784246        95.0913158239117                       1
        151.411506180896        83.5131325705625        128.891073104304                       1
        43.1132390677087         42.678817271623        30.8880311988895                       1
        162.927964278147        79.8349184038624        30.6799816201697                       1
        337.806739946095        34.1341346481565        38.1940899827045                       1
         90.541793773089        89.4521454189099        105.604352617054                       1
        104.349550153874        14.7810734893814        67.7016620115826                       1
        67.5929459745319         53.057987839875        62.8944336346876                       1
        130.227716795776        65.8674029080544        189.449376167175                       1
        220.784984170171        61.7159566070013        100.509055520886                       1
        49.1813434735063        55.3743085993555        28.6878132540434                       1
        256.161084342305        10.3405343648567         109.46924769961                       1
        241.099844510794        79.4008570177429        138.275952303958                       1
        96.3779562028649        15.1349029399426        173.213391992919                       1
        121.952834977018        67.7407107416182        29.9810546763903                       1
        6.87030432084599        89.2750360103142        58.9095886716047                       1
        52.9496898723172        24.7647027038316        65.6353464594815                       1
        127.532547746047        56.7395613162544        61.6139171833466                       1
        354.791359509097        63.8805648077634        160.006309969908                       1
        59.3916051420336        55.0342909101455       -12.0853286167987                       1
         304.40117130308        41.6906027774053        151.405584470684                       1
        73.0735142115974        58.3541065064201        171.625619849323                       1
          27.11073112879        56.7958304886015        89.8784264681595                       1
        166.622533946523          43.18877937781        7.72792709526241                       1
        117.687731319836        51.0521480343488        48.9866083633754                       1
        39.5921871959254        12.0774693044255        146.450214765462                       1
        288.922341283783        117.639228087106        106.485366047734                       1
        140.341610368081        37.2157720866275        163.513298556551                       1
        164.895726507687        53.1489049610628        155.941361462807                       1
        324.876588912318        44.5271237685129        166.339493808402                       1
        245.472105878381        61.0172618934799        160.410755592106                       1
        245.450594070143        48.0949904336843        126.773139825217                       1
         125.80427467752        57.1875621134505        182.259293285558                       1
        339.597539081512        88.6410152321252        159.679360402804                       1
        174.822010791349        38.2236656911846        144.022944249387                       1
        352.496762421129        75.8761786168794        137.903528290155                       1
        261.396147188349        77.3621360372256        165.654929756199                       1
         103.30706047305        85.0846749612004        13.0996650855362                       1
         45.760638041511        26.5328187117864        152.142867894639                       1
        255.241987094155        37.9058531549135        98.0194995613613                       1
         305.20553133127        105.114043830077        8.83883812037381                       1
        198.314968168186        62.8189153108288        175.562036501586                       1
        91.7371777320816        95.8537999552291        36.4491405059367                       1
        240.026073453586        65.7310633540082        33.0022994542229                       1
        172.458524579765        57.3321177747708        19.9433156638055                       1
         260.57415366295        41.3891956120385        34.7746356752136                       1
        180.563274888973        81.7135532240752        -3.8636380735904                       1
        247.649063929799        73.9602228024034        124.818296808394                       1
        307.375035337469        71.5521199833249        94.5319352770824                       1
         218.14109374331        75.9210535044712        119.104435337499                       1
        77.8671682115328        90.7252795270587        50.9790614102451                       1
        132.541120581219        90.2830804646514        97.3179025496976                       1
        35.4737993471591         27.650820638478        168.570450651348                       1
        138.682525562389        63.6730282577463         26.279939601747                       1
        71.6007093233933        94.8310828800799        66.4949430615771                       1
        275.197257913945        57.3167252222476        76.8287471315102                       1
        201.673904696468        33.5006209335632        167.614118306725                       1
        148.583039709608        55.8917594858941        169.953864474766                       1
        351.103785115937        86.2045924004626        165.673666082631                       1
        219.312000249018        44.6237458026886        167.471838569324                       1
        272.474746774718        73.9035607741741        157.928560706904                       1
        345.364257777459        68.4397353448931        74.5800856600106                       1
        264.343230046443        53.0707662091463        96.8839811879947                       1
        182.901296590239         61.761532895656        180.172352825162                       1
        227.518042265665         19.586081159547        167.248569792061                       1
        213.470877852728        23.5750372839406        95.0460383283248                       1
        126.964531703593        76.9075118078462        80.0094373921186                       1
        22.4083211061553        63.7981589160685        117.486559056825                       1
          34.72973323855        16.1800744030696        135.307651411621                       1
        34.5109217024815        82.2803201665161        3.39351244257801                       1
        258.393132699205        64.5933920592543        5.70341562912133                       1
        217.525110893412        57.5611483857307        153.649513118715                       1
        95.1659060984567        55.3738303082146        56.9824777636271                       1
         309.86577003214        19.0702048046104        60.7680355701918                       1
        259.013063663304        98.6373366915307        68.4051723103056                       1
        78.3955201760781        59.7876819083067        140.643025013658                       1
        59.6984015235994        39.9175082801884        77.4855937969951                       1
        322.126382905249        89.9404029505575        9.46511576397092                       1
        45.3637153239796        91.0070450356949        52.3567905381608                       1
        128.969111437114        50.4885366719077        78.8318010092454                       1
        10.5053505963818        81.2954559207233        160.494922794487                       1
        127.078584221622         30.566606078694         33.492866864098                       1
        206.754948154523        69.3832375929974        10.4613864496499                       1
        197.521577385191        48.8131333994853        151.570947332984                       1
        43.2237600288374        72.8458693932497        86.0140348448461                       1
        62.6228530799439        84.5863565610095         65.023265904591                       1
        78.7475030809566        65.1858029365282        100.664678427565                       1
        297.441437865605        74.2477878802633        144.653763732821                       1
        256.193323295496        42.9891305069022        76.1373541541511                       1
        96.1934597174437       -5.46090639792892        124.144295739743                       1
        158.538467292726        95.9808203093596        92.2327896453981                       1
        251.886718896307        58.0265737326089        22.8868094359756                       1
        53.5864859057128        88.3136870385056        63.0928340385063                       1
        35.8900534890354        88.6100476833279        161.809777293183                       1
        14.2422840302356        34.7141414362709        23.5528801485574                       1
         165.01272918719        78.3761718527884        178.401798527405                       1
        354.608516357539        79.3821853190327        103.286789478755                       1
        78.0683954728814         58.653714198071        54.8386566402724                       1
        186.210652174295        75.0844010509601        8.99964924094714                       1
        318.634863834432        85.6603167960858        93.7988647547032                       1
        208.429720414295        115.592121735536        63.7675921659028                       1
        217.272397385728        76.0042618078831        29.0561944820719                       1
         320.80942332631        9.39619416130162        159.499631717611                       1
        293.511227160018         49.815415688079        52.1965745922552                       1
        64.6124316760279        79.3132608607909        56.2025502684082                       1
        180.660606702572        21.8716716948586        135.790459704799                       1
        136.112407403305        70.5355140289264        10.0609700820692                       1
        244.924497089034        26.4327990282831        98.5696452318393                       1
          117.3786472912        8.63132600331249        80.9411693693282                       1
        163.968517762527        59.8200434940138        136.138834841307                       1
        259.734186549968        69.1153499609304        17.2952729747369                       1
        116.711860847242        90.4965073927694        179.277268443483                       1
        290.081818233939        67.9249012835344        129.407389211283                       1
        247.763026444232        5.38137197908769         128.23591125528                       1
        106.984817588539        50.3567582954964        35.0868332845293                       1
         159.83258033056        90.1007294282119        140.391759949713                       1
         268.56844143559        28.6265623004351         88.165500060916                       1
        133.735063542536         55.003206478734        164.747177597105                       1
        219.645354233355        31.3296851441381        125.162002490918                       1
         146.36658232266        64.3614102461975        142.774002633748                       1
        148.976328533673        55.1500594696561        40.0499441004839                       1
        313.861481747882        33.5716457809998        15.5764013539667                       1
        64.1391504109111        67.0844775388689        9.91877014575915                       1
        153.655519894075        32.8417023394591        15.7393795157863                       1
        167.714505832256        78.2700086635443        162.087572151855                       1
        118.216354477666        50.5369624078114        74.7133244330515                       1
        326.329615880358        61.7739943924041        122.938500998124                       1
        262.100192617084        4.41677171055863        68.4473740897159                       1
        51.4659648603783        45.9151996025339         109.38928440801                       1
        183.698351728785        81.5568272002349        10.2587232899175                       1
        181.208730512753        57.6691576092335        29.3062022042148                       1
        209.814159788266        23.0081863258348         6.0585261064162                       1
         40.948549420802        73.4134972198239        143.408777867093                       1
        345.810550097666        77.2276533269169        52.1085642116965                       1
        59.2579562430308        87.7953347579694         46.917847228273                       1
        241.063205266176         30.928388578494        66.5607922264938                       1
         285.51263841771        97.5817197937197        144.169336758541                       1
         334.22970885864        69.2441193607353         129.76763075248                       1
        265.697891200234        55.1259012959562        122.027580487158                       1
        53.3747480756614        91.6480991338889        45.9496139484478                       1
        183.166585605186        94.3080297861442        7.70037718593889                       1
        273.109074773094        81.1255340888045        155.795179506783                       1
        132.217655662768        74.0064662325933        65.5194899454105                       1
        71.3140569361489        69.3510774768692        14.3194756021031                       1
        110.908313780876        39.0310251291129        49.0019892276881                       1
        197.930186081585        77.7659269373501          169.1098462518                       1
        319.119569019484        41.3262330862795        113.407703668813                       1
         318.92136173878        53.2732451828745         58.199958234597                       1
        339.937904579727        68.2150668139323        182.552275645714                       1
        84.0715667587074        9.10676460142514        59.7797872998704                       1
        288.990405090463        86.6842474852476        137.537085589481                       1
        42.8957103874328        59.7137195116632        93.3474161236534                       1
      -0.485817529335436        86.8480305820901        184.719611340833                       1
        306.808232196962        86.1361014687411        6.82712638854738                       1
        96.2222301671644        43.9123918267988        185.494860456687                       1
        108.794165617908        35.3198439536576        84.9454791966975                       1
        183.643061057099        29.8225906803295        13.0668365822023                       1
        170.382830997075        95.5953728660055        30.8377697845529                       1
        284.137981093634        31.6589097367081         72.595929856468                       1
         77.666754834615        26.6025141416296        83.4529191219862                       1
        146.573155320681        41.1715653150282         164.40470563099                       1
        149.433866370173        50.8289963895821        14.8809033207398                       1
        123.889674176753        72.9969515270209        63.5494138443257                       1
       -22.6190392048237        14.8903101521713       -17.7033341859685                       1
         350.52626869828        34.8737200909763        178.041726344463                       1
            21.874966876        47.4693669938719        43.8299649044806                       1
        93.0734446112094        71.4690131378585        36.8578822168569                       1
        11.7063562175932        67.2990380333506        102.032373923681                       1
         345.10353152289        54.5787154285297        39.7135924805196                       1
        60.7601318300103        54.0597831005172        116.781105536626                       1
        122.771560221259        41.3735437429465        162.156228259393                       1
        162.990907422073        19.9388662080134        69.7972460121547                       1
        48.4816164405596        73.0454849624543        101.243509291091                       1
        309.132356924122        30.7216422941681         1.6383031853883                       1
        99.1067502518133        36.9126545667692         81.080056955485                       1
        213.595628072757         36.198968321583        84.0163919205197                       1
        322.234701887509        22.2969472452219        84.4422623189195                       1
        69.2200750853334        91.2805234980158        29.8454203187543                       1
        14.1651567024966        69.6829999709948        7.07225220920343                       1
        252.256360384017        72.3135589593008        19.5837476304591                       1
        188.448573522663        41.6329311041206        3.28493238774527                       1
        129.614770339395        77.3781450236955        32.3437304559668                       1
        250.518638556232        15.0301078371064        61.3968325006002                       1
        180.984303836305        57.5969097155933        161.015968552374                       1
        115.719641474619        42.0504082868455        40.5610726564055                       1
        248.357530643939        51.6013821143279        118.226380625055                       1
        21.0130572515456        49.3901270206023        118.386752044983                       1
        17.7059089296539        34.7831673886432        100.678497024188                       1
        67.6595010605411        36.5416636865213        6.23778086107502                       1
        12.0455938769953        77.6001492189634        168.967450981419                       1
        225.823610371941        22.1187256171881        134.022773894566                       1
        149.138917860256        64.2573410295584        100.018894513094                       1
        237.859542156882        82.4219777776725       -5.44391976872303                       1
        242.464773094518        76.1432792817326        98.5720333081231                       1
        334.549630441782        86.3254490531058        26.7916393379089                       1
        297.706882352945        39.9040345509281        168.369747698303                       1
         272.01851947808        96.6121957313449        149.983554014983                       1
         199.15769334812        44.3207742031136        118.392240108388                       1
        21.0903597583678        31.7958339026606        43.5837287248106                       1
        229.288362389069        33.6945693448729        150.493269772987                       1
        21.6032571187457        12.2877771281489        29.5646282066337                       1
        301.067118900077        70.9644024747305        180.287521977744                       1
        297.056708917955        66.4268196633171        57.7677574572873                       1
        226.005636640304        39.9933929851588        140.494959051139                       1
        65.2707744259482        84.3837498336751         166.75529717716                       1
        298.386521123181        77.4542461238937        169.139214531857                       1
        113.088761504317        67.2607718402952        183.150674770725                       1
        230.748257776008        96.7865354046565        110.237922219731                       1
        214.391574058068        68.6477777187954         49.369001453332                       1
         360.67789229612        56.7102676933445        102.966242976821                       1
        231.891231051913        94.3428580046743        56.7228480241531                       1
         32.352446671238        83.9364458805688        54.6499435543952                       1
        215.254862884087        58.2755968996681        29.1053051571815                       1
        342.239377602131        18.5191510368323        15.7505247437889                       1
        209.236078747298        100.029080517857        63.2296493970785                       1
        119.346721269262        60.7032405336238         102.09496689542                       1
        165.799140618006        42.1426605713941       -8.40908679555113                       1
        157.537543046195        69.5895409616654        17.6820243565785                       1
        247.122426148636        76.8737248239988           117.616856057                       1
        177.774778899577        51.8722460554421        139.537171767208                       1
        277.427517017378        18.7304558740397        49.7712224374355                       1
        226.487722699936        16.2017695221867        160.087082300059                       1
        7.26642868361215        73.2545142805581        119.404590795259                       1
        302.655838817287         60.457378136576        99.6041594211678                       1
        268.359685470442        11.6876201590368         118.79630060033                       1
        79.8693588409095        23.4994772057109        169.316131039103                       1
        166.536883014041        66.6958849401158        22.6384311588381                       1
        46.9505865482653        82.5270316906287      -0.859615092934871                       1
        276.005077342443        58.3687732621814        85.1041105153659                       1
        166.250634991716        75.0673931498314        106.583804507315                       1
        68.3554755522915        63.2603914407617        39.2684780141012                       1
        295.251618392591        83.6355706154792         97.325310774804                       1
        8.81529267836101        97.3788833998106       -19.4246176721587                       1
        103.873669121446         79.516811432201        43.3747109795649                       1
        93.6631100236014        21.5820126520253        67.2109503408034                       1
        43.4097887785379        55.8918498633894        47.3431902822615                       1
        75.3523289282343        76.3953714226884        67.6263405580742                       1
        53.5690278688981        75.7606550452227        5.45050197441691                       1
        46.0011803156184        38.9610870835184        5.09795904852223                       1
         267.12890414234        29.6549333295455        77.2604988572514                       1
        188.351292926692        53.9332975373912        102.785314906677                       1
        17.5728126842748         17.463936520885        32.9647007856224                       1
        176.552565520616         78.966647220603        114.224664628023                       1
        353.409309836647         73.004658999734        74.4754241000153                       1
        56.5556286271789        67.7400104666808        99.6390811777433                       1
        274.206591764868        49.1342655687249        170.921779208628                       1
        136.883032416119         89.305464516062        39.2222234856641                       1
         339.28467817934        74.8557165073908        101.179206703452                       1
        342.197484608302        69.8433129756771         167.93701904334                       1
        339.057625823093        56.3763607629055        179.898908174468                       1
         26.752542404621        90.3216467231154        48.7264644501918                       1
        220.046921994981        53.9237379481968        56.7804872210504                       1
        256.760414317016        40.4441444706625        110.284616429134                       1
        69.2833674795969        67.3783341457665        82.0595546233513                       1
        330.637723834805        88.0442224773041        30.3361139697497                       1
        50.6430631216105         24.874218590803        171.288203420838                       1
        139.975006046422        39.4876613265235        56.0875930006372                       1
        54.9688027112393         38.406836727821        93.4274189207297                       1
        255.436620418894         86.568686377468        29.1839528543295                       1
        98.8851510631127        66.6615253542297        123.885211352078                       1
        170.093110029783        63.0718430938075        15.7366618203923                       1
         274.20019610146        87.2077341067229        3.28203412581091                       1
        49.4429871923224        20.8967998100213        101.665617327864                       1
        131.264356726907        10.2022110752408        102.327571087521                       1
        65.8964086899042        73.8560179875417        149.486131409841                       1
         360.49139905685        68.0625083095161        13.4192366775268                       1
        332.097515305272        73.3883807563384        152.243979844498                       1
        59.4744630355961        63.3492252491602        38.3240748509929                       1
        106.215454714172        68.2970315417119        75.5128590538232                       1
        299.831153344472        90.0341319288189       -5.62987241729127                       1
        235.111136054263        98.0472512333494        84.9807389654467                       1
        343.896965069295         24.349856631207        41.8759586145139                       1
        299.871419244778         18.006844117672        108.258595755842                       1
        253.346511221166        33.0235151911654        32.4223387613386                       1
        19.6310561324787        82.1471606357635        159.645258562393                       1
        74.7193699568639        72.3830095369798        158.100892538321                       1
        179.766660211331        39.3194725653389        179.098113981566                       1
         271.03116569264        43.8023598093364        38.7917085364327                       1
        305.444123422605        90.7586924132182        154.889959179868                       1
        317.302132398315        90.5485608949331        40.6983284797731                       1
        232.509776780225        65.1704496589958        154.637543991285                       1
        28.0065542175746        11.7429177974031        101.642374971953                       1
        63.2207095580272        26.2601850679708      -0.469862491757067                       1
        334.499000791047        61.6711241646804        64.3826088903624                       1
        52.1652075663943        64.5740969954345        40.9327934798646                       1
        115.666267263749         37.573081856377        57.4868009469016                       1
        227.414972977729        51.0349736382397        114.327039273554                       1
        307.358882112583        28.3357404200496         81.431887103873                       1
        305.553441389642        30.2503488341863        54.3328956940792                       1
        30.4881257830903        82.3290451274009        164.379255352626                       1
        300.334271630795        53.3118221859721      -0.181467013540551                       1
        343.705512610976        49.2135763134925        54.5121228866728                       1
        158.772554303985        38.8967976123813        34.5031072743768                       1
        149.439762558361        74.0172701458167         89.406787941013                       1
        208.985461966694        61.1870801774562        18.5553703429396                       1
        106.257413190333        30.2264512488322        45.4973708727611                       1
        264.186712989833         26.420123904476        119.137911032888                       1
        316.712555148367        50.6654423186758        157.514256969363                       1
        193.734110810934        74.8864011054424        6.59027721260667                       1
        141.256553693758        40.4631678170361        38.4679266773624                       1
        195.529022362555        67.7588545274945        42.5019086560604                       1
        65.1282001689597        42.3994907028697        37.6671135412397                       1
        47.8216005313928        74.5017622935306        34.9597038116805                       1
        201.948960816662        82.7282971235735         4.4747455475144                       1
        28.5625239411658        62.2738661053667        160.768755339332                       1
        308.567709683667        28.4483410570927        141.432608104059                       1
        108.067999448578        52.8103361000817        13.5592241119889                       1
        276.509513426336        47.3922352023771        23.5595461129298                       1
        133.629641266654        97.5632647555238        73.7034726445886                       1
        109.215577303104        74.7203556999071        25.3534817538803                       1
        45.9901044474134        53.7621392542206        33.1630308482183                       1
        228.471704058318         74.467490212247        123.865326816073                       1
        316.566873450343        21.3380435501434        61.7012423978839                       1
        273.549638994105        29.8548249354023        30.4242311596978                       1
        299.539235404182        85.6857933271937        125.067605390037                       1
        274.163761202689        24.2702536744421        9.25641060478008                       1
        228.327233973433        54.3454752028982        147.734724369362                       1
        168.809276186427        77.5448241876647        14.0818133067105                       1
        178.412881547773        60.7193745909491        183.460265770072                       1
        174.135600131711        86.0963188437226         183.75042647657                       1
        282.076596848172        14.5558296030336        9.98351857751561                       1
        15.3075321357409        80.3961272875165        145.873684696969                       1
        14.7911833981151        65.7030491436128        154.236330865581                       1
        314.512082564033        62.0934908944943        49.4187678172804                       1
        183.348394870479        64.4184072553591        23.4198951240004                       1
        72.5550884451838        26.2947603300446         123.12117659568                       1
        30.6135467062264        96.0081838193064       -5.15654787544307                       1
        79.1710084561602        83.6825530598279        165.093869966433                       1
        171.659485354898        27.0616217457729        14.8058220998227                       1
        174.053664087216        47.7431878339199        153.544004307018                       1
        296.849911220794        51.7783680305186        60.5044964602761                       1
        75.9199627647449        47.0270626974542        86.3727653733722                       1
        258.674340747014        43.0128918047447        57.9534113397884                       1
        59.8214523699983        54.5105438815383        56.7684595441125                       1
        236.752044534806        74.5611894704276          105.2607213717                       1
         74.167778340706      -0.661854864817814        94.4526857485619                       1
        166.115818425765        65.8526556533196        41.8189167127393                       1
        51.1241398418849        46.3953304771902        148.747405058939                       1
         54.664045781674        61.5239150488109        158.355676730175                       1
        230.945853634146        39.4052574669507        145.984233460008                       1
        4.19099398374555        69.2484127049149        173.321033776683                       1
          312.3000488912      0.0844068345424299         28.651320117993                       1
        214.425398329336        33.0232952943723        69.7862656027369                       1
        221.952708406944        96.7007756759218        76.6250031245771                       1
          118.9957406365        53.0923890217109        62.3583472877046                       1
        352.379510974626        72.1640092428341        88.0317825370031                       1
        140.023267244195        60.8927348804209        41.8648484167922                       1
        27.2640573054412        31.3697465720865        155.213240969306                       1
        125.928817885759        91.2777973226036         162.58424240781                       1
        262.829101015494        27.2145054888016        41.5529876824519                       1
        327.223490159628        93.4899859026375        165.155998521598                       1
        147.535059193302        38.9817986420015        172.039966026295                       1
        34.6675435895003        15.7953841811997        30.9811951986357                       1
        169.319451988927        51.3277957799418        163.903326744257                       1
        260.787740429303        63.5365155823924        91.8019739688006                       1
         286.98453203617        86.5322115129467        69.6651165417571                       1
        116.893225814324        73.6635523128708        22.7228911256658                       1
        281.384359079303        131.756852844055        114.600940105294                       1
        231.591019950135        29.7453716333867        129.308029618724                       1
        23.4835905835543        88.1463619595359        173.262884941002                       1
        57.7125409166673        73.7769959350016        80.8253857890467                       1
        264.153783024478        24.7434348374161        65.6563269163687                       1
        256.703196844746        26.4283234404198         67.472081920424                       1
         79.228355333491         42.393050245054        90.7296445567562                       1
        144.128144129094         70.626133564904        12.5848987403747                       1
         170.60122680879        61.1064750959284         156.96210989267                       1
          253.0731224527        74.5032942292137        155.704055836387                       1
        162.209231105362        55.9364357450995        15.2227765078636                       1
        30.7388304242285         59.751344380775        46.9628783459994                       1
        187.992165421787        42.7402245054359        161.476214582892                       1
        129.718849811029         31.638666116427        163.828292956205                       1
        116.038560215188        56.2194296055221         79.635104716222                       1
        156.803692047664         66.372351375908        3.30803870268232                       1
        91.8950060204149        77.5943071872476        45.6834230054536                       1
        78.3318829360065        40.5037614068319        79.4740141824681                       1
        241.090446699507         58.660247001459        14.1642010420643                       1
        282.205091920893        64.5520604127767        88.6473323333261                       1
        76.9916096870253        13.2957219892667         37.987784133728                       1
        243.288289425743        37.4131776104751        52.4250973473737                       1
        237.173432252107         114.15402790456        108.093549413815                       1
        363.799936204338        55.2327368519989        143.281345693429                       1
        51.4080976842163        47.4815428358083        4.19676281229525                       1
        258.032442290833        77.6545723081493        55.9091000458564                       1
        204.593439689076        26.0407421180645        111.792854497875                       1
        25.4820396067309        72.5172168569526         48.304397161821                       1
        58.4133787786718        89.4151147915965        42.3040697579847                       1
        289.911506701945        79.4736657956127        160.987162690737                       1
         312.25040019922        72.2310696591029        156.498163636688                       1
        9.63321231024013        80.8118441969367        141.637811216498                       1
        329.283052617756        30.9068882053681        164.035000992284                       1
        152.111507136805        80.0125297746943        10.9644913766878                       1
        53.5288859093785        41.6320419449209        55.4962578776907                       1
        212.190408206537        7.46402548122665        71.1589012562874                       1
         40.786985558276         67.353209217432        98.7020020850551                       1
        280.496185925826        25.8943973877158        180.486359292987                       1
        103.927484059726        72.6222301178319        146.252784255574                       1
        48.1086661693909        41.5115813743283        117.193633825104                       1
        203.656339056849          45.73507219364        158.923760959175                       1
        204.704159134903        63.5653105456271        94.9299710112982                       1
        121.473197480797        68.8661629279203        48.5821896895292                       1
        249.383361296909         36.744809824534        127.916221631338                       1
         95.654114697772         39.384607984787         73.399585654909                       1
        313.953691609985        95.3374764538939        167.865944914867                       1
        222.740607750449        14.1573577032824        130.134177559402                       1
        328.071026117461        77.2275507877299        156.234128712202                       1
        127.081759863596        26.8539477156811        9.64216223071235                       1
        258.848019148701         38.020403108601        167.424372416238                       1
         119.86022541754        33.4345554434399        66.7556056543502                       1
        160.799397209121        57.9286620848258        77.9194591733953                       1
        6.14568698899073         25.258733541638        145.723819870898                       1
        118.048439261737        83.0096802107554        59.6693710207802                       1
        282.559983081019       -5.24810395163788        46.5629226095186                       1
        235.600255680297        39.9958762871649        152.936698395434                       1
        212.473690541155        79.5392514785963        82.0539818624631                       1
        108.043472787293        72.8068172525273        101.324563978597                       1
        359.175542651736        56.2138293875759        134.511278524416                       1
        147.010367648413      0.0775895723901054        25.7065803698543                       1
        100.572977086385         46.815298226953        94.0638343494927                       1
        23.6026216016501        15.4167154252504        137.148412680073                       1
        286.577497341688        17.1459307140339        55.6473187748818                       1
        248.304763925225        54.9689277633493        135.187707580566                       1
        257.098684041589        18.4363223189076         129.98034911901                       1
