TEXTURE AT STRAIN


B  400
         296.99930211465         76.557204879238        108.265820903724                       1
        50.4811217534318        48.8963407116026        16.9333424874123                       1
        320.434831341533        55.3922851445358        51.1056555356967                       1
        198.750829901777        75.8206483113798         12.249690872811                       1
        268.952159573712        60.6642585144809        28.5228167358149                       1
        292.852590373934        75.1584199251717        160.047686969503                       1
         12.136830981981        54.3821848286741        85.6099590990638                       1
        215.596432951939        59.5019452339313        31.1355729176794                       1
        311.504001211634        63.9983546838502        6.69481710754434                       1
        222.159675517519        69.1091683196444        173.416027537066                       1
        301.438324781827          62.03849996325        71.6796253454444                       1
        134.694847004053        28.5251890223629        6.84835265891357                       1
        128.043712931661        98.6658206763793        63.1049830031308                       1
       -1.35436173526189        83.9671116888361        79.6258739134273                       1
        190.239264205039        74.6349931280173        112.521040567909                       1
        298.422969719375        56.3172164943872        121.269721883874                       1
         102.10176223818        76.2271414782372        48.2590104483181                       1
        266.135424421986        62.9647960884421        128.870319669182                       1
        27.1233663971067        79.6959341372018        163.152723979137                       1
        282.537009553276        61.9620389524639        14.5645561687749                       1
        188.512185273219        87.8518021427113         84.721176087307                       1
        78.6367893050014        17.6576011577927        150.762094511203                       1
        182.076660994114        75.9423953563799        31.5882675778798                       1
        237.429323449171        57.7334546746908        112.910114192008                       1
        299.202766732976        89.0942990077466         50.964731279189                       1
        31.1299792311949        64.5205971228525       0.648046067142217                       1
        231.911970852556        47.5302737232051        46.2287271176383                       1
        118.666377916982        79.5036559162192        161.145622680035                       1
        325.365790597134        42.3306988265938        48.7850624128113                       1
        61.0412085884249        74.7967467604766        102.976915682347                       1
        240.168904976835        39.6555121363357         82.876654539783                       1
        237.981467122197        48.4227578521246        26.7124904058366                       1
        54.0707218817484        70.4136714662696          140.6594334628                       1
        52.2999564286256        58.2179294190748        8.69522459529471                       1
        197.938348849054          40.00684338321        32.7776509115466                       1
        104.264409518325        84.8266536115315        61.7186939605769                       1
        286.069468456168        71.0084628940465          27.49496628133                       1
        317.867028535597        36.2217633352008        78.4017458555484                       1
        86.0755838655413        82.6780374831309        64.8015108645856                       1
        166.571857881117        95.9447949223096        67.8542777905322                       1
        267.355132694385        50.2950821843984        3.33698137038672                       1
        26.9382004090374        1.84557477910911        84.0815172205332                       1
        195.754043657353        84.3168260880082        21.2662918056496                       1
        257.039874595154        26.4360418995747         60.821172124381                       1
        303.433157104434        63.5348976141918        169.099751883423                       1
        286.760534604805         93.214380024194        10.1501614628393                       1
        289.078177537462        78.6715204141267        128.156247031179                       1
        199.809535462711         90.237399942519        152.100335550936                       1
        100.798785765751        37.7072131862989        101.245698786822                       1
        52.4217721982579        59.8518175997736        72.1159586225123                       1
        214.202960967137        91.8120876853736        22.5797138662921                       1
        271.065683214974        63.7021137661253        98.7607004897214                       1
        78.8210974127022        56.1403868365217        105.345599884789                       1
        260.486274792914        30.0401779094086         74.835198287122                       1
        101.185181224894        74.1435323402782        77.7626116072312                       1
        59.2921611835944         73.447156317333        77.6451790063448                       1
        209.234935132576        66.3230093664316        113.425127301112                       1
        353.219651977244        20.4786817990715        28.0324259840091                       1
        189.530056033236        64.8272606360729        126.418450248334                       1
        204.455234096858        71.7061193465456        102.733552550522                       1
        279.119753724162        62.2040215233169        137.418395347959                       1
        110.736426542768        32.9816400274604        142.400764555012                       1
        190.285656688581        40.7700781058779        149.372970248111                       1
        343.749683048635        52.3274580310307        25.2837918527157                       1
         193.70990248626        63.4246206473081        143.852368261035                       1
        101.248262826564        69.4604324791186        48.9580214298974                       1
        298.408107772419        75.7623160610193        59.2571303830373                       1
         358.50091181884        69.4532086642795        67.6080339181906                       1
           154.413916118        21.3988258479749        94.9053092885118                       1
        176.340769455043        60.7906406119693        23.9795560226157                       1
        261.489635766761        13.2494275770268         70.399182556433                       1
        76.5248537121405        93.7185226481995        58.9814779490263                       1
         121.26794355837         45.016547668817        55.9593355660644                       1
        46.3724931120149        84.8415650459154        143.682286975017                       1
        342.608137820331        68.5663922665669        18.8385528539429                       1
        149.041027582286        63.4516015642499        78.3120832683544                       1
        38.1251179970233        55.3629262264794        54.8037094719109                       1
        354.986984561859        55.5433229973844        109.518001785215                       1
        227.494346518996        80.7815060931878        30.6383298698541                       1
        190.747813048119        60.5095636600975        132.844859860259                       1
        89.5540306365316        99.4315636239595         145.25327018071                       1
        154.692578599591        80.5391008910694        161.702236967485                       1
        107.579165915638        28.5316570174173         126.06427781718                       1
        148.736383359658        40.9788697200558        11.8909820584004                       1
        58.0621495311727        83.6740614285155        88.1675201972337                       1
         246.13868249954        66.5920177279228        139.045973879281                       1
        74.0363501931207        71.5892017101956        81.4766931705194                       1
        161.816364949461        56.4375277202266        23.7791700358053                       1
        362.370263965333        83.7789013444547        153.742585622632                       1
        346.698116347128        52.7322434559488        104.530589474947                       1
        356.176166597683        60.1104970861148          53.53472370926                       1
        90.2808208522003        90.5916092037552        46.5416202030638                       1
        114.812269818274        60.4903234618681        154.938567413245                       1
        265.268272779008        71.5160130392562        114.628525357096                       1
        183.145351451322        45.9558438118097        17.4889050958096                       1
        12.8881330682914        49.8669620431965        126.895532962825                       1
        251.186407933252        51.6949833351321        160.158337844624                       1
        212.417411101149        47.8976665633481        59.0405775898413                       1
        179.684022948621        16.1859346767924        36.9174468869317                       1
        107.805440857504        62.9998267640839        84.1780744694719                       1
        27.3729900833799        45.3339461280758         68.520936110486                       1
        215.638023449148         81.582671487407        69.9083882488956                       1
        274.121524203936        80.2564167880248         108.51763306433                       1
        131.221076605849        40.1424297896056        88.0240799668963                       1
        86.6478025673402        85.7834888086439        155.837739544389                       1
        194.847111612852        73.2911514593964        141.339382519083                       1
        275.059510221824         40.301646556936        18.9338662351624                       1
         207.92877277561        50.3621292780707        124.580099726863                       1
        238.916973678906        91.3167633829267        22.4892819242366                       1
        301.073683687316        22.4809695739163        12.3188669183674                       1
        285.980455304747        39.2721055350653        84.9171227763773                       1
        318.431561586968        85.3182346282184        63.0628869698023                       1
        173.406723474137          75.90959497797        138.120588655699                       1
        116.229842909053        39.7729386363286        36.1640670692173                       1
         344.10868923448        19.1093201757866        76.7080544296663                       1
        187.039788439006        90.4574878218931        104.316674019259                       1
        3.82793814347899        45.1865986422542        177.875571225557                       1
        206.061918644324        56.3408971256595        21.6812956474215                       1
        35.9688400479209        86.0828611379682        85.7017904609149                       1
        272.701449190152         14.220623598761        129.924469284757                       1
        85.7699600960719        67.4467394963377         37.881720882472                       1
        275.262504916946        2.90706839565198        69.2504230795404                       1
        283.634701369094        43.5419070106517        100.798930771075                       1
        30.3774277162008        74.8669243784285         39.940752556392                       1
        236.096424299292        53.3059492723543        180.334558360057                       1
        223.563526535513        60.3796247773442        91.5106962142208                       1
        201.097963863504        55.0947062406242        49.6030454565361                       1
        17.9109052160928        82.2423361223976        90.0273069859269                       1
        68.7860181910416        39.5072768360792        122.673317970142                       1
        97.0215678792518        37.3711520230102        63.4357555931361                       1
         96.318516493357        95.9076847997042         54.464406192758                       1
        115.081714714122        75.4855488824186         2.6349876338546                       1
        207.910449382697        72.6029734213836        118.640827248394                       1
        63.0189135992099        19.6776232387917        33.9622618826087                       1
        215.578138164619        78.6707215815593        85.7416876657103                       1
        232.468205329167         34.716158379929         90.801525047117                       1
        146.600621561397        77.9988978626509        88.3389127960044                       1
        166.861612394201        35.9932327990326        29.4859020011345                       1
        186.640115862852        81.2955975668443        126.880701665598                       1
        214.594872125264        46.7069686953499        25.7994597444396                       1
        232.242374826398        85.4682897227122        54.3681787797818                       1
        357.781627103043         58.183812270092        151.667487590511                       1
        8.43858105315507        34.1568004964035        137.186403032284                       1
        120.618129943093        39.2490558181127        107.846121540056                       1
        243.402218552713        74.4290159240009        32.9623732855356                       1
        316.282588018939        77.5388300036946       -10.5963336674436                       1
        99.4648492464656        52.6954635277886        173.230687206978                       1
        266.804153520797        27.2883362434507        121.348126715774                       1
        224.823688097121        48.8008810758016        97.8854274787616                       1
        312.963738832739        68.6327028143234        46.6333086883368                       1
        164.577312814673         61.146733568899        150.638740151371                       1
        68.1723135380632        90.5905959398284        45.9281852976448                       1
        245.366128812018        56.3285984959665        139.982111294966                       1
        286.024671606352        63.3301826267092        89.6179295801855                       1
         230.28318212997        32.8783461692198        173.584472027438                       1
        102.124172744569        46.4592969174213        116.201473776434                       1
        120.143513517414        90.5096550366241        94.3877866007752                       1
        88.0081386406477        77.8996826247392        65.6346412464834                       1
          206.3831665257        87.1245288940943        114.623217561212                       1
        332.996350483141        30.2103915011771        59.1380869493216                       1
        180.764377582132        79.3907583901372        89.2533682258496                       1
        38.5908978725645        13.1315014376747        1.10540539748611                       1
        329.552982200214        46.6841635053216        129.617683883538                       1
        108.819464967518        92.8719016399282        68.1711311082519                       1
        338.468627809512        68.4191546347168        1.09452512044923                       1
        286.915108930046        77.4061048810815        138.880537862701                       1
        162.136757205257         89.998161980486         98.591630165847                       1
        76.9305840948912        56.5100694716579        126.474842292899                       1
        37.9935314091742        78.5490564135698        176.135359857087                       1
        33.1127489587517        37.2409063199308        17.3556633830695                       1
        158.690218111362        34.1520908414758        51.2489456572875                       1
        213.035109043722        79.4075280973824        40.8054793331385                       1
        98.5635765044783        52.0613581523595        46.6473115019467                       1
        302.682338908912        75.7865701812557        101.587225114467                       1
        13.2945761537539        73.1569046826326        87.7686789926656                       1
         45.409058835457        25.2246653100905        149.226623505834                       1
        182.971706388761        70.1339482603006        7.38115432039029                       1
        322.957787308136        84.4449817287466        131.007353491245                       1
        59.3138615305151        55.2828892001606        142.592410322981                       1
        347.822763061186        35.2413547498015        22.8453994464942                       1
         275.90832886602        83.8520292904218        97.0528037962737                       1
         50.076252264324        47.8342302541157         107.49407967562                       1
        341.299211645496        66.8129804725833        68.8637170469849                       1
        55.9442116818121        53.5012608219571         174.81957738189                       1
        1.57993539917736        64.4599995635878        78.7036408412268                       1
        133.107438116051        10.7724731695071        38.9117939513663                       1
        109.124439775524        94.6927188326773          94.05277908218                       1
         225.19207960913        72.4532695174624        85.3961244174009                       1
        280.263619175409        23.6671891667332        72.2719551541428                       1
         106.55648317141        77.3839249353164        60.8954587866741                       1
        345.241025025326        19.7254112615471        95.2537061676954                       1
        15.3579002099582        54.3889228625414        148.413560367905                       1
        290.817501414543        41.8940446072873        44.6304530919039                       1
        88.0408400716959        29.5949372901377        124.485205755566                       1
        107.280003661874        22.2585452642675        169.773839627342                       1
        223.490526601777        84.6273198818876        102.110978378852                       1
        175.252423447107        85.7868295493881        40.4914754656878                       1
        306.362081612065        24.1894365434611        32.0101354119199                       1
        77.0056490347159        61.7948308551856        60.8858709198789                       1
        294.725627928012        50.8166402976665        81.8542496383189                       1
        144.114706894916        25.3788244179271        35.8747953405109                       1
        283.334505070291        74.5099829484439        124.461328614277                       1
        156.262413888085        52.0390674746332        145.852549189068                       1
        326.150778735645        69.4692373634376        84.8358217379244                       1
        36.6805921941152        52.2815102005236        130.891206134548                       1
        13.5112172908745        28.7439727999681         66.147452154561                       1
        264.465851696473        43.3988238871053        86.4398203595967                       1
        14.3869967569385        76.0792927086903        4.68835105779708                       1
        219.652127764301        60.7070643453353         78.151926379012                       1
        224.977801476925        41.7176651781836        169.337016774854                       1
        236.076456610832        73.9004837834358        159.232960351454                       1
        73.9553461781086        67.0971869588893        136.832496856277                       1
        97.5749017352915        80.8488940328951        95.8359096266823                       1
        35.0398158270515        75.4233740454299        143.000889019385                       1
        324.437931778556        67.0279812271836        58.1845861262274                       1
         75.199665044653        77.1347679833067        30.0211302562213                       1
        242.663412632781        47.6996784538433        96.7034084202958                       1
         31.728073834339        43.5390996360074         50.463320904015                       1
        214.544640233288        17.2740098567192        143.385982381049                       1
        307.222545100107        22.1298015762186        97.4712068035013                       1
        209.691874831391        84.6898699709622        100.973329188784                       1
        184.317819944156        18.8640291252499         139.99994716292                       1
        99.4327632015232        96.6728569819123        25.0989934229489                       1
        347.794371343295        38.2002529035177        181.902582670111                       1
        224.095927456174         84.036094967239        51.1401881161903                       1
        190.618297478572        60.8069456370805        78.5335617179026                       1
        189.854375296398        76.2797508606155        154.104249372867                       1
        60.3010610307821        63.1368752122162        21.0651504795294                       1
        162.204927547024       -3.38338404105877        47.8282076807651                       1
        21.9627902328841        76.4357829560246        98.6364129483781                       1
        227.400549298393        32.5293283682373        108.171755170872                       1
         356.85789897078        74.1339747339501        122.070633808873                       1
        288.112826855119        56.9626255804363        142.443309900071                       1
        81.8004144077112        23.1670110751798        84.0966868451006                       1
        310.238597654739        39.3352754031648        71.2175346318708                       1
        164.906896063119        73.4382504127314        125.565054622812                       1
        73.7948561791954        70.8650944717874        6.41056225427573                       1
        119.455104325679        61.9854870602449         65.927747362834                       1
        241.768556008465        59.9959182003554        59.7816216454014                       1
        46.3262674775754        44.2227982751932        29.6143318569785                       1
         51.055606018928        73.2410345268233        29.4615998890155                       1
        103.477044095911        92.1752125803633        3.30013724067298                       1
        306.770962971197         54.731481265198        86.6129267411399                       1
         287.47562833897        71.3170489789359        74.2552724757116                       1
        90.2087432374911        61.0373694471056        65.4473924933368                       1
        126.321227832047        88.3771514227061         111.90722661341                       1
        24.1421287372665        13.4373986857471        127.445642503195                       1
        42.4995347671183        64.9287294265853        31.3796932983807                       1
        290.397221297704        79.0261439302973        103.716614565478                       1
        45.1058351178531        82.9012468917022        89.0831272862951                       1
        296.672450665818        72.4324905769063        186.703045163587                       1
         105.32659080817        84.3630129855159        109.827971981538                       1
        37.5518117205501        69.6568222088608        19.6679829670519                       1
        123.257989420252        77.6821599002715        89.3356115942279                       1
        60.9417139080789        65.4370004090935        151.629292616483                       1
        48.5037112166189        62.3007765367505        161.407888025639                       1
        341.086300946957        88.1333761577418       -9.51140689819559                       1
        99.8217070497441        81.6902897526287        80.6397729344511                       1
        351.571456389129         51.071231203133        33.1216385336496                       1
        30.9295497521879        52.8842492492433        37.8740037132335                       1
        133.831256807801        82.8968493568298        102.297855769942                       1
        341.226228797278        65.1737386959396         50.657218220418                       1
        82.0492862962212         39.198090241111        23.3467717726584                       1
        301.563717045862        73.1542779571413        18.0473362053906                       1
        247.650989883256        84.5901263440892        42.4071217765956                       1
        162.209745791755        74.9391974425943        76.9515088079032                       1
        85.2918215209035        50.9935476181337        141.903111080901                       1
        83.0986831149214        32.8912821000696        130.862485247292                       1
        45.1281592962064        85.1555375731438        102.185596397573                       1
          275.6809420359        82.3402176892433        11.0951367017642                       1
        124.321133594547         31.334688457614        42.2600362823188                       1
        280.195548504451        86.9205724120053         37.392976625739                       1
        152.179216981683        95.4571666450797        104.549478699097                       1
        92.3495543577545        65.5854321567704        138.209456027746                       1
        29.1115742187086        90.0877799978854        174.747255685467                       1
        72.6752573790842        39.4259068145696        19.3862397180365                       1
        133.300058001348        56.8279713119191        14.3033700897194                       1
         211.20697309665        74.3292427764188        62.8174338498255                       1
        251.138654779476        27.7949818333626        98.2004635870518                       1
         252.89477361196        65.1385712354881        117.829481699006                       1
        207.700806479567        71.0703915333383        23.6351000382159                       1
         222.55128486423        72.9629841437856        20.6918008118547                       1
        125.057070212731         20.690835414044        120.372897771126                       1
        252.287298944996        46.5102893276019        60.7995931047169                       1
        20.8359603647256        49.0839531211822        17.6246162332831                       1
        342.723237806214        39.2588310328442        39.5728541669099                       1
        67.1100369473735          54.11292304204        164.676486455961                       1
        173.862944465864        44.9662453686666        186.745684427491                       1
        361.471577695637        67.8903380366439         91.507575362302                       1
        51.1801753805694        39.8588133927847        140.059494925249                       1
        336.767247574136         74.054969182374        113.096963980279                       1
        107.681930763302        86.8125614487608        33.3499198519379                       1
        229.066112037592        59.3089947200743        156.593919314042                       1
        260.431115490273         60.849901715678        132.103994930306                       1
        349.875002476127        74.6916638059597         83.114082849465                       1
        228.241343542681        66.5994464316506        44.3042846898884                       1
        167.550222862937        74.7783801607831        169.487760418061                       1
        286.348340626019        60.8423998438652        113.013753295481                       1
        255.844960070864        74.2440454194548        122.220272792593                       1
        141.940835564377        48.6965294190197        50.5816308570115                       1
         203.49715891907        75.1334489042108        90.7364340433217                       1
        327.114199301214        69.8948990475066        37.3933568449249                       1
        39.8341472999669        74.9658865518534        128.470007890274                       1
        305.124206452137        44.7684562914104        113.401234335442                       1
        98.2591827024871         52.041999892774        14.9183789585283                       1
         37.100775784829        29.1002718248812       -4.66631591752188                       1
        120.931261256437        92.9173528544399       -2.90391203477055                       1
        29.4007913338998        24.7651948445781        29.1139610814702                       1
        268.573375966921        50.8084010942782         118.48809018101                       1
        207.882996089051        47.9332948739881        103.027461282629                       1
        199.957839441736        34.1027570184726        12.8215546117215                       1
        290.537152840699        57.5839566816767        26.5677391282897                       1
        61.1229705957588        80.6882590472535        125.037994857176                       1
        14.7335022035997        70.0563986800157        111.009389305072                       1
        346.086369230982        68.7701299842713        38.2292568642684                       1
        332.285236910998        85.5190875212819        23.1298596376235                       1
        85.1729024693002        33.0541002688034        142.628486231186                       1
        211.483688120972        30.8300007903489        126.103639331342                       1
        214.845295147832        64.8662435710978        161.301887100947                       1
        228.764399471569        19.1828158374108        12.2314643294947                       1
        224.642333900268        41.5089143600077        75.4357855104666                       1
        262.675109906947        76.4888633474371        16.9308288256674                       1
        77.1399968501552        83.4734413022161         139.99066425533                       1
         267.46192135159        76.2306282684184        127.600937284726                       1
        117.750746255124        44.9185844447994        146.662800147077                       1
        111.170237679516        17.6800028528873        44.7621658712531                       1
        328.630281628434        55.5887217841791        152.085889787791                       1
        215.882983387756         54.784427027664        66.9826578704594                       1
        93.8918412062743         70.004330697035        84.2643298805994                       1
        290.844829346334        31.3085453001415        61.4503899474342                       1
         279.87770228228        68.2332462852573        151.277712890238                       1
        172.173864649952        55.6474734991166        81.6699054926352                       1
         217.14552125047        56.0927689669993        164.815113343687                       1
        11.1392277090316        39.3153922058561        10.6487785744287                       1
        44.5575420784886        93.7146637172463        11.1241647575887                       1
         210.53598427501        69.5674987157781        16.8095838636715                       1
         269.40614057782        79.1901357653471        116.463668970857                       1
        199.393610301618        58.8096841634104        89.9952790576645                       1
        43.7349353719461        40.4719041985855        70.7352692803852                       1
        346.072239103776         32.077345905551        66.1648993984971                       1
        89.6789644654712        86.6015373583175        127.354704583091                       1
        281.202120627204        71.7537744983011        106.538635639395                       1
        229.821147300588        68.4192693256434        37.2724774575591                       1
        150.593600411649        67.2108437523642        181.199372444613                       1
        173.173905475503        66.6407090267921        54.1642525316518                       1
        278.341228437036        80.4742814289652        139.980220582978                       1
        165.963126107487        91.4897763602675        113.043733258745                       1
         331.13017784379        48.6361681109703         64.932831233117                       1
        98.2210801959834        38.8668269417918        27.9847913979306                       1
        314.990959410247        56.5974156912831        148.887614549477                       1
        17.1341766636279        35.9154028279558        108.589857307048                       1
        181.922728798932        97.7033657308914        79.9268431071487                       1
        8.55988756061111        43.4223211182224        39.9800327213741                       1
        152.965670396295        45.7572512086403        165.190776493606                       1
        30.1975063954444        59.0977890807448          78.49929132044                       1
        72.3095222952468        49.5491626402409         73.861524210735                       1
        59.1333428183695        36.9605261506243       -6.94996213395392                       1
        277.767589433068        43.2289150152432         133.79259962302                       1
        252.322351719868        41.8208154889577        137.825789231641                       1
        352.285718411168        81.1487266476125        160.983116639337                       1
        10.6768182843717         61.628699429887        58.4353958012505                       1
        65.2017142084882        38.4047129041687        38.9824296700965                       1
        199.339712766878        87.2955225804809        109.099043429865                       1
        107.219693009189        10.2322757358591        120.628705998907                       1
        313.443635046584        36.2012396533835        101.352032355134                       1
        262.542033317401        44.1012274228017        107.348071311232                       1
        21.3276250049889        63.5578633711839        172.424935301752                       1
        136.380443458877         47.999811846218        121.313075373295                       1
        340.748540004546        52.6297049580012        94.2670932328441                       1
        223.558971114406        59.6915844657185        5.48844829577239                       1
        196.949678102558        57.3775909596737        13.1853041787626                       1
        58.6588364996481         27.307728710592        169.676923924105                       1
        54.1604822811552        26.5712749904126        164.121883649714                       1
        84.6911181125249        81.8249457709877        75.5148185080532                       1
        38.2682084935908        63.3796841037681        97.9802186751447                       1
        16.8296429499612        65.4943667968961        76.2629761690433                       1
        27.9602507294917        61.3281902639311        50.8583768263018                       1
        113.533851656947        86.1015460724584        148.213690086106                       1
        45.1652069577936        72.7034903455333         159.81837076097                       1
         175.34781506071        59.7663483342101        168.901943609743                       1
          271.5923577778        62.1811982375764        141.297405341096                       1
        261.030133753901        87.2099469003696        96.7407635702233                       1
        128.319593138254        32.3420081523255        74.1572614239476                       1
         203.91860740951        91.8567261010553        33.2463575152844                       1
        108.571204769107        18.4755307530694        103.405213490425                       1
        147.897339557451        30.8163973533797        121.898608782672                       1
         81.332852304125        43.1241861609214        164.314133052188                       1
         114.33877690718        91.4499390511554        79.3008379998681                       1
        170.190838951747        81.4491622848015        11.3932265674746                       1
        253.359434384643        33.6244429628748        150.294864225825                       1
        352.293174405173         43.885982861429        44.6690873770192                       1
          203.6433681296         68.309095305544         77.254438076844                       1
        91.0412684449608         79.714991209952        42.1801978406642                       1
         88.274508597312        23.3445338545884        96.7183994725842                       1
        188.162996060089        53.5237396807974         36.931752991508                       1
         333.00803330771        55.2339831434036        4.50004282572655                       1
        359.030092955414        54.0819524431967        137.436763403803                       1
        70.5962793127732        49.1921161658789       0.457289112726714                       1
        308.252991206591        77.6258895092462        37.1376299490388                       1
        233.762985987045        73.5940151298125        28.0664880858217                       1
