TEXTURE AT STRAIN


B  800
         259.43634101701        58.7390213982338        134.630506199106                       1
        61.1155539384424        58.9425782807981        153.663452228944                       1
        211.820246087393        21.0037382866013        129.866017556574                       1
        119.210178003689        35.5369085844525        127.399770414672                       1
         69.277377501326        54.0608892601978        110.430823614851                       1
        245.738158618009        76.4016648484182        39.2190020027484                       1
         92.874018575074        54.5513113232553        43.5367263969407                       1
        94.9948258366949        72.0183026282083       -7.85808511738496                       1
        24.6955856359501        67.3719223539431        15.6305305067093                       1
        95.3434392034411        2.63530506848004        109.511347920606                       1
         245.10886466099        79.3691059383687        24.5370995908941                       1
          119.2721030838        67.3695483732758        72.2794076727785                       1
         237.06575966876        88.1422999684335        26.2764520176245                       1
        79.5814723102503        96.2142106529379        126.756895605059                       1
        157.280538440068        47.1673610666656        83.2895892610915                       1
         257.75211877521        73.5179273377119         38.678635434461                       1
         43.106998355222         55.244941224255        26.1331923621962                       1
        242.990503700635        33.1270782852948        3.49888788579767                       1
        274.480341291576        19.4696497114001        66.1124595576443                       1
        330.944222309388        48.5255261081482        176.584380198567                       1
        34.4910964017084        24.9792919744309        13.6296631298017                       1
        352.105945307741        95.9622329370134        3.95627465176273                       1
        116.715945332958        83.0116949840941        156.642716569695                       1
        266.814080293584        44.6782215035479        55.3690756540934                       1
        236.256094044329        57.7884119998287        19.0199675810545                       1
        336.036035955831        64.4038699979945        68.4906658386048                       1
        357.379365215358         90.649689561956         54.755978180417                       1
        370.797894188658        39.3803426346892        182.129546834828                       1
        212.969022141638         23.260885782446        158.769810242938                       1
        191.706081928394        21.2705054341795        129.295265579453                       1
        189.190798918334        82.6695307484517       -2.43398416365386                       1
        340.478741004294        -7.9927806588947        140.949059373938                       1
        298.558906390992        73.0481105176357        71.2366111849994                       1
         124.86131878386        73.9371995402539        154.403238997259                       1
        327.449958211018        89.7440635213185        39.8944593335537                       1
         122.98455751398        38.4791643468016        139.972964329178                       1
         304.42509762768        37.3409625537112        100.134622986526                       1
        54.2210060179589       -13.9717756172549        68.5846123661219                       1
        127.908121046913        77.0616755534405        73.3389031647181                       1
        69.8220049364983        77.9386121553588        29.3103778417793                       1
        147.417109920403        71.9185845141215         67.377696461755                       1
        54.6979695721755        16.5723067418115        23.4384098441204                       1
         76.927044982935        47.0027837126493        187.881997347329                       1
        95.1276066018792         74.360632059398        96.4783468008355                       1
        286.454023151713        31.6647567550659        43.2998067951228                       1
        233.527650465765        45.4789149362146        155.474982935391                       1
        297.188553212944        15.4651717740629        142.869425640828                       1
        249.801988983553        86.1238673149006        140.901516716607                       1
        312.856048425234         72.828248176114        24.0842572044981                       1
        318.398433429478        66.1992100393607        80.3544250462316                       1
        183.901384014183        68.6013448320247        23.6502549511227                       1
        304.058542702002        19.1044516071961        93.3048729949033                       1
        36.7443470951362        88.0266284299053        174.397473362902                       1
        358.384129262799        34.9814361245744        150.762191323821                       1
        119.464858980694         13.849149431432        76.5224767110802                       1
        90.0330200833805       -7.80392419641475        97.0972125195172                       1
        275.556898609586        60.8963090164423        40.1733526965392                       1
        289.553929828075        90.2298624122304        20.1631440657207                       1
        275.882773855623        52.9275311406091        154.726935296614                       1
        294.430077918055        75.9648480172576        37.9820885974696                       1
        48.7860952556235         67.643238775789        48.9554754817954                       1
        176.879142312682        52.6362469820032        132.087112995616                       1
        284.381545555999        67.0991258690945        127.315736887276                       1
         44.962606520451        90.8862841738424        117.471780501625                       1
        194.172140819626        56.1575924494633        117.328308649745                       1
        161.410908854233        77.1400542211725        50.7928212734445                       1
        86.4277797460512        60.6355561338618        121.590743304296                       1
        267.258008882106        58.9410903379544        146.132811151587                       1
        91.9949158353455        13.5538111363312        148.294493806269                       1
        325.563850970689        70.4496096087799        96.6143717198954                       1
        354.439180785431         48.284323946554         28.457431956433                       1
         339.56218396803         27.664251045575        78.4366026316753                       1
        113.022825775009         32.953494326638        163.087981883712                       1
        316.304494066901        56.5496996595364        181.799323809188                       1
        235.470254871641        55.0982848162949        126.380472643525                       1
        342.886012996911        25.6637064424856        37.5392977113615                       1
        100.172909453028         54.605685834906        70.8595075456037                       1
        144.135596409734        67.0016430331548        39.1831900437108                       1
        279.556497102859        41.6881946844398        123.796940522859                       1
         320.82286929168        35.5386455996539         12.757556452079                       1
        89.0766619967126        38.0156722158483        109.980601867892                       1
        198.011344675313        21.3930949211838        143.120257873875                       1
         270.83509404867        81.0703104515359        27.9382089094356                       1
         322.23730945751        68.0947801521684         9.2909044373434                       1
        171.464101383607        61.1160755745758         94.866834423492                       1
        14.6082691761245        72.1056814402344        167.670447774077                       1
        145.137430017813        83.8758665783573        136.779527393696                       1
        25.9399445580564        28.9814542069167        147.146431943741                       1
        168.237777673293        54.0207497419807        45.8536758590978                       1
        239.652856085423        59.9836244122128        42.5821103972556                       1
        7.33996051928269        78.5755886535381        22.4544605153267                       1
        279.107975478573        57.1436270045198        99.6568081122418                       1
        84.7849293006329       -3.67832504108308        43.1263818233381                       1
         172.58547996768        47.8381417820246        63.3385047184905                       1
        219.711766606207        73.6845575768303        14.6799787277844                       1
        326.418796053555        46.9825520219007        168.784708597175                       1
        19.4698192525756        120.645571995567        122.804807753845                       1
        308.515257570392        38.5790531607336        3.87471109789542                       1
        200.326217352234        25.8830839407493        49.0670347931765                       1
        38.5859834275143        76.4694807502985        130.731544644497                       1
        254.056870353907        48.1962611765722         70.759607153122                       1
        302.756464208682        56.4556509533195        134.882117360778                       1
        356.257189570698        48.5585915482089        115.595100459054                       1
        106.941701611838          45.17954795696        54.9765100384091                       1
        11.6464611054153         34.883689282625        88.4701452170815                       1
        102.994732721086        79.2532646098128         140.21274086058                       1
        26.4099835620576        86.6219448362681        13.4905218508653                       1
         268.94343220707        58.1588102100083        61.0288380602044                       1
        139.733730073018        52.4257955148554        149.814959643175                       1
         206.45950296216        54.0892299074512        31.9190779568654                       1
        250.655763011334        56.8248139897143        159.308728096326                       1
        340.934124207777        121.496886655748        132.237649196519                       1
        151.790012842974        44.1338534136451        94.4293301532831                       1
        327.309417308641        54.3709321595143        156.817952518615                       1
        317.110777753052        85.9723896601815         117.58467861014                       1
        308.536523835164        69.9281753515459        143.457181571657                       1
        106.273984236196        39.2334630486908        112.962246328818                       1
        313.919878719456        68.3333706987889        147.355304385544                       1
        41.9663165453285       -11.5904186691231        161.614235351473                       1
        260.688054949569        55.2174571661636        93.0404157248966                       1
        303.222517516987        24.7095650046497        41.0915586944949                       1
        188.390005685351        33.6516121815239        5.88945955792999                       1
         239.36306502326        95.5665688650985        124.199059250968                       1
         94.648546789082        18.2455450623817        89.2177324741458                       1
        38.0367329963659        73.9731721540457        144.988010051427                       1
        112.549254314947        77.1258902508494        182.443793593012                       1
        187.624315511477        43.6025070375693        183.381764343071                       1
        134.976889313582         61.148446967212        158.442419987363                       1
        231.012597819607        78.0422784913433        49.6462960859704                       1
         55.881204773158         50.878267362482        30.1500550713588                       1
         46.184295741562        63.1638995279742        143.751271652635                       1
        143.069958598368        67.1315558860042        167.170778808566                       1
        304.847837409582        51.6157206357927        52.8711148066559                       1
        170.362102060542        51.3764055725932        121.506683689142                       1
        18.4867800472168        27.3683852891265         11.521128344351                       1
        209.690476202719        97.0010077112733        153.063508237166                       1
        252.303945691201          103.0785933873        48.6224267650256                       1
        296.721632331584        57.6399434877678        31.6465893362036                       1
        136.063809699392         11.570822637823        83.1629900182062                       1
        36.7691438869116        44.8772980096781        2.06371236446439                       1
         310.83124025369         60.225871363104        107.065790139972                       1
        25.2834542692301        22.2943546655994       -8.15945679827292                       1
        64.7780381943333        46.1903670099936        128.554005763587                       1
        339.770865564966        39.7828172454914        21.8464362699465                       1
        331.609399057652        64.3729173022276        109.252343920184                       1
        159.717788120671        77.7151407570049        170.287208673123                       1
        162.918944438935        60.1415886007003        179.351726169453                       1
        158.309118327774        23.5459079078841        109.495184288821                       1
        182.841524039851        98.7088246018041        38.3005634527153                       1
        237.127548436131        101.392184858233        25.8179271604598                       1
        326.162778432166        54.3596170484219       -3.33698045358266                       1
        220.991033963864        70.3445233350108        36.3222169199363                       1
        161.301035552114        62.4355283179651        62.7433345784447                       1
        225.152981851533        86.2862943669315        39.4396333927369                       1
        355.330495166801        61.4291953693812        11.4238970153906                       1
         253.57925283565         58.372278360369        109.420549650504                       1
        66.3969046818494        68.4567204283099        128.334835571362                       1
        186.289366240764        93.1808273948893        144.850773109006                       1
        114.389104740399        36.6149204617876        121.657475292647                       1
        214.330940503778        69.2809897564364        121.460164090539                       1
        253.874169006764        72.0584967698462        111.342459440254                       1
        149.148923174701        60.0099587748599        78.5131945723955                       1
        69.9809874419096        78.7532681956856        124.244732530101                       1
        254.966160277679        67.2267306047745         7.5005904589511                       1
        234.723187666703        78.0284310251128        106.673801366942                       1
         271.79824939413        21.8474974524561        110.407695520812                       1
        301.090551752921         56.297613644046        58.4271345535665                       1
        189.990147217303        84.1515610551841        156.949162625079                       1
        47.4749378707532        93.8693794126441        168.412894634737                       1
        128.901892067472        45.8103118935865         73.168268904262                       1
        304.645749142629        75.7822172427283        53.6495096726226                       1
        147.589481019018        50.1955721456626        99.9352835672387                       1
        186.611031374734        20.6641831484402        45.8850741003957                       1
        357.029819769733         84.088882338206        138.928582114413                       1
        50.5213592773234        74.7527687689446        112.054026939967                       1
        276.218057510105        94.0838708241148        187.622790304183                       1
         252.13673017324        44.8250865877473        11.8033613612995                       1
        257.901033001487         90.703935049029        21.5327726864922                       1
        60.8384828313735        27.6106010142602        175.532252484441                       1
        295.451724091177        73.4775534324026        130.965215331665                       1
        20.7533990315451        85.5611941631974        88.7560964777204                       1
        129.145090387913        72.7055432510764        152.088478677838                       1
        274.733614427863        43.1657339541404        140.067383329686                       1
        65.1898468286187         85.533607361547        142.434300796749                       1
          339.5785550067        31.9575145799994        89.8112402685537                       1
        79.9049527305993         64.373118386631        141.446520996843                       1
        161.065637596347          65.56761131053        113.554878875451                       1
        313.081508345132        58.4326992054569        42.8749285829648                       1
        295.778695539269        88.8288711003253        145.258915833616                       1
        193.846286107567        32.5262280635705         192.79033935344                       1
        131.132762227371        100.995383473261        148.130381945314                       1
        250.911999661756        27.5332666457517        161.710218196984                       1
        78.6312303949219        67.6837169136882         69.374052965035                       1
         16.597252120021        72.9798292515589        137.646703038793                       1
        46.9371454480087        73.4493785652672         192.47586701454                       1
        73.4387643128203        42.0059652135896        31.6958538852772                       1
        114.927711788468        65.8056164503112        122.669768622306                       1
        226.885611676461        68.3411388050841        38.5995115469437                       1
        100.160021762583        45.3379985908518        150.490584145482                       1
        287.880100130307        25.4133865598181        133.242842910669                       1
        298.084401751939        25.0938088654929        124.875709998239                       1
        16.0404129874778        38.1072876532558        116.888539522715                       1
        124.704807664078        116.777896521144        106.942511177219                       1
        161.853125956576        57.1269987026558        160.644986544913                       1
        16.7032306944007        63.8357899388276        152.166808378093                       1
        217.529888463162        38.4114376496235        70.9807856763353                       1
        196.006987946957         89.650393113174        113.505818971851                       1
        248.663928515241        76.3213058979716        100.378200011517                       1
        65.6488826812497         72.597215600723        144.031571473574                       1
        104.396791470283        53.1395872065382        58.7913199603884                       1
        115.332687775999        3.51291208956931        101.751125005276                       1
        271.833498091256        14.2707806122011        83.1676342343277                       1
         239.90087662029        78.2921782126938        188.514690433034                       1
        303.692348401731        81.7678026245616        166.020112381358                       1
        352.070003177847        70.8770648538728        164.292820465891                       1
        260.558771256942        80.0192976369144        42.9895938650541                       1
         75.999916773913        50.7779528777578        137.374905424568                       1
        112.179477662942        101.374225816578        11.1634370604833                       1
        249.391774353956        64.3906606520953        31.5509389612871                       1
        292.048210657699        92.1798880089277        152.025809947592                       1
        159.177821228444        42.7229984861374        68.7482884819078                       1
        193.802602574214        68.4681908284196        21.4574203579216                       1
        86.1041828154475        81.7668915182217        119.803105944386                       1
        53.2726854286402        69.2482401203724        153.478325808511                       1
        109.265899087857        70.9369581082145        111.690560088295                       1
        49.7247756167769        38.7254922922693        35.7184341004779                       1
        63.4860140067824        91.7789299772666        121.287311039618                       1
        183.457655298971        67.3471435135229          191.2542019587                       1
        212.058888443903        70.8979445578244        98.6557219709557                       1
        34.6971695899405        72.2389688562022        161.887835059811                       1
        224.367758680781         28.097463813673        157.028979034681                       1
        234.234945102812        31.0369708078408        20.0362637869211                       1
        40.1405953213894        77.2433801944236        193.687875967981                       1
        98.8452095384752        50.1135912958887        112.235994252525                       1
        137.354201868352        58.5116255990353        82.7469102618724                       1
        19.2642618806238         21.151337070126        45.8129578997551                       1
        298.710007650916         51.624200537056        40.1955446455176                       1
        107.692563402037        44.1270165915757        39.7755980471893                       1
        28.0050381973109       -1.16019194580602        112.857246540825                       1
         134.48274477676         23.673731118884        25.9325656772597                       1
        134.406775254054        15.3382758627318        176.605005787123                       1
        92.0808289876953        51.8245366914673       -18.3090029600151                       1
        64.2464345609121        38.3419228229006        128.126330236063                       1
        9.81325946402811         80.830508065895        47.0377466430492                       1
        61.0002317000799         85.513445797262        175.152911132413                       1
        235.091439003295        53.8791089159043        143.183279091333                       1
        57.9353887028078        75.8904279514271        141.931777267539                       1
       -12.3791630967045         20.386519957922          55.37022412377                       1
        184.240461599834        16.9697549484645        4.70218337570084                       1
        120.465080388621        63.5542080782201         122.09416065428                       1
        107.086046774477        53.9104806504573        98.3729207187704                       1
        347.955326225523        93.8387875467423        30.8122991540139                       1
        220.148551775395        80.2124190012055        165.763371980988                       1
        106.741129287012         24.608777712515        148.823230829172                       1
        87.9433667273202        92.3430841768771         13.883292220978                       1
        320.598840949338        54.5732299183231         134.18317514704                       1
        294.689499326364        71.8213693446689        59.4716744030137                       1
        163.037956372567         35.241169116202        33.6649274897652                       1
        283.248119515505        63.0513967403753        74.2577173966409                       1
         214.52267208116        46.5225022368961        155.258824753547                       1
        120.087844079699        63.4150979478705        60.1005167524791                       1
         310.21459865916        86.9300709087073        104.590698050059                       1
        346.118478479033        66.3672427442792        180.273933440963                       1
        325.071150486617        59.8339119665316        82.8486659321925                       1
        67.9586962164992        66.1687187946972         127.93241727445                       1
        108.676595980487        61.0171637561314         142.78880261731                       1
        337.342654295699        51.8574505299284        34.2176664457598                       1
        358.190066495989        13.6642263868723        167.211170006121                       1
        254.916859063455        19.0097057351848        74.3606482809207                       1
        298.681775701627         68.300570983186       -24.4382718259934                       1
         252.08176028426        92.3186019595898        8.69163525103804                       1
        167.079372979288        66.5659936001934        147.176265486394                       1
        96.7906498095344         76.676784457552        121.048316261267                       1
        153.263029180133        64.7943806856086         109.76302907249                       1
        148.093634762586        49.4132250032718        65.5590538060845                       1
        351.718807062488        51.0419906033216        104.225656166361                       1
        124.167779636979        61.4984351194104         99.981619675466                       1
        229.954751029473        21.4231344021571          129.0200338806                       1
        267.907906723891        61.9174416924372        165.367564596248                       1
        223.413009088289        62.9993479628926        174.346684311564                       1
          8.502523456349        64.6539725524788        106.245711834602                       1
         130.84400888676         53.475489770612        42.8629111951032                       1
        70.8360337737741        78.6767398140205        159.204203525798                       1
        52.8092540132682        106.438848473925        177.963438240585                       1
        85.4669058981137        34.5716839877017        6.49217160066809                       1
        81.2129989625631        68.5479694310848        58.5230195767812                       1
        85.4204729355335        48.7433175143878        79.2429999219922                       1
        315.243932780579        82.3635057919143         160.79058914674                       1
        173.578580719413          33.43440727494        82.4161991356624                       1
        43.9414510840154        75.3922304315129        69.0979519562967                       1
        345.411333950988        49.5558015696495        76.4395485220611                       1
         217.97412948004        56.8838149605635        172.312283272631                       1
        73.7283053290232        55.4214414443521        162.635535815332                       1
        18.4146383190709        69.1043634882928        2.53231117857807                       1
       -8.15211201132422        84.9244620938355        157.044620924586                       1
        349.564511037488        16.3409643577484        46.5704186934187                       1
        158.561519837245        24.4710369314312        179.323137990494                       1
        248.252267939319        43.2667357315173        59.5315647136999                       1
        317.892437490307         45.330308255619        85.2145800650869                       1
        364.656925685236        109.567440515078        123.939176133496                       1
        243.840449776222        9.64300774536617        176.649304639074                       1
        223.615211870483        39.5142216915954        134.155445332779                       1
        113.074079761734        61.2957937178518        111.016612469312                       1
        345.697454646814        48.3102147723204       -7.49356583298925                       1
        26.2742600795807        80.1028589485383        112.268881208817                       1
        157.288847579076        53.1067968085508        144.736901867543                       1
        306.321986547909        43.8732269293664        23.3894099765351                       1
        125.901454560269        49.1952164599105        134.264508193422                       1
        76.1852728521357        62.6016453341459        86.0732121268281                       1
        134.376503532485        52.0982710608411        58.0961594146413                       1
        131.304781158152        68.7798517155354        166.915719397771                       1
        75.3155182579147        115.164919422148        39.9960242765651                       1
        89.9976682418235        66.4914424274913         106.22876507106                       1
        139.627781504093         31.133401748346        109.821464234566                       1
        37.2776490954632        103.245346049769        78.1341164396521                       1
        180.651661411069        66.0306134636838        63.4869079713988                       1
         9.7820908744996        -14.421853840809        5.70104586607316                       1
        279.930386308783        61.9285943794863        147.189316162862                       1
        297.235339161431        69.7213630979091        23.0227963147107                       1
        43.6852832306204        36.2614644969901        93.1294639928805                       1
        75.9857720033813        53.7189774126124        22.7269177743224                       1
        270.125097388129        82.6406293818414        41.2807539522225                       1
        105.068829569666        78.7645695242756       -18.7193789014789                       1
        193.347697576655       -5.81918861066204         36.719806492034                       1
        20.2634394882266        82.2566111087276        155.883016563772                       1
        146.582435012519        68.0151909617877        90.9347054225718                       1
        256.561800378034        41.5868000855682        139.868301906084                       1
        236.204052572729        100.273057683478         53.335537705249                       1
        151.734007367878        48.3517220755596         88.368522340362                       1
        191.667805078192        13.3366808207729        166.143605535497                       1
        124.721493862054        68.8076430108336        144.039208490803                       1
        292.707782444055         21.761203770216        94.6491116634576                       1
        200.201160396555        61.7509704112736        103.971184729451                       1
        199.985876861045        71.2400061326167        28.3267316448713                       1
        344.681930600642        46.8431091506516        144.922717171784                       1
        210.156982868701        81.2780067162216        45.5755179006184                       1
        242.231238595839         100.49524955291        97.0048709282006                       1
        209.048384911345         39.963564660987        151.520396409584                       1
        282.208169475891         91.778065617771         161.39914031643                       1
        55.1935869418661        53.3378096945492        121.353147206733                       1
         120.39427847774        76.8890892659006        20.4730367571371                       1
        4.87776604359664        70.9301969535592        146.034797933632                       1
        224.486813274325        65.0484311496803        23.1776446173381                       1
        102.676584477319        74.1712188817877        91.4784283811381                       1
        253.193353916853        83.8567075378267       -5.24387025286908                       1
         30.391048333998        85.3314794899585         125.86593891303                       1
        145.661387729885          37.89589739806        53.9163207218851                       1
        68.1598762402041        66.3752489552642        14.9180744742419                       1
        3.59893507733772        54.8477098686264        18.6134383011141                       1
        148.844184919844        70.3178007481519         133.64370385506                       1
        110.034469837797        77.9420948210426        77.0145732228917                       1
        110.305858997702        64.0333877887263        94.4949655267959                       1
        56.5668915398657        44.0716873460233        135.559112670619                       1
        84.7552460629121         36.473260016323        135.579766429228                       1
        154.827706726634         69.756225235354          169.9507761144                       1
        20.9606733391859        56.1093139831756        143.226882554821                       1
        82.8320286621877        92.3455052519864        5.35062285854917                       1
        298.944857498352        50.7284736580383        66.7654120293492                       1
        186.407103871712        46.7535155765523        63.4505436276813                       1
        73.3842342336278        90.2269344387746        151.617170645039                       1
        94.6673667964537        53.5332337353963        90.7955413531947                       1
        215.882771970513        40.2686742113507         155.73828485651                       1
         16.050461683917        40.9852179007334        109.530469437088                       1
        40.9975677199311        59.6372114162801        172.300412114994                       1
        232.324439493148        58.4498725594342        54.7469242607738                       1
        138.838267082365        67.6565593741123        124.352962378551                       1
        67.1810583971235         107.21676038216       -19.7952529913373                       1
        184.487067565072        56.4983415614754        178.431873253894                       1
        63.4573913975375        56.4130135547857        10.1934875800934                       1
         341.47288824605        89.5721104194115        101.367736434015                       1
        119.399482558985        52.8443324687331        80.3082054664795                       1
        178.870517516048        78.0234597431828        34.1092827999529                       1
        103.002445963659        60.7222098588981        128.154186941589                       1
        36.1582040350075        22.9798991914265        71.9511528043126                       1
        167.972833467576        49.6494644808957         120.96665656543                       1
        160.300474355198        34.6103372370665        86.7968617014153                       1
        178.426343048486        79.0525189198033        58.1536786661043                       1
        238.413074825666        79.5263439614375        31.6453854152508                       1
        287.936439630027        20.2778548480884         117.22136318226                       1
        122.561865047588         55.213785392057        106.264671843661                       1
        261.525710154392        68.4265562504751        69.7328125492413                       1
        266.559949756409        34.5981595130454        120.386243599577                       1
        34.9616107820437        65.3180106413627        30.0890538749628                       1
        58.7133859306091        75.0373638917638       -21.5821286991891                       1
        190.651373809841        75.1786821905052        136.486336330186                       1
        235.288810991762        68.6723637080048        89.4065909605494                       1
         224.44936317201        97.6877612152694        5.83489733612889                       1
        332.105325520168        20.5066271399586        159.800041096231                       1
        137.343102657735        31.6981580130541        48.0111314500241                       1
        307.115161421409        42.1446553342304         110.61479612929                       1
        37.5711630014231        44.6297247270881        136.182418227601                       1
         29.700641612378        66.2490938224832        78.5331025495287                       1
        281.056164831658        76.1364204342959          94.44029870913                       1
        337.597119344873        65.1650446633545        98.0110533345777                       1
         242.85165670044         22.075668339002        124.722377173788                       1
        49.4594718261174         83.724824477529        147.790696071751                       1
         293.85184910603        64.3411798300855        110.892706408631                       1
        330.957826412804        92.6853219010871        62.2289669239096                       1
        270.277785049536        66.0422217551718        92.8793267779112                       1
        314.208837308237        29.5368142812724        129.594629297552                       1
        21.6651844759165        25.4631680862522        60.9191677921564                       1
        279.868550111931        93.9088178250834        120.703333052702                       1
        87.3105108825922        66.0053308348009        126.229392130831                       1
        238.212666232452        62.8183306507908        1.88924218968322                       1
        251.617952985853        44.1732840566929        127.137298889704                       1
        334.797298743322        57.3035726504451        29.1271780425994                       1
         101.70655207683        58.6625324889542        123.384962069641                       1
        333.088376429267        37.6392981888874        176.109073379524                       1
        48.8965695462823        62.5465597186509        18.2895299549042                       1
        242.382768150711        72.7052684380932        166.338600145017                       1
        175.794735746063         49.070214068913        10.4245907529252                       1
        249.242272233945        59.0444075004546        52.9849133891983                       1
        82.3071087266807        84.1576736154153         108.10711703283                       1
        133.689123606385        85.5084197482714        173.552959786825                       1
        335.502653675966        28.6771298012144        81.9733818991984                       1
        302.367142847849         82.423936260632        179.135326572864                       1
        345.065848251244        9.65884553649016        129.957883797273                       1
        338.480169877613        14.5393472786714        169.216838735374                       1
        287.766145831566        70.4968928600107        148.609378857907                       1
        85.4662053548899        80.5442020899383        157.007943567679                       1
        254.332281143124        61.1305854263767        92.3240082941858                       1
        137.074496575278        67.7486915376774        52.6757767084058                       1
        234.433324924811        84.0913645432429        154.773119271909                       1
        29.2812533603128        50.3274836986939        71.0736878921848                       1
        142.518269471077        100.346120201451        103.877050190804                       1
        98.9542066990971        63.7656698185763        56.7779812316716                       1
        253.496856022874        29.9001999230232        110.602304915231                       1
        178.851828541507        76.8989086713885         98.456592399326                       1
        171.067622327252        78.3868525169236        167.482696096324                       1
        307.476791401532        93.0786407605147        117.932978886243                       1
         286.01347113254        42.2080356845485        142.704516862567                       1
         156.79484782805         19.631525512436         56.170641796674                       1
        174.124167141674        15.9385329246813        36.1703742969602                       1
        364.864888947485         61.136240133677        44.3708902179516                       1
        174.511425643944        67.0005195538771        7.92833780374442                       1
       -12.5815905023988        25.4989161498751        99.8939924084843                       1
        19.4985713869403        56.9621313518249        119.064353593053                       1
        95.9758464176189        64.0124631567277        143.554682046915                       1
        261.027610100168        45.7992899300859        25.2325029028349                       1
        104.586060905425        60.9323182331171        36.1709726571461                       1
        374.759088300921        59.5376398296169        142.156673095954                       1
        99.7444490305449        20.4253005922323        36.5007032800685                       1
        53.4074903911618        59.4533651083823       -7.36737458683213                       1
        10.7343629842883        78.0011460440203        124.894387133729                       1
        15.0966192699844        53.9364489196269        137.467081594893                       1
        120.289480492963        76.6691086206108        55.5570865848168                       1
        82.6937187095263        71.3139072949579        151.146143677075                       1
        279.181763684851        55.3187864912309        175.041347239692                       1
        102.822228294753        67.4120624042322         114.90587740919                       1
        287.552290327862        17.5589482826494        9.44202192444024                       1
        12.7230159946916        83.8957584251044        105.586501052297                       1
        44.6715674054728        45.7115747669944        147.446087478242                       1
        360.963384760399        8.69583468101143        21.5059827468938                       1
        26.3837412364953        63.9314817235635        162.269768689181                       1
        182.503988259061        43.9664855163141        43.9499464675147                       1
        180.308812938131        102.125900965583        184.555334928099                       1
        160.297527708447         74.218064492923        2.84290895586913                       1
        9.55989114139756         31.158288985943        16.0839487970453                       1
        324.292092189606        72.3981665017921        54.5992921936961                       1
        317.999555051404        93.4312458417652        141.729828931075                       1
        52.8988086789754        68.8662821221712        32.3707866632537                       1
        80.4130629964421        63.3704048811182        113.411455442855                       1
        315.235941568442        52.3788992732354         71.966392552428                       1
        287.779941067529        65.5974881055921        180.387383099766                       1
        274.153421935193        75.3593075651958        52.0179615919888                       1
        79.3838843249856        84.3061379423286        138.115044830408                       1
        220.259173878526        25.1299588286717        138.561319592753                       1
        339.488836280054        44.1744431469033        75.3101853275648                       1
        266.904947842856        62.5238172214651         112.81369557659                       1
        170.253117749201        30.8413754578596         181.27006269682                       1
        244.998624550073        40.5202548059355          26.50293493879                       1
         155.68511318253        73.1137337512386        78.0944170059749                       1
         258.00702262956        54.9460955373983        108.168398836909                       1
        322.402493487407        71.4270140546781        62.8891702593992                       1
        356.104121676773        59.4432196657051        156.644230327204                       1
        189.279898534846        105.057151911636        107.832568882517                       1
        302.286074318972        68.8603288676262        1.75828020141121                       1
        10.3917783330972        14.8457644558472       -3.08334979540869                       1
        116.478438974662        60.0743137616646        22.8194986186909                       1
        81.1590679190489        52.3441905823417        115.988271689389                       1
        176.151508038467        60.1535702279527        170.984927162206                       1
        93.5625640210554         37.881091860502        1.45037477813265                       1
        120.240022908717        46.7426339227521        40.8069806796993                       1
        136.202196121953        40.9126370900581        113.170042031914                       1
        321.640064040947        81.4810923465636        92.4232338636609                       1
         218.60298738084        56.1299343222485        146.039705358853                       1
        312.478870136716        56.9117840356342        97.4228305818846                       1
        221.239035100696        87.5906577883891        128.282193409173                       1
        259.217155877744        67.8170786181452        150.802561656416                       1
        239.091392737001        70.1649787165808        155.484625003092                       1
        306.240742273581         80.689861988449        94.2297652631628                       1
        190.821413560436        13.0550357303989        69.9730940967928                       1
        94.3291322350738        61.1271569324722        112.900952565837                       1
        296.548136842697         53.885051484186        151.778903670674                       1
        344.049287334097        82.3614074850254        93.7320062720007                       1
        348.653366813164        53.8251982872494        183.309024010769                       1
        197.235454775114        82.2035026995233        45.0909353919156                       1
        171.446034637878         47.501847381935        91.5796976036671                       1
        260.186424492279        19.3567131648076        98.1949369298882                       1
        331.334437209223        49.3098954634535        46.5808027257742                       1
        113.475036468937        76.5778727866911        99.2687294390492                       1
        79.5478699814695        68.2575347612437         114.75393944063                       1
        220.664465362492        94.7456842243398        118.346012804104                       1
        89.8092755747984        46.7940477920823        133.460663360437                       1
        78.6311835248357         75.644794015959        175.234343708109                       1
        259.552891511336        74.0936048861371        175.380081038563                       1
        290.135925160168        78.7402165331238        178.380448455295                       1
        337.190954649924        74.0659962445693        30.3654133861076                       1
        124.043325144387        43.0883689436392        102.276692786979                       1
          84.90983062877        47.1392094338758        103.129991844259                       1
        25.7021064277508        75.0601700316614        51.2975800122534                       1
        254.082232784283        99.0936939304846          36.16722886478                       1
        70.2886758096923        88.8138676830489        145.260659972323                       1
        236.472789848503        44.7124348837498        17.6548737755863                       1
        190.188364530564        24.8560389250481        37.6855740621504                       1
          253.3036928476         46.616035389644        163.771670454924                       1
        140.807659031109        81.8702420550864        91.8581625103995                       1
        71.9925557945679        66.5917939867353        96.5683905394968                       1
        273.749106564774        76.9738120336554        133.427636414052                       1
        204.036449419614        85.0901472751166        116.266728453778                       1
        236.063678036273        31.8271301174178        120.450539769161                       1
        35.0895881940881        52.2681583030108        118.100157087528                       1
        87.6116772359804        52.0117914556314        60.0120888335686                       1
        298.115755982303        86.2093241773992         86.079846812009                       1
        96.2480426928688         1.3164002436521        93.9347473596381                       1
        247.997184703089        78.1172786942025        48.6775702561379                       1
        118.000997615357        86.0830151363214        166.954559430356                       1
        226.473946671972        44.2853148966629        79.0586006210077                       1
        101.230263841164        51.5815610720281        108.165461359277                       1
        21.2979968085731        52.3013501657717       -5.35386582754028                       1
        226.109763432475        44.8689727747426        113.220026021768                       1
        90.4162869844241        61.1336698793925        139.415835944387                       1
        114.754264117369        57.1122121645119        67.6434723551524                       1
        83.5097843031431        75.1360375667462        152.621606230983                       1
        87.4810367978132        28.6811310271831        174.284141186706                       1
        112.908611296491        52.7560082892137        166.749496905577                       1
         61.384986022157        67.3690324656985      -0.802524044073328                       1
        111.931049650287         40.211717083573        88.6589595345312                       1
        29.5753611884414         41.403453400436        117.075839085012                       1
        367.531045914141        58.5804757178413        169.198202619125                       1
        133.862948700755        57.3138424408356        115.347486476993                       1
        154.471853167316        92.9597245310967        167.110827815243                       1
        217.405705030413         5.8354371339466        172.937166320532                       1
         26.071743600817         74.657490986028        122.034711960232                       1
        57.6547446893399        83.7656523788472        46.9235856453249                       1
        195.387237966576        46.4868968055304        142.522140901756                       1
        167.739651786731         91.386555052364         151.23746131779                       1
          144.7562431984        70.0828235502666        155.187346584516                       1
        301.953701769021        61.6585847390139         170.06593336573                       1
        73.3754252126979        64.2260062858874       -4.91725126416676                       1
        246.877347977202        32.7791427372842         24.980901945382                       1
        191.319294346842         65.501298083474        93.5754520142238                       1
        365.880116783945        39.3124497227371        163.059922390452                       1
        146.963810726548        21.5024103728705        41.1491343773359                       1
        309.730498048004        59.7386170293291        32.5351234947573                       1
          104.8894656983      -0.165915787093548        63.6392711026245                       1
        102.043824922881        70.5262340735632        59.8300934167523                       1
        350.107585821976        57.0229654961489        90.0095951069839                       1
        82.2034594061178        74.8753513639741         131.60788130448                       1
        209.037872695186        61.4150983042913        47.1481960532833                       1
        248.847610452507        49.3515876813692        165.863112087531                       1
         63.448803174654        57.8267907606659        79.9770970146492                       1
        48.7689977008975         61.701687130577        98.4903329922334                       1
        195.512213751101        30.4735872643292        78.5615362819473                       1
        128.039573793603        34.1904572321385         132.82582141522                       1
        149.882333378992        46.5163487982175        79.1427699826179                       1
        89.3094559922362         11.199480221369         104.31301331886                       1
        319.717966427078         55.493959221914        28.0402721863992                       1
        134.171951781163        75.7481014185603        110.337444457499                       1
        354.571237603683        72.0715307775422        38.0735293563017                       1
        56.4677042073765        89.1023657356218         67.635412403219                       1
         190.55389822199        87.8258822087398        88.1564303228485                       1
        328.488146236513        33.2097032720365         148.42094953545                       1
        238.937091212188        63.2797759422741         28.004477513199                       1
        24.4652061397196        27.4685766194047        123.004999172924                       1
        233.152665350698        71.2063307642519        20.1944201531904                       1
        259.316921237591        20.1796152834731        143.999804506937                       1
        75.7519679807149        76.8973342368475         140.17325737055                       1
        144.484579853192        52.5446707024737       -13.0242314452326                       1
        308.071740357689        39.8583573029412        41.6121827655499                       1
        207.083761213817        75.0694271637086        29.8396512299807                       1
        165.627744749996        37.7632943150544         167.49153670788                       1
        32.0218807894183        69.1775283755626        123.718646053855                       1
        181.791437821637        67.9609182859654        76.3734376417698                       1
         332.71403095456        81.9742243341193        97.2283113503469                       1
        65.5515147627223        60.5162356971612        56.6195110602898                       1
        244.091663767787        70.7030658940243        131.156761428973                       1
        346.654715322169         12.350533594646        31.0964141108079                       1
        324.196506321599        68.0596689290715         96.705261472771                       1
        207.916087953849        47.1282967553445        23.2410073731262                       1
         106.42841109612         60.822016139728        44.0205856067851                       1
         206.15502189342        31.7994411581424        157.563259516841                       1
        226.491525474986        84.4578940267545        171.255152555808                       1
        53.5433471447309        76.2018915515576        135.579304712358                       1
        131.101026244023        53.7090815649242        47.9600885308225                       1
        161.584007678685        68.2727548350303        162.500497160937                       1
         228.47024560081        30.9572343429808       -2.53020706921063                       1
        22.4086451186933        51.4780111681746        34.7440807597284                       1
        309.058264181263        69.4970565858283        162.387744646012                       1
        242.014533108892        67.4974546443615        64.2311139194428                       1
        257.811964638737        74.0766873889527        87.1072166680878                       1
         152.39798353046        41.5687191006645        124.550786138623                       1
        147.121994448611        19.9466950913851        28.9627960446543                       1
        356.484234821406        43.4483758804737        9.53095819102939                       1
        204.380440767273        85.5500872139302        104.761711212071                       1
         353.08228745109        72.4633173988272        75.0688733085814                       1
        55.5226762226204        17.3869902618754        40.3088741220489                       1
        317.748563628368         95.596714610053        133.815214580465                       1
        303.540696954448        98.0177306676088        73.0893960703714                       1
        -2.7667662431636        78.4229804486431        176.402023566564                       1
        327.072463496197        19.4013284503583        28.7508751102145                       1
         303.45973139927        33.7609476838264        162.471044301099                       1
        313.408749772288        74.8031203431434        87.6657825274278                       1
        315.880879803703        42.6274649365779        115.949608188269                       1
        281.576270021528        48.5177599760588        18.2454145056369                       1
        314.331158044329         73.022138487223        44.6755292012519                       1
        164.200501214991        68.9279081319757        28.9512436201803                       1
        53.5371745411572        81.7498477554227         132.49514271628                       1
        118.370027982715        29.7700367821774        95.4192871894647                       1
        87.2402691073772        40.4456822238843        170.596768890526                       1
        184.247805950365        50.8592121987444        165.792515804384                       1
        70.5288158724146         99.570755804872        119.403783851024                       1
        229.991373966238        35.5352610629314        151.336072669747                       1
        36.7057406235644         58.942503621321        85.9715888237993                       1
        37.3534077262941        50.4341884921537        165.632060374008                       1
        73.4671795329538         116.96872850467        40.1407045117633                       1
        333.560668285938        78.1815794762414        172.993895431391                       1
        217.563601218397         22.065406906346        178.872257447184                       1
        26.9418830660251        42.3278765073159        149.098452499449                       1
        285.466424466425        84.0953159098136        7.54990915703421                       1
        56.7902713991718        65.2079544736935        141.325269891576                       1
        154.041047233174        58.1061049225698        91.8484847332772                       1
         171.33166075418        65.6674189516329        46.9050136563252                       1
        36.3803233960222        102.981611441031        35.2404661513543                       1
        341.115385346395        97.9556449795444        85.7514291910483                       1
        142.620430978896        61.6287066168158        28.4792483177738                       1
        280.009947043392        77.1198455849868        166.595170788344                       1
        120.995059682453        49.2007700602366        152.170648507413                       1
        166.821073732225        70.4914858293277        70.2447255824154                       1
        143.159346789628        29.3417933124349        82.4547114804274                       1
        279.954297864379        57.5172348115298        67.1949405097628                       1
        116.733957666789        58.5779026651577        40.5145143628014                       1
        198.869826920096        87.4962105975459        167.406661655462                       1
         313.30959634689        72.0961102237771         105.86733613891                       1
        83.7650032204978        55.3561562109118        58.9278585750641                       1
        351.355974623143        63.7904987096228        165.745198967669                       1
        48.1746194755633        90.9812947765629        97.6333711410073                       1
        98.3120454049642        32.0006372307012        60.4869039934011                       1
        191.298016564637         55.964576792248        14.9173319021247                       1
       -11.7204806516262        62.1736375395638        125.417926208307                       1
        78.0656589134788        107.203169379438        58.4585979465439                       1
        88.6063006285563        107.298761040166       -11.8181874709825                       1
        248.581968799425        53.0845622341893        169.049241383468                       1
        165.993846290648        55.2147403097462        33.3757101086908                       1
        224.062178558937        51.7968064418247        79.1912579089107                       1
          1.468830457077        82.5565980664744        11.3713807209265                       1
        86.6102997187813        64.0018925983115        94.8821090131439                       1
        0.14832626926874        92.2228902131734        179.840486944647                       1
        94.3087684391418        62.3450771990389        72.3378586234762                       1
        184.036324976715        52.7820245047081        42.9757759406213                       1
        14.2582941573615         70.196378369813         31.077077415617                       1
        348.254749372547        31.9422211524379        55.2449602052954                       1
        311.951880233682        79.4483375400034        10.6210643753918                       1
        120.689102746145        50.2225410616294           119.845226564                       1
        122.937123220844        67.4952665573954         98.587851994921                       1
        335.215451266337        14.3602037243065          26.03684330332                       1
        340.136458284928        71.3307833217948        17.0672416784405                       1
        328.748713783022        63.9565838864768        165.242851398242                       1
        237.584681583336         86.287551164868        34.3322658312368                       1
        6.95929718200296        45.0664190805478        113.912234295971                       1
        130.435061775135        92.7246136125609        103.861243219675                       1
       -4.10945797937391        42.3361668663249        74.4357266650123                       1
        300.054473709528         63.827511466341         130.07010644689                       1
        334.782539803283        57.1093886145602        50.2913690217996                       1
        298.593040793901        63.6876085696334        48.6919721555236                       1
        306.832556598051        90.1753052691481        26.8400945889754                       1
        1.79911977210158        65.5706056581847        127.532988550077                       1
        110.571735051681        50.9065728732041        69.9684002840215                       1
        195.804658404336        31.4805679883849         118.34639054953                       1
        86.0454485062256        60.9864423912231        95.7257788901465                       1
        282.905349026017        48.9447788767001        51.1705730447687                       1
        367.547164977716        33.0224377879075        78.1830605320999                       1
         8.9378182755974        42.4891006273052        98.5271205222233                       1
        118.048263732823        69.4019967715759        140.191431482575                       1
        369.229284522363        19.5396472145139        111.048559264656                       1
        60.5106719258583        51.7469551690326        105.465233930809                       1
        74.1708046650083        51.3772137302246         87.220908988063                       1
        242.334099632709        30.6872199264998        92.0387920498983                       1
         57.430343373988        61.2375351717129         131.27801414414                       1
        94.5927343306916        77.2757271083936        104.951782423023                       1
         6.9158724406142        56.9721623053505        190.669063798463                       1
        52.6781620258143        29.1783500076079        20.6478445939259                       1
        234.497320341349        33.1034071569239        140.868299471375                       1
        203.206108801095        88.8645842659556        131.267845444789                       1
        140.214885852799        89.3102988469234        157.821337235719                       1
        41.3079182406529        88.2688867591685        51.3499241460207                       1
        8.99794476894277        42.7079917910892        31.7890202312431                       1
        282.922002038316        41.2335216023133        57.7879372276391                       1
        162.306547795448         82.155974406932        65.6196509755436                       1
        63.4739216766654        24.4899243810166        80.9870807829759                       1
        282.241971485965        77.1910394973126        140.026098169377                       1
        343.023675140263        32.5458822555036        120.449312746132                       1
        122.670110683049        47.2513284430447        85.8411257174656                       1
        58.2021964489294        40.0708963676773        43.9802110449139                       1
        242.739080492196        56.4202549148916         84.735004750222                       1
        103.011111553628        44.0437731493755        99.2762150319526                       1
         152.74305588671        84.6472414438394        31.2407077203684                       1
        345.475707587742        72.5292888401321         80.235348692523                       1
        140.507332679718        79.1647724451505         114.73293877873                       1
        294.424267270272        54.0365783012568        121.731329177425                       1
        328.869326552437        51.1247120113954        92.0242141334859                       1
         265.09783780601        40.8225138803826       -11.8189569566923                       1
        234.214717519782        71.7857778758618        1.01808217179694                       1
        262.332503045581        28.7253336866925        30.1745367111525                       1
        233.108119661579        16.5302267532838        77.2213675879625                       1
        231.618425283206        13.7911347897521        152.028973173068                       1
        242.107970676186        68.3047105186542        151.943924560797                       1
        264.684486112418        37.0175458935118        75.6716091861973                       1
        248.821111405937        8.80171363703945          119.1511141613                       1
        134.744623422346        64.4317640048972        71.7352081248856                       1
        208.172862116374        55.4382298467043          164.3650011763                       1
        235.287673644062        84.1568880685849        25.5663538034233                       1
        228.512651003719        59.6129898000529        142.392596086533                       1
        204.589082917641        74.1042246544562        5.32504434145266                       1
        20.1044990435072        50.8630878308612        15.0049629531586                       1
        9.25794790439838        64.0939011041448         50.521902863325                       1
          332.0263824516        34.6874594722097        105.866321909472                       1
        356.648093592835        53.5654802957561        39.8376368116254                       1
          17.11389937955        78.0284186815494        136.404707384511                       1
        270.493260332276        30.5689449788721        152.825395635098                       1
        80.2156237889198        13.2014352403141        92.9461653254563                       1
         238.20983698876        53.3606533668041        103.091354141819                       1
         342.84161280609        75.7207001133776        66.4122967398879                       1
        11.2084758392259        56.0688646939029        123.941983377156                       1
        57.1724100146459       -10.3207266462458        110.846347142011                       1
        218.142034362873         33.445746532293        50.4151111302303                       1
        136.004050227339        42.3678855797417        89.0968373851591                       1
        28.6739119693761         73.609920626329         90.525235550952                       1
        285.863668641536        40.1098382176011         71.828697727251                       1
        235.437834929636        56.1788532913688       -18.2396435229279                       1
        96.5998631007464        70.3370974451392        7.01397273367933                       1
        170.943316052844        38.1387250413478        136.395632213843                       1
        58.6054974466278        75.0226644648549        115.313741258002                       1
        115.892554730092        92.2788748983402        46.0188883919015                       1
        148.688279332572         52.243368703308        25.8550499964358                       1
        204.992871854389        40.9333496336434        42.2754648710704                       1
        300.387644479841        82.4225627917559        156.771943476707                       1
        307.306059960353        20.6823936678079        180.435719919498                       1
         307.69007271362        93.9811446771723        16.4263029859936                       1
        160.603586743696        18.7749194973004       -17.1007703654658                       1
        135.403316621522        57.7784937277364         100.72764233409                       1
        137.766481572726        77.3218710162365        55.2099926330578                       1
        60.9568579144863        94.6975860186393        162.869665784302                       1
        230.468176158704        46.5308202683647        17.7648058118457                       1
        218.977294539798        90.9512710745114        14.5337013420027                       1
        330.349276212555        77.4878677195501           82.2378343128                       1
        325.888284521162        33.9429088287683        79.7895278739301                       1
        71.6276779829165        54.4104980758391        131.703818825091                       1
         349.08926605797        35.2081431534447        146.693500395925                       1
        194.705534498902        81.2047252322071         98.250355066976                       1
         331.26535802982        89.5573977553226        114.610562404846                       1
        161.405289006846        35.2146840543557        123.584339033683                       1
        354.776426204775        97.5117258135098        72.6367674183686                       1
        7.11355080122523        97.2288396433386        134.881549416929                       1
        354.385133947907        34.5967863546388        152.866995294958                       1
        225.521540711405        50.3880669122273        54.7656269027188                       1
        75.3161502679559        13.6573790640474        62.3810678649246                       1
        142.580796152206        49.2197979715499         53.453198509732                       1
         343.01736386158        13.5383514947379        86.6573757785002                       1
        356.629646496872         8.8895730492121        208.862424177771                       1
        217.582960486131        94.0301194605196        140.999830944766                       1
         193.65980766207        38.0160049382921        15.1259415382424                       1
        245.859770068982        87.8403418813728        76.1514045721952                       1
        318.668372118932         72.913680237017        16.0806789683283                       1
        178.307422342489        87.2550074097445        75.4503191862478                       1
        231.244544111812        76.4534770597164        23.7216526499238                       1
        71.7096871289326         63.259426710801        136.221004520539                       1
         95.981719759407        55.7994760955271        90.2447667229204                       1
        122.899543082803        70.6842250433098        33.6212929043117                       1
        33.9519643230481        61.7146074470163        128.847507648342                       1
        91.4831705039346        75.8242384788696        134.449791468589                       1
        179.761731995079        32.5262967919287        6.93421770802373                       1
        176.372545981345        37.2968946656523        35.3556152980671                       1
        73.4670586892817        39.3094882558755        134.240494315632                       1
        75.7823414573513        68.0996227393169        109.783826127832                       1
        191.635469913914        32.8805560220502        47.2802501265248                       1
        37.9254495442816         68.081663504306        103.475522528859                       1
         86.284005458373        88.4376083659349       -2.99254367688101                       1
        175.647606816658        62.7946114468891        157.590984655907                       1
        90.9057513518012        49.3148792046311        8.35515083743706                       1
        249.150100046991        86.7326532444558        152.480370991555                       1
        102.943677973859        70.0337911344972        156.904770980504                       1
        188.353689954564        71.7151662144391        118.840598463338                       1
        198.994658410895        45.7979933112305       -26.0887289875757                       1
        279.650321735655        62.5377642812211        132.292302671032                       1
        226.156689155833        68.4449264532769        -10.892743303796                       1
        250.578432426583        51.9744167430422        177.677199460836                       1
        146.284505613814        32.1001065120202        67.0273186362395                       1
          174.6886202853        76.9851034528836        121.199244812041                       1
        65.9342949596328        79.3651506903122        164.232830115055                       1
