TEXTURE AT STRAIN


B  100
       -19.7137517413056        103.912795915938        159.751864413477                       1
        228.749692003603        54.0275900726966        36.5124577020434                       1
        219.390231624046        61.4396238869813        126.911525687164                       1
        325.445240734613        91.2702775940546        133.541428329124                       1
        306.420030788622        113.369614576721        21.5609318401795                       1
        354.515998242539        58.0351319857163        40.3012420641485                       1
        203.691030260572        52.9094296987661        62.6414156673995                       1
        328.206000704508        91.3083688776992        33.4674480164396                       1
        138.775806815403        59.4723188097714        131.027031372064                       1
        260.479175785185       -4.39541660579562        72.5964387192202                       1
        325.709890711101         13.963157606096        159.254035794434                       1
        126.314625850725        48.0287105729217        55.3359002710525                       1
        218.087615531099        81.3682754513489         129.69983676647                       1
        134.459956494823        44.3525901216521        31.2664151564208                       1
        157.015131215036        60.9863382687219        122.784622251782                       1
        156.934872850635        55.7304114412215        150.630536934501                       1
        323.007767225288        102.781058181071        45.3883404791903                       1
        233.824391105494        69.9526926825448        20.7299150463985                       1
        327.278523210663        105.177009821675        28.4630749760213                       1
        150.112678677391        48.1904178410371        153.121552537621                       1
        208.693896741554         71.706922571148        52.0967936054692                       1
        139.308792717952        70.2478020807142        57.9724919668883                       1
         225.17639728442        70.8471002465595        141.985922883293                       1
        315.578689160816        120.068845708822        16.3939077501111                       1
        151.753983839051        36.3753984721388       -19.6968777026163                       1
         150.73829219201        58.6912228518386        39.9029317105142                       1
        2.06003483012448        26.9296904681776        112.474824876998                       1
        161.609060260293        67.0475580013437        49.4726725258205                       1
        140.511476535428        61.0762096167189        142.682817030392                       1
        206.673413900686        72.8797785766307        148.291140405144                       1
         271.38694055926        143.309974319859         107.53016225529                       1
        53.1726300717529        16.1334169370353         65.743414743267                       1
        147.218450460945        60.2140307383102       -14.4627606373485                       1
        337.759680567906        102.922788241976        45.8677338310608                       1
        10.0505315525975        11.6343644109366        90.3963920379453                       1
        167.879772154323        45.9275183662959         122.91480950375                       1
        -8.1881530975495        118.542439412373          32.76335775209                       1
        310.999786854831        112.206632609425         136.56168009615                       1
        315.069945408141        138.574465390397        26.6410544247679                       1
        159.658418484311        35.8818443691419        137.430165743751                       1
        223.984421365608        92.4136098138974        143.046475738588                       1
        325.678444035755         138.71382763864        47.8936462247489                       1
        142.720390564554        49.8988437333565       -28.6167581947282                       1
        36.3537724207073        32.1078033244404        70.7758936576535                       1
        227.087784881805        52.3662650913326        84.6047535066346                       1
        147.278516183039        74.8229753207991         151.53691956536                       1
        151.209032959406        40.3896410549138        39.5858771052244                       1
        322.449136539909        109.355851648795        3.00396229469796                       1
        155.539727210893         74.444528463127        39.9876836275407                       1
        317.899131685178        82.4348445572015         153.01655112106                       1
         141.05875494785        52.7078721062141       0.368066372542429                       1
        28.7909568196726        19.2493320891645         114.12286156263                       1
        326.896215664617        70.4740400114062        142.322296489686                       1
        128.817812413127        28.8195445400954        -5.4815717170552                       1
        164.705358703251        89.3786455704669         45.975028995268                       1
        237.159561739829        42.3458822607977        98.2717783522898                       1
        112.054222885076        26.4183131527547        50.2222239021896                       1
        134.947558019792        42.7040646891614       -4.83265161171875                       1
        64.0230195096222        28.1924439612506        101.942648487788                       1
        219.207180936539        82.3357780741792        156.440799098153                       1
        153.810464785587        47.8200820523693        54.0457451847356                       1
        170.638709360044        25.5878996487883        146.470325499962                       1
        220.152607449428        63.2280365332296       -17.0845949026223                       1
        333.904140673879         121.39883221535        40.0415709083455                       1
        341.414222076447       -7.62330815525452       -33.0869206052136                       1
        306.655693468586        122.499830896666        27.4358286041323                       1
        118.970870291406        47.7700578268515        173.999350316123                       1
        118.882142074807        65.4535202512707        174.417124195812                       1
        110.306598990465        48.4867543706405        53.5240173707761                       1
        333.595040188654        94.3051550729453        194.120334699969                       1
        169.984390183752        55.6879902386651         30.055494320816                       1
        154.637508818972        66.6941753894717       -18.2687881625841                       1
        146.662480476701        67.8712740799879        146.153174267319                       1
       -26.0957820854709        121.398818967567        40.0415990665434                       1
        126.781645883929        52.7122344906013        70.3654864308452                       1
        320.647282840853        99.7730166560025        148.171525916255                       1
        168.866430271622        76.3230360107045        32.5681761629143                       1
        178.896088751625         43.884082209872       -46.7137906245934                       1
         81.177021213084        23.4788335346374         61.617132407013                       1
        135.019096292181        26.2786747467527        41.8190429136756                       1
        20.9001486630078         90.656371409277        199.828375137006                       1
         342.65024881938        81.3301472291983        165.384041098105                       1
        86.1469679455547        12.9041662485182         90.366754912166                       1
        150.839792744485         20.670845646278        5.47789585293711                       1
        207.169273295244        56.7867152427767        41.9633718851735                       1
        312.142068877911        99.4433987731087        197.027873435587                       1
        111.441241639541         18.034980260043        27.1330911385447                       1
        246.649837804121         57.222066474636        12.0759186609912                       1
        160.985090808548        48.7348550364095        159.371343005883                       1
       -15.4871467612763         66.002683318133        152.352452423229                       1
        281.076289036665        70.8380535098208        13.3389141871885                       1
        34.9892812255204        76.4127457792844        51.5541586756915                       1
        123.584139204705        36.4525498134499        19.2086062166526                       1
        135.578691141626        59.9311683059464       -16.3939048797523                       1
        107.806889455874        33.7822218405714        72.9899268321537                       1
        343.910609191599        103.747852419504        27.0647595861455                       1
        308.886245067469        100.836563839117        31.6430568087405                       1
        336.265535355464        85.6439573120286        150.972870572056                       1
       -12.0257899948267        116.447879526123        46.7932223618619                       1
        26.0163646033067        86.9839381574001        37.0622852981261                       1
