TEXTURE AT STRAIN


B  800
        25.5814819374803        57.2720864290563        130.977199981412                       1
        325.680610716917        63.2659735791882         117.78423443855                       1
        251.367749197647        16.7519630520426        111.754688248768                       1
        54.6306626016575        27.3273419567201        82.9277602312667                       1
         12.834671318402        55.2707197112088        64.5340919344257                       1
        295.727777196951        74.8132727116934        143.039849431401                       1
        157.705867032786        67.0283362662967        127.941598327047                       1
        244.506178251013        93.8765803545659        29.0902806990081                       1
        138.413919054864        73.0369056159782        97.3314855479031                       1
        22.2140594855168        44.7728839743164        129.583960382894                       1
         125.43700817799        76.0960840630253        99.7413444577875                       1
        338.054793661628        77.8576664461873        157.514230574655                       1
        353.825575450567        70.9063955624331        175.547114324706                       1
        20.8416851671426        15.9550874512778        141.418855097872                       1
        208.666035146336        68.0690301702222        74.9457613135652                       1
        123.708349593809        46.9871093674918        81.3561828444066                       1
        104.884034858033         67.051725748093        34.4651271245221                       1
        167.476415088997        42.7112324545508        162.171059426794                       1
        31.1488350752232        65.8271118886992        86.5541858034524                       1
        266.234902974259        32.9920554447926        14.8407979259461                       1
         133.56146608516        92.6803890687583        187.296980847643                       1
        237.245298137855        20.7159151047307        29.7450210627037                       1
        323.752350907333        62.2133141535532        35.9950943197663                       1
        113.563615480499        50.2396618131263        141.911535479946                       1
        66.8585875675722        81.5263001611976        95.0409285511879                       1
         222.06099129933         15.835069393196        152.123544020874                       1
        3.92893583869305        20.9028709766525        167.665456672381                       1
        269.930846093631        69.1231109884117        52.2729955051625                       1
        65.5154400598698        53.9384677589742        70.4815229090223                       1
        155.369489910529        20.6549953022747        47.3473513760396                       1
        343.153121535178        74.9558571935523        14.9815063065863                       1
        204.183111812554        73.6263841161045        15.4848402382353                       1
        265.464662908259        58.5592972567887        175.668140720701                       1
        186.224480737833        9.38056022184432        21.1503900447534                       1
        174.913225747147        56.3950822095074        143.983028705176                       1
         118.38330239794        79.9695772491988        73.3734469285012                       1
         61.362454131345        40.8442249273887        166.446564596144                       1
        133.168803617476        50.8777060766479        139.054651910518                       1
        106.445863852097        72.4441858383918        103.120991225755                       1
        101.605506154945        56.0268280111632        90.9185300928687                       1
        279.901974815611        60.2618815270269        114.201728865497                       1
        331.643707407808        79.7472179315101        24.5701803352148                       1
        169.583110383133        25.3310142895793         49.745873071599                       1
        85.3512094936624        38.1199817931992        61.0698792490536                       1
         217.61890279703        37.6301675018631        168.332662740074                       1
        262.258037040773         57.604045315321         121.25909837362                       1
        342.707931975096        71.8609224007995        71.0714605197749                       1
        369.135030481139        14.8110155989263        84.5886667034722                       1
        303.567184698763        61.6461458972621        173.276752612711                       1
        238.849493569207        66.6687027354634        122.529370229125                       1
        290.567002748267        54.0500145025752        176.111516596202                       1
       -22.8491916651212        55.8399713793668        21.9828183986988                       1
        338.104177830847        74.8536186679099        63.4009472750273                       1
        281.535761057379        64.5305619524911        99.0819857448088                       1
        145.488419185839        18.4401370679128        95.2924565830843                       1
        50.7403483235516        48.5110513628423        129.088292014295                       1
          238.2093278078        81.7810000379887        144.291695857237                       1
        147.816996775893        92.2178680087159        133.749528613138                       1
        275.249328312057        56.5416039193568        131.951217347415                       1
        113.460881479574        47.8974759479026        26.4308389522871                       1
        79.5997564182935        58.2416214959545        20.6066139443243                       1
        45.4767336288009        56.4273378785241        123.005320166977                       1
        166.606344491878         67.227603710899        40.9787214930575                       1
        46.2842369551123        75.0017682784327        119.714854115627                       1
        301.697717217549        81.3460724585405        63.6301300718751                       1
        155.309592401937        59.6680896443834        53.3082211163893                       1
         260.63482095815        38.0405447801512        133.953708169461                       1
        367.244754142075        67.6933953725279         201.24282071332                       1
        347.486056055431        89.6721045973098        85.4321786145205                       1
        260.052936730121        14.7601051216723        29.5808090343117                       1
        102.302546274531        52.5895358964747        153.597026393449                       1
        51.6254961155385        36.6974367059267        27.5239945373504                       1
        127.215360360896        76.5712121864232        197.276757065635                       1
        315.238839888154        104.272994193653        34.2938933671368                       1
        192.332782389539        78.4773779686354        173.332795012133                       1
        303.994497495258        100.504978748308        46.6005786780615                       1
        113.273917377024        61.5007428565593        92.4174708651772                       1
        300.471155940634        55.6465037833102        100.058682400128                       1
        41.1090421457267        63.8001960592922        14.2580769241802                       1
         163.04426291832        91.6352527152125        124.384231696928                       1
        115.915809999135        34.1562497537544        71.8504072914849                       1
        135.823880623174        94.4422973911303        39.3482791495592                       1
        12.5315296314986        102.715729494489         162.74255276706                       1
        83.8876906490973        34.1845165942926        118.819701340857                       1
         109.61697797217        54.7232372862906        83.9271268566707                       1
        269.823324464585        75.7047073538696        152.262270098873                       1
        311.230400313738        88.2154999161291        107.077141227678                       1
        190.291302387343        73.4224212496053        45.9381896930023                       1
        231.260351990263        45.8145568638004        168.243948854561                       1
        302.174010584202        43.8555890971473        120.650474473373                       1
        33.2436332596798        53.6852582978815        150.848226658035                       1
        8.61999452001013        63.2818011458367        68.0023638944084                       1
        116.373638260491        33.9186383730262        94.6751382458686                       1
        36.8528968238402        73.5157257570453        159.335428587943                       1
         230.09934252573        78.6706926025689        181.093449439484                       1
        319.513030991799        85.1567029468104        137.865279027822                       1
        283.471518505626        75.2237481113972        153.036624418138                       1
        334.031919228579        67.4794668754363        158.394960851242                       1
        281.727146945709        70.3478786673604        121.887393160166                       1
        15.6359734036256        50.8862310317053        11.8661385089005                       1
        78.6079752790107        50.9286918526659        135.234655559317                       1
         222.26272821462        32.1503594022616        154.609913187821                       1
        82.5386079340515        95.6046353241207        110.581724316534                       1
        192.262858464256        48.1120818150547        118.199086436177                       1
        258.695301189616        38.0988279586308        163.465111836793                       1
        173.803699455633        82.0280421986463        116.608774851556                       1
        321.642776084502        73.8921941737583        141.143658519725                       1
        27.6135294278735        47.3547872287243        144.975268418092                       1
        133.734228669134        75.0488150805833        132.177607225248                       1
        279.787868861764        35.6232418479507        31.0876454683359                       1
        94.1976515889955        57.8554550301827         163.89355822045                       1
        48.9332831735534        61.0222777848481         147.22501136588                       1
         44.513169024986         51.774361661055        160.846894181329                       1
        309.060215419654        48.6559521472286        135.284836313184                       1
        83.6947126722081        72.4143120342632        10.7911729828443                       1
        202.033559345095        84.6411980192276      -0.670084076496014                       1
        252.781426204203        89.9792136868543        112.801109461337                       1
         126.58941917892        91.0528191335051         147.12581127552                       1
        335.635754305421        69.0884274911637        19.5220892984503                       1
        115.535760359368        99.1979612444976        135.459487390889                       1
         24.157409482024        33.6281560490911        44.9110831032583                       1
        148.540832814038        79.0637641677543        193.739006413643                       1
        122.648911563969        75.7771014932019         122.17858077379                       1
        261.635972521757         80.501171764339        97.0082621485882                       1
        144.794674345877        69.4514607154397        53.6749247483812                       1
        128.668200545846        65.6980726501666        94.4537784763999                       1
        300.876301443163            63.164748981         103.94883261533                       1
        147.679872119667        58.1611083451898        147.198437012656                       1
        285.592693835624        13.0526692145846        6.01467325932938                       1
        131.769959940629        97.1901582358987        129.051856399386                       1
        28.6885006300301        59.7512095335227       -16.7129657723241                       1
        209.803719248468        34.1228688462806        71.5339497514047                       1
        251.181728937871        28.4274153498708        151.226930426921                       1
        46.3669091582935        81.0054278584438        172.708190773523                       1
        21.9798173558209        75.4522414196475        143.902721698375                       1
        178.253719175991        51.9231279493622        115.433781861573                       1
         84.472527790576        45.2318414843271        43.8950777559011                       1
        243.643258285004        31.0646533860345        144.487235890082                       1
        133.751520099016        64.8481307616625        117.132218648058                       1
        130.580674913519        89.8591883154342        47.4583122332074                       1
        140.317431039334        72.6248109489084        162.807268483967                       1
        163.584390440061        82.2260398750408        118.286612833729                       1
        -8.2919894822682        48.8437012973756        130.314265672838                       1
        8.06388084589153        50.2674517540914        122.428016262184                       1
        3.61628558421793        59.6015359282256        156.176777040126                       1
      -0.233604191125364        39.5138993211907        67.0353323554389                       1
        110.519735096101        89.5080751166914        71.2572329441983                       1
        144.549771961808        57.3978959025555        179.512570174807                       1
        148.055534696252         76.476856626342         123.40143967845                       1
        299.063585793508        89.3636960025565         25.680715698208                       1
        139.898990598378        79.7614229194444         75.585360304235                       1
        118.721947801806        78.3565777543736         33.875002958754                       1
        79.1133581402545        58.0223745036164        41.6693866233318                       1
        225.148780763133       -4.04812701966892        139.183358361296                       1
        162.940645309408        88.9407843721676        101.536714855602                       1
        284.810256353062        30.1016380017672        41.3660171826241                       1
        115.089471850333        65.2607646944647        18.9879867368269                       1
        107.684593315926        21.9350455751117        88.8450769886355                       1
        170.706263563327        14.7201239264163         19.844534175063                       1
        293.834135312115        36.5851830665105        56.4519042118168                       1
        281.226311449276        23.3425826933492        170.491554320769                       1
        287.395864310603        88.4751322121241        76.0525739121783                       1
         314.41682475681        63.9305471632358        106.434732945715                       1
        264.329126753281        19.1338431439545        92.3364539909441                       1
       -10.3137680020146         52.852803421223       -5.02857256758451                       1
        82.8996963799919        86.5319586705516        83.3730459381933                       1
        257.321544342528        42.0486113615121        3.35486582836917                       1
        310.468038398919        85.9361731334813         154.99711347537                       1
        220.706303867468         88.460229480391        41.7530492009577                       1
        177.686753684754         65.797137054745        101.506398415516                       1
         259.39705097938         57.848338922658        69.4902939844662                       1
        118.135899893236        55.2867320048019        162.261743309165                       1
        225.693356917065        80.1735667314465        64.2554523799978                       1
        12.3281145097255        59.6938723972033        3.44387448658792                       1
        140.456697425321        79.6613980315589        84.8131035289158                       1
        145.982422524475        41.5161668082886        61.6237921472721                       1
        122.340707749376         86.225044952562        32.4914578973388                       1
        322.228828061645        94.8092551074984        118.023309057832                       1
        302.065725942026        87.6304834819514        87.7886729473773                       1
        323.834883803151        13.4426152834726        136.913024910974                       1
        19.9971532290004        30.8193270465107        14.9940719582686                       1
        271.606920894496        81.8448432850964        119.249673757016                       1
        169.700716010149         79.713553317762        93.9677411380795                       1
        154.897224076779        83.9563318182084        116.542009181234                       1
        253.974661200324        48.4133466325669         68.901556281815                       1
        282.941947593067         34.213599023061         72.042084470718                       1
        129.772437747371         48.228513910769        78.4266462791852                       1
        330.631603521324        64.6663313464208        140.639100140216                       1
        250.522526105766        55.9005793490635         80.095240963011                       1
        231.482440092912        86.1256619185347        49.6705788546455                       1
        229.910586177566        83.8497820106702        15.7955351539572                       1
        298.302923004145        41.1698413097942        91.6031292083036                       1
        189.381183603969        47.8493390704377        129.390358256793                       1
        149.050257554154         43.049087693858        69.4209921989927                       1
        353.784495987962        66.2002183015261        97.0673177163411                       1
        133.328704978134        62.5803103600454       -2.48882653249223                       1
        237.685520464025        36.7981173493698        67.5603630943794                       1
        88.5851563808504        78.1724367403432        106.733307826697                       1
        316.827034154817        79.1634289357115        29.2498758375947                       1
        221.468435736686        69.6233644718841        4.72706395171454                       1
        21.0428610200083        51.3199153855698        29.2959860040809                       1
        203.963258073016        75.5883547051777        49.5370000505543                       1
        316.139188740341        72.2943427198383        51.8280654164856                       1
        321.266808361463        16.9698026299054        120.027104589432                       1
        33.2856738504916        80.9251942766123        83.1524583959879                       1
        180.686610886166        30.4197214286925        103.193502651894                       1
        314.592774191756        8.48202320501708        42.0322411004206                       1
        128.427792076647        83.8486610971147        139.912104599776                       1
         320.53740114721        98.2042870718387        126.420076208768                       1
        211.945334700276        84.6507976374223        79.9356882857791                       1
        40.1885488256266        79.9927978896073        85.3498758741168                       1
        216.210361712954        80.1973710140674        107.875825153065                       1
        251.654565979884        66.3449857589535        120.735064846915                       1
        43.5674774721937        110.800847484157        41.8759734849517                       1
        114.977869581933         4.7107230804167        156.594008696131                       1
        114.816031037502        69.7559263367733        120.932125162435                       1
        208.180801209203        70.2724793001607         61.396848934909                       1
        50.3872671634101        57.0316719402408        157.215622664895                       1
        221.299209877801        103.011837406181        8.33223310002187                       1
        253.830822365204        72.8705618864709        138.564335234277                       1
        120.064285989798       -19.3261766730651         8.6843700991278                       1
        216.370844826597        10.9281490836235        181.387800906775                       1
        210.904601199959        49.8849059055482         124.71505470617                       1
        265.132681836025        64.5837196919557         101.06620200565                       1
        128.391104515406        74.8779975377431        52.3286574589059                       1
        250.418426757874        4.68872388457015        132.615081746643                       1
        119.277452441907        6.01173696913509        131.749622484896                       1
        343.444214198213        39.3269514818844        145.582108886285                       1
        100.095469577471        11.6326283888954        79.2063647788584                       1
        163.495835157084        44.0437428982956        128.320852076924                       1
        288.634577390707        74.9232221470169        62.2215772574242                       1
        251.742131471172        77.5543622842708        110.739963730463                       1
        307.176754681594        113.719374169085        29.7468681567281                       1
        62.5929633917415        23.6311409795465         20.151949769567                       1
        123.700718852925        64.1118567438443         64.463872405322                       1
        217.322636743312        58.4657294480709        175.998030587404                       1
        50.7050959277843        59.8127143085126         77.842856697221                       1
        82.7274308774713        42.7969899815009        182.704417175183                       1
        105.205541035157        44.9217823747209        100.962561140606                       1
        220.509788447264         67.082738071272        104.603635976141                       1
        277.921722867464        84.1064286693015        14.6723524683382                       1
        211.530251349856        42.0676574570129        19.9377209001869                       1
        139.819114215366        59.9129639934693        65.6141172740951                       1
        48.1656882156744        40.4129802622561        167.887531946659                       1
        153.070718935059        76.8364142147158         112.48667843525                       1
         37.243464040301        55.0113400223575        91.7482915047215                       1
        183.245835863397        42.7086585218433        58.1935110560486                       1
        260.161491716317        63.7989339132052        116.754496621998                       1
        60.3218634390773        42.5119933056937       -6.03523379288385                       1
        174.417709578217        75.7050835840433         30.949323997444                       1
        228.582222738954        51.1608334947316        164.033842586229                       1
        126.261538166156        66.9721082612827        39.2192035390207                       1
        320.315929862023        51.3375096902722        62.9381499577414                       1
        245.752909042522        34.0265348470428        5.53884598154938                       1
        2.53491879077247        56.7130823095861         65.464988227331                       1
        142.224831620128         19.325066413372        46.3947922526312                       1
        364.516464975506        54.1875821679184        179.942117399958                       1
        330.713252542749        34.3730243612454         104.36568701565                       1
        270.297018419609         73.883655098896        74.9666224334272                       1
        314.940218564491        65.6253438717605        162.143053918772                       1
        347.648517639214        49.3434347262642        49.7258273327635                       1
        200.987895450314        92.8519899126493        109.462502024423                       1
        241.607653330721        56.8502565978755        44.1130266268832                       1
           23.9940643169        79.4201918458559        107.617384458965                       1
        362.020225328081        46.4584279828046         150.03659785361                       1
        262.223818605352        77.8309599762205        95.7881521697338                       1
        244.121846340564        61.6251513834397        156.006921992327                       1
        169.495033338133        54.2365787956752        105.096481739207                       1
       0.653439878547336        54.5938535140635        80.1366393084392                       1
        148.075295069604         67.400488297232        55.7151084610902                       1
       0.393677862752099        80.7461880458321        35.5260450666257                       1
        291.340968150966        86.7618637102881         48.918696874929                       1
        275.914085358428        50.2995329635636        47.7901154309686                       1
         10.958608852649        86.0099071316963        102.265603080284                       1
        178.191936979529        46.8999922582132        87.2646369266635                       1
        170.891818491831        69.6138853318823        131.091597322698                       1
        220.312936212938        43.2103592655269        160.992926113748                       1
        13.9681351626732        23.7878094429655        86.8748768647824                       1
        235.325608414649        60.5784547166384        136.005198771056                       1
        351.657912621756        75.8614312119362        6.81795551488493                       1
        146.114893904299        47.1312838669592        55.5393033431995                       1
        130.031461859535        32.4281353110729        115.165347953572                       1
        282.957814134112        53.7338415385759        58.6190242520981                       1
        112.315586274647         84.356059786918        142.229797688002                       1
        26.0966578835722        40.5755713500268        150.165798960316                       1
        230.412557660807        55.6819743493544        105.831504615243                       1
        100.703134889622        55.2433110794997        134.098382971004                       1
        44.8650995234822        78.1855284493235        102.031700470293                       1
        285.621587666641        92.5376524588807        127.102013675211                       1
        340.096980919298        51.6776034733555         58.923491676982                       1
        138.741941520942        31.3203329656443        66.2551375248175                       1
        167.385892267972        78.9444022095193        97.4674786461533                       1
        95.9936285604339        58.6724630847964        21.9131204765548                       1
         83.159629546883        90.8107035498761        92.9698195936915                       1
        157.757016179591        67.8858813735645        103.407869537389                       1
        161.146218048714        80.9990355840935        71.6663291043251                       1
        318.556794966047        30.0617747879229        143.124026732918                       1
         258.13799310229        22.0243619244294        46.7959402441138                       1
         164.29721978426        34.4722959195378        46.4151432975284                       1
        218.533349602161        88.2789287881453        83.3359807909048                       1
        205.252887632835        52.6509643436486        13.5435221498342                       1
        295.564549968889        75.1790502259466        93.3418897907472                       1
        289.977512561671        98.5140248132844        27.0910220052943                       1
        22.9278048775071         73.340929441333        93.6782104910413                       1
         262.70729869724        72.2625920569038         138.38103420698                       1
        227.889577360649        71.8141649843239          127.6763692432                       1
        216.622710035785        83.8891518587294         57.764570312912                       1
        288.769493841703        70.6748379367187        168.832621295738                       1
        27.9255900332054         31.382991054235        141.371028352608                       1
        292.768347952934        75.2737532467516        183.970642402581                       1
        138.901844464527        82.0927218901771        121.186310473194                       1
        29.9264729846008        38.9052848911601        56.1541694978159                       1
        154.781886076082        67.5305236591725        107.326207268165                       1
        195.714391828843        24.3038270843995         9.4457149357414                       1
          187.7826323242        88.9004486984181         2.9572788279477                       1
        231.004026591384        73.1192703081678        93.3790256918452                       1
        44.4299734607993        51.5257689737283        18.6204241312089                       1
        275.759899515209        47.9407853225426        21.4344983625664                       1
        97.5572841313815        71.7536871748548        153.429692875451                       1
        125.908153566309        86.4100638572858        184.914937703093                       1
        33.6545753390891        91.4117654831282        83.3228783218971                       1
        108.164157579233        68.9430799866684        141.590465391366                       1
        74.5625917899527        66.5349491658752        108.501615532165                       1
        263.567833484831        51.9313400367879        151.071588359683                       1
        281.852063424526        51.7252778577513        130.373510934758                       1
        93.2888374437956        77.6386183212986        69.4441366893242                       1
        234.685038328683        62.7400394847493        72.4826040079892                       1
        31.8143440260279        30.5910549524618        176.809587191288                       1
        79.2988212543868        54.9458905765691        89.7485029665431                       1
        291.016530384593        76.5920060021097        107.474344855504                       1
       -14.8110980241846        63.8294575083209        140.051660062194                       1
        16.1810133880319        49.5781501868741        11.8792737893459                       1
        304.039671503617        78.5497794761611        91.8679423184987                       1
        139.356616392267        76.8719763376418        119.655582964274                       1
        302.895648256509         52.013893295938        174.306191625567                       1
        229.485887940206        39.4118789699921        142.087135531662                       1
        119.925672354402         80.863817611896        102.153704965353                       1
        200.601733431149        38.0652812662981        11.4514696596872                       1
        327.010551184658        33.4878620596096        51.3236190674801                       1
        118.120014964142        75.3068800058915        160.198613867093                       1
        158.273654828283         46.913898114984        115.618699100354                       1
        105.566647545971        79.4192764215641        124.123988920748                       1
        317.314196113422        67.5150626974686        152.429742988436                       1
        248.053656878683        40.3432612247787        146.182149221752                       1
         272.89500881674        45.6270125220591        140.157578132236                       1
        165.064590986292        66.9215973217373        82.8805953846129                       1
        221.655936775121         102.85703142918        29.9705398160738                       1
        103.311484106282        67.0697167003039        151.642899062407                       1
        32.2962333727676        42.1237679374373        76.4455292152529                       1
        89.3787602267334        71.3214004965288        92.7501060397086                       1
        136.602461189832        55.8151955777913        41.6854744688789                       1
        238.002442129862        13.2550303266263        133.912298073686                       1
        8.30894751909567        74.5583289648139        10.4055192192404                       1
        331.123707662812        87.2236880321638        51.1892374145058                       1
        273.244585124608        87.0713909559575        75.3086460628729                       1
        132.748756472602        50.2723862162098         139.68889845795                       1
         353.74871193671        48.2001686647391        28.1365825915688                       1
        77.2936472981848        42.2918059861803        115.128766206599                       1
        30.1940978282537        65.0123884390853        77.5459313571553                       1
        352.025446916453        69.9315561343722        83.1953832058519                       1
        322.112206877153        85.5600116205619        162.553760956352                       1
        93.6374957454783        55.3840647119858        101.440955469013                       1
        49.5781931449847        42.4040246941498        115.419998204329                       1
        142.603244374323        94.0611496106739        12.0289136291965                       1
        217.809878242576        65.0582291510946        50.2583014898697                       1
        325.323303331848        41.6011956687272         113.91905235141                       1
         200.39857668221        53.5952244709945        101.683552364998                       1
        80.6277364059004        37.1513614219957       -10.0189551672449                       1
        113.782567124928        36.2595406289974        144.658917092067                       1
        357.389349759162        80.1483100826502         100.23767392272                       1
        257.161625667105        30.0847495212266        70.0860783483879                       1
        29.1153494461764        71.5928546674084        107.514484028956                       1
        47.6904084902043        42.8486680832035         149.32287302043                       1
        331.312496918344         81.371686411836        104.263390315381                       1
        137.627222412698        53.4005834572196        24.7436837897595                       1
        85.9418316313954        65.8877960287894        123.551785580743                       1
        334.734739138953         85.529766556115        151.125534087301                       1
        271.206430473029        94.2427604430465        168.155871834857                       1
        326.138261746966        55.5021740713887        97.5670258537496                       1
        192.842618304365        63.2643772289058        182.455557163362                       1
        203.408789662714        73.5769940956144        161.536259912798                       1
        282.054120122174        69.0763113087722        91.9781904327735                       1
        131.107079289728        68.2830157484825        121.746721672142                       1
         68.109541352073        6.50008300276392        80.9262708620704                       1
        238.264443238233        65.4157294844621        144.080804659549                       1
        60.3311812090596         42.743495812129        134.745845921579                       1
        213.907382622258        28.2861231551197        174.205781791644                       1
        148.638704740621         76.048802267223        143.479253115132                       1
        227.082681762233        35.8959499863464         13.263562573713                       1
        346.978063893572        39.1664149262434         36.287914117636                       1
        285.526110204623        40.9456369115705        131.741458515634                       1
        303.916402664333        33.7794404652433         151.66919117448                       1
        234.911541692208        81.5291594140739        95.5978854244966                       1
        349.544934562772        34.9597381622262        47.8860067059542                       1
        81.2764728602444        77.1329114397744        148.394368456903                       1
        222.089394289012        81.8122853032748        23.0008832995058                       1
        103.338619284778        60.4936456793764        153.823960732979                       1
         89.008899434473          65.63119645542       -14.8295980116825                       1
        324.078961495989        50.8416736422928        31.8572470177781                       1
        116.158192473105        79.4518029449912        39.3771375493572                       1
        15.0344620894546        89.2631331444791       -3.20527614988985                       1
        320.275967581209        35.7054679318569        40.5680940483411                       1
        117.905345204959        66.6669846297058        88.0563289575094                       1
        202.929208190476        60.6884519044059        27.4724733854736                       1
        55.5733405509122        59.5045415063364        104.668312146409                       1
        50.5288186777708        41.2562258105161        14.5218217173721                       1
        226.480445574725       -9.45461198752949        123.866190962099                       1
        147.846003283524        61.6700299527765        58.8163852295661                       1
        352.576580915526        75.3355340614311        143.506524424667                       1
        81.3982585535581        46.2443869793977        103.330914079609                       1
        166.110925051375        105.228438009588        90.5613413796595                       1
        333.684788450551        37.0084687815055        122.448720502697                       1
        44.5192236085597        43.9738682323455        173.545600995582                       1
        298.305918622843        51.4972681248107        51.5093702232493                       1
        286.913528969152         42.925042398718        109.932913739705                       1
         211.06335566669        90.6698971598549        28.7659218303275                       1
        134.949905633325        34.4125049140543        94.2937028623715                       1
        140.892391034641        40.4892104387871        162.839484801665                       1
        282.106848966208        65.5182095058419        131.179017211446                       1
        10.1489563182253        64.0999155962199        89.3133997517442                       1
        139.590006663611        41.2152194631225         18.177570031672                       1
       -2.12057207351442        95.2907601733374        77.0002236445405                       1
        368.263911825396        71.7021763089709        56.5320776987319                       1
        72.1392362985959        42.4047801541633        28.7198552831101                       1
        166.170794434645         60.282711419234        115.663790928711                       1
        59.7057887157579        53.9127695736672        166.532306032346                       1
        259.893931337756        55.4900926607826        133.535188178826                       1
        274.448286680834        79.9125611455809        126.919315784034                       1
        100.286737375548        81.8812934980254        99.2922163019276                       1
        122.235370595441         60.958182130138        104.936011127533                       1
        229.299391454295        76.0128491803569        177.854115822244                       1
        64.0384060824844        57.5370086518693        -4.8620756273221                       1
        270.451404861955        64.4580355981468        184.143271948071                       1
          82.61523549159        20.8185595042208        122.785545920861                       1
        142.358675103279        90.3079752523902        152.086187874281                       1
        261.316210838806        61.6995823552921        18.3442587300482                       1
         103.02894526989         36.282554640358        32.8801765983175                       1
         93.666327764148        87.3889619347166        140.982737854677                       1
        322.586643092538        52.0058010764672        150.824007410292                       1
        2.86981907215797        20.2572217346127        73.4328978204642                       1
        284.831483297815        78.9892063856299        29.8173836155985                       1
        105.284470819526        76.0291756503469        169.117056763028                       1
        132.161922326862       0.841515324790328         62.472510388754                       1
         158.08022802193        60.6723387461189        47.1583782679237                       1
        291.350243945801        32.5150755853571        78.2642509842502                       1
        224.245418689831       -4.82903690244762        66.6182965038893                       1
        79.9912435101043        60.5278566219458        118.286010703972                       1
        236.969100140009        20.1425777811842        155.096979614802                       1
        179.455455104963        34.4177401768593        194.479245935377                       1
        99.2458699929785        69.0866983035763        98.6391529509542                       1
        223.145712827592        63.8024772675878        48.8581724708055                       1
        116.965892919137        76.5534176738685        83.7674989174196                       1
        293.944504379251        34.5071636201104         112.68580737536                       1
        139.834832677161        76.3612715275339        37.6736578898526                       1
        143.972800946385        51.3929894732357        100.326837704027                       1
        384.340030136966        58.1663802760883        149.572283156519                       1
        219.404635632261        67.0991858366752        91.0279425612562                       1
        116.074454679866        57.1467550121381         144.99141060273                       1
        272.592958020889        68.4008601714827        55.2902593106383                       1
        329.599084857819        26.7880564368072        163.800901458782                       1
        137.457901784039        49.3675084836965        123.557623277908                       1
        122.038053671696        86.4625346837259        50.8957505148354                       1
          55.38607706988        87.9794888119223        150.664754067134                       1
         225.19010096808        22.2258752551904        -3.7300894310676                       1
         30.759685496692        57.5923471400559        118.378236829409                       1
        339.337159929061        53.0892091125442        75.2790306437442                       1
        119.747400841235        49.8956724002615        74.7946165204539                       1
        77.4167789883749        94.7915329734494         22.495843934947                       1
        275.436743333674        54.2241916847791        88.6213889412885                       1
        64.6958350196809        42.5222814185706        54.6293193283174                       1
         118.18496610617        47.1195377551455         129.48075033112                       1
        286.954387739089        89.9693226660174        99.7198555682587                       1
        54.7929387165188        71.6617963892148        62.0387086493698                       1
        249.875097997674        72.9956083050522        92.2761991245721                       1
        186.902163458416        12.4460965351579        166.401503519509                       1
        304.462369984228        71.3654157083162         147.25331298737                       1
        348.344835671256        87.3090596324474        137.423213819569                       1
        280.926004542577        48.3900842800501        173.145683292895                       1
        104.242282513643        56.9671756540719        61.2874528659228                       1
        20.7185167586663        43.2845489812386        39.8234483118065                       1
        238.306809146586        77.8638871101865        34.0755686942802                       1
        244.410226114651        82.1893639625572        111.715784110638                       1
        99.0231096885271        27.9732462538246        142.641343961392                       1
        205.382150310568        63.9461732004043        44.1215989676792                       1
         255.29860757846        23.6643846787884        129.878970099147                       1
        297.748366667816        59.7070019416488        141.133565990744                       1
        330.905116613653        88.7677394370004        109.868536084283                       1
        58.1043321300138        64.4125673189443         139.04367823394                       1
         58.341487032019         55.533663836485        135.944033921252                       1
        132.098948035757        66.1026174180667        77.4922529012946                       1
        214.175712995256        90.0219014633323        176.457989620727                       1
        258.984446885744        83.7405976059754        23.6068436565157                       1
         271.05302338093        73.9235390818183        105.497114604894                       1
          152.1762707951        12.6944540384633        70.6687591104525                       1
        99.5863236529735        102.549200821583        61.2017177378543                       1
        295.114821284436        93.7479243167515        40.0592333278865                       1
        28.3574098067804        83.7634748241523        163.099618470929                       1
        140.590024293765        35.4066751070096        53.9073639671473                       1
        153.105995766466        81.3744656397367        87.7560404494307                       1
         9.4251679391889        42.4556604154387        83.1225511042171                       1
        108.099200215956        75.9943902692416        25.2069327655132                       1
        329.322087609343        72.9006610452929        195.978093042594                       1
        38.8242578766254        70.2789812746333        69.9618924983981                       1
         252.45896431597        65.9374894107165        51.6324553902606                       1
        125.344849634101        61.5778357506063        130.046877178665                       1
        139.605269302786        62.5862704488343        137.508325358037                       1
        305.990729201096        67.8412221002444        150.630252857607                       1
        203.257995149422        54.2504569261595        77.8565241763648                       1
        201.841030720672        54.3033780663592        56.5769042968612                       1
        255.826675048089        54.6835395055173        107.945599196704                       1
         286.50995557484        48.9191061996791        86.1118501563446                       1
        334.035285633035        77.2833011031854        65.9000883251048                       1
        227.475788954625        16.6364516704429        146.545627073087                       1
        182.973309405252        96.1876698234481         106.73198373211                       1
        72.2794913701484        39.9247371661594        54.8772582714363                       1
        104.989260808728        90.6553729902625        157.138121963565                       1
        242.919289816077        68.1358092777253        78.4165922799709                       1
        195.597594637554        12.2476850418214        140.685427142857                       1
        145.772964398082        65.4040139991884        41.7421804336845                       1
        204.567753496091        47.7325223691791        36.1583517743063                       1
        72.1484917332322        95.7459951104742        89.4394507484681                       1
        128.104186145941        57.6012254966345        24.8114392019357                       1
        116.358621408804        46.6540958321319        159.029033559459                       1
        313.375204012377        38.1088835171736        162.815874247085                       1
        97.2769850514003        82.6396880509292         48.543177147737                       1
        312.928820852484        81.1533732548159        72.8835823044886                       1
        310.907225702528        58.9122596806678        90.6739451987003                       1
         116.05044209732        68.6014150170419        138.029144898668                       1
         92.450353742323        24.1789670276178         69.920112176007                       1
        222.240799776182        90.5877926265683        21.2789607995843                       1
        315.176749834608        104.267580605717         152.87501697884                       1
        102.423442153665       -2.38072236904836        170.012804527389                       1
        15.5305330336334        64.1708867178902         163.68232231148                       1
        34.6666064797792        55.4526198692508        60.8671771873315                       1
        87.4487923176138        23.6499507887309       -5.79872726712715                       1
        299.759010791255        67.6902343335511        45.7096670652713                       1
        366.338368975471        67.8731244109609        150.502001680605                       1
        133.957414851637         64.719099482497        54.2641340354158                       1
        317.302340308926        51.7707883186787        49.8487478617825                       1
        237.422857317553        63.9724941278841        47.1204158529495                       1
         314.67006153535        45.0791873696108        27.5343708884674                       1
        138.049473743782        79.0033464167192        20.9846448496442                       1
        267.864009233191        81.8212853428736        105.755161309574                       1
        82.8390162079436         55.768354081553        153.731835774499                       1
        236.508005519781        92.5261194304281        131.501818609152                       1
        130.390084023744        89.6137003607925        90.5762883088761                       1
         348.23919709956        68.1608908766127         30.265584580491                       1
        198.364006430347        31.6354638840477        31.0007792379393                       1
        321.721346121082        23.4082939111828        32.9168190682217                       1
         207.73691394158        29.5954053761121        155.765404337988                       1
        147.188041385527        91.8503533952133        106.252150496063                       1
        334.573188784809         87.570567186292        49.7973738670685                       1
        341.662932471342        53.4860222783398        166.466987131763                       1
        99.4854183525433        90.0338037878107        88.4426661376054                       1
        158.704340892096        76.4815578257563        35.9377347270709                       1
        65.7031686618252        52.1013237596797        142.581082961706                       1
        262.027477965957        74.9645159164315        81.3417226214551                       1
        96.7109984217632        88.8879054612978        83.4315051293297                       1
        25.7311472241695        44.7456469694631       -5.20651220768393                       1
         16.198892814287        76.7750906649622        74.1078700953924                       1
        135.107754626898        67.8977465812817        135.366430402371                       1
        158.382731268406        43.9031387307674        54.5358634587896                       1
        328.627022915522         83.529311621414        147.143343719502                       1
        276.639482955288        92.2736241841611        112.539753357456                       1
        14.2046973675992        41.6791287056974        12.4776951958804                       1
        154.825832353361        75.4523187646976        38.7051168382229                       1
        174.100775766299        80.4933922438806        60.9069374889436                       1
        179.788978961482        92.1503970523872        125.836599298955                       1
        54.3676318483268         43.491588873746        30.5116620890066                       1
        337.221640916431        58.5205857894168        181.638133861584                       1
        329.808263253307        96.9798100356949          121.8207061054                       1
        290.074861477475         25.563910533615        98.9513258455602                       1
        72.5142795978126        26.1170991360011       -3.52438855887058                       1
        146.514557049641        106.981256160399        84.5830648755035                       1
        213.920312616245        67.1149945642087        167.355403531162                       1
        98.4908682876426        79.3163102830869        166.527052399174                       1
        177.373964552943        58.9221464918024        53.3191262793292                       1
        294.333832466347        16.5084615981989         119.48082506074                       1
        214.111448613366        24.6953469524468        43.5649457532858                       1
        93.1801868925372        67.7340896170807        70.1858663245952                       1
         245.52488584108        121.389766159001        166.733039200384                       1
        275.925725114993        74.3469040703609         7.9594770810715                       1
        343.173524638875        55.9021868744166        118.369461397973                       1
        169.458325885925         26.872971293534       -10.1360228512667                       1
        346.673361241492        41.8964706178551        96.7679875303872                       1
        149.549080437057         89.042962704803        25.4093905222097                       1
        347.316495791629        63.4257246484245        79.5783079594476                       1
        359.870113704991        56.8292429690797        60.6992956636247                       1
        116.203292145412        21.2248603354532        122.426648259274                       1
        39.6455149465622        58.1228011370774        147.160936626106                       1
         294.48278096548        79.3464957283127        134.811484703057                       1
        320.999424501328         42.470910823666        177.033056840168                       1
        259.504516257861        44.8074023696988        122.603130493858                       1
        343.499141554414        80.1620452901753        136.775731427712                       1
        51.6782863702632        42.7948881524991        46.2256027628631                       1
         356.93636140293        61.5872978146008        195.072748554254                       1
        32.0496193651168        89.7756831324125        141.366699348926                       1
        254.640570077458        67.5473776305313        92.8012301232641                       1
        340.406459474402        35.8398584704337         19.960682201277                       1
        105.761754572574        60.2137056531078        104.775578603817                       1
        182.545886942417        36.5371807305149        79.6273811585683                       1
         209.12512754809        28.3377011651511        158.931959055109                       1
        151.662889642736        74.7154542398947        99.3105065031972                       1
        181.218102430764        24.0154175916354        178.939463981067                       1
        314.263727963805        80.7494102032181        93.4287256234553                       1
        196.871739331503        27.2276650442637         61.286119834592                       1
        112.810657332327        95.4819338185979        20.0245766066315                       1
        188.291174516717          89.24787262202        104.018785197056                       1
        114.311508995136         79.372270876084        91.7907293455275                       1
        183.667046047812        40.7496205115342        101.548755106707                       1
         32.112340781795        66.7640801708701        148.733005660302                       1
        81.4127748097104        40.2051902199161         140.23576210926                       1
        323.052717722192        72.3711940324073        105.977767811402                       1
        46.3894349589059        76.0392350970137         101.41107962426                       1
         49.492900809172        31.4623900008304        157.189132959525                       1
         155.27633727113        76.4818939588614        138.997870431972                       1
        63.1831091497074        76.1121253172334        9.83221582707752                       1
        146.196602835277        54.9806965575391        75.4051402968606                       1
        350.420533553494        80.3340016315396        118.655360359917                       1
        31.9546148134897        38.5496217190439        161.548739065354                       1
        162.018204929036         93.783156728401         5.1150952418728                       1
        180.233218801482        34.1259168334385        48.5938498029413                       1
        158.959105233081         36.344638437438        30.2328527976159                       1
        41.5431523820822         47.393443491676        8.48671635846702                       1
        40.2420273774872        52.3370174518475         147.12121062297                       1
         125.27906502532        49.4553783368531        193.614328526741                       1
        117.690427911546        68.8618875685904        70.4689769604116                       1
        228.847290856339        50.9624946199072        87.1332617913791                       1
        265.585874451756        36.1306522449202        143.926183925375                       1
        154.955444597357        28.2496441022191        174.265889482528                       1
        177.754811145854        48.1213429982709       -9.41447059759828                       1
        45.9529675564861        67.3045684920997        127.364049813195                       1
        157.727452401792        51.1824096583933        104.092690477149                       1
        105.256872852802        43.3812259618864        16.4833605313143                       1
        276.412379300652        64.3061414475372        146.189245921678                       1
        332.491837569273        86.4427319162027        127.980657849224                       1
        206.307406758501        104.524283794386        2.12423101575964                       1
        318.306463712096        42.6729794287336        92.5644651078159                       1
         339.44792773652        118.430150272653        154.577280982823                       1
        28.0124230814109        58.2653741441476       -7.40491267483688                       1
       -5.77258787782485        61.7307962693911        114.821483358959                       1
         187.45313734757        66.3697665514394        124.243540438347                       1
        160.398404361698        104.453698109355        77.8114059566458                       1
        90.1716989615763       -16.7791400816216        94.7981079840672                       1
        311.322960168849        69.9327257220726        130.479489089243                       1
        322.511683340801        72.4704926023077       0.947752467312178                       1
        6.06343797881134        39.2385919149348        36.1537400597384                       1
        62.9606399276417         64.382002513526        123.358953778656                       1
        258.555550202403        97.5913894619714        42.2968367896478                       1
        13.5752103756658        72.1490730666323        88.9908540861889                       1
        25.6479927696549        63.5329244031112         12.296759898442                       1
        175.764677616941        88.1916236963464        168.365390975112                       1
        149.762223936103        89.1709300773006       -8.17496809030723                       1
        23.8253848131115        59.0103491425442        169.222601007378                       1
        354.528021913061        36.7997457332859        173.378233135494                       1
        212.175334876179        69.2701151716737        38.5407828814704                       1
        44.9670641468856        70.8007959718264        159.331336628489                       1
        325.069296051027        73.8749961222985        68.9763479135551                       1
        130.147480043491        69.2563572274639        82.0573673769998                       1
        317.207640043889        49.3235789377779         143.52264418924                       1
        168.059010861973         43.060462253428        138.575566025136                       1
        232.059110763467        79.6364635049435        150.754700504896                       1
        113.348865205926        81.8231377993645         62.742289474499                       1
         141.01637068515        22.1158885421126        55.2249775720509                       1
        205.385415526378        40.1366428339984        93.0622498641031                       1
        309.162797137096        56.9102000804557        43.9491228881149                       1
         323.84620741283        52.8113277338946         105.37925660682                       1
        298.916656847874        27.2044904485263        174.164961979597                       1
        317.080578000662        96.1207118430744        152.262500092903                       1
        46.2488890473193        24.1958712106569        48.9502442662559                       1
        32.3459951409971          42.67512045283        7.01539299114497                       1
       -6.90671995117708        68.8771577027766        135.810230279155                       1
        151.316152100766        53.3522432294617        44.6684454088522                       1
        154.081372149542        71.8503198798389        8.73657600974613                       1
        162.186436807257        60.5707979482386        63.2136700337157                       1
         128.42607941794        86.7878247994931        164.549862842632                       1
        207.478133092811        87.7583964900589        62.3238456566585                       1
        118.405083302869        61.7943416396228        140.137061489897                       1
        93.9987806050265        82.5302143984207        119.061252727823                       1
        301.436706496069         32.736253488963        154.535762412311                       1
        128.634583632945        57.7613726265429        67.5848277776786                       1
        5.80287636161529        20.8274535850708        113.695584508144                       1
        192.638744168063        26.4317756995034        194.452926505022                       1
        39.2775013715271        98.3907640150392         140.26041680461                       1
        281.386894311588           91.7447468668        92.6213665429712                       1
        200.051476006717        100.906568974976         116.19798999645                       1
        315.056492302774        94.7907952044274         62.329405324867                       1
        132.346510902786        78.8936186362447        105.030261911395                       1
         157.47291204483        57.2947707433497        132.168983585566                       1
        56.4300538313166        17.8160740289445        20.2338985044972                       1
          251.5337931133        73.5449634752855        57.5235518782622                       1
        377.049456248107        77.4335151277963        129.704904239721                       1
        49.5418048089115         57.681545436126        57.5854111483488                       1
        303.831883492721        18.2800136867686        72.0856125886465                       1
        197.794541264775        78.6777515190405        39.9754152273631                       1
        108.776942710904        67.5309026517531        113.226228347565                       1
        186.374964560754        63.9574089671043        88.1961405842977                       1
        145.570174686579        64.5750967567826        26.9836218691711                       1
        56.1117675325695        28.0430540379277        112.473745081396                       1
        244.007695816948        87.0539682459683        46.5740970073571                       1
        80.1639872821425        73.8102762622028         56.449188139485                       1
        19.9111726090667        55.6556396221155        66.9557400083274                       1
        343.029618665009         54.427404188701        33.2299740258705                       1
        57.1331876227642        22.3891568234463        57.1871647745324                       1
        342.610163058413        96.9656414557629        70.4905128828187                       1
            316.31837536        20.8060016157793        155.052903409739                       1
        36.8110075820135        31.6652489425608        16.0637484639653                       1
        258.854421354854        94.2199293350484        122.339288381184                       1
        174.240044867293        98.7970556561167        117.477533006037                       1
        65.8529299077897        77.5924086991298         122.26144156983                       1
        161.937910670459        47.6540462569529        36.3648413230955                       1
        164.045752223728        80.8214266755047        16.4938462560183                       1
        130.198799311771        106.687241268816        18.4685685640144                       1
        43.2275988392396        73.4130842888748        144.448742792166                       1
        99.9234895935364        69.3930534370915        82.2809203926442                       1
         69.364443412977        63.8761340406873        148.903287337429                       1
        157.914910049126        88.5270971174614          83.49289830325                       1
        148.989922916299        27.0483529420855        55.5141117377179                       1
        325.524734232161        67.6204079842529        72.4854887923327                       1
        12.4075778647891        41.1876409633609        172.590572922296                       1
        83.8838302887027        48.1343063886041        79.0602264095135                       1
         241.24855665989        77.8394233638446        106.477319073585                       1
        188.674269158555        60.1677124464116         57.306608928287                       1
         246.04083846556        74.9661164762615        16.7005858590166                       1
        352.620451436552        79.4994511192062         151.20924593406                       1
        180.702532372047        65.1090290327952        174.043534775362                       1
        12.8195185180526        68.1821287682991        174.070638619331                       1
        29.6818031365099        64.6166170009974        150.328998951372                       1
        330.236532929982        53.8879901864349        166.175518659567                       1
         200.55136881766        47.5701622730907        70.8550174033522                       1
        298.344026947905        50.4489676290522        64.2117610758598                       1
        220.189153321483        58.4946128912293          157.0391104821                       1
        146.333919421256        68.3049513638859        65.0088338902087                       1
         311.58235736203        17.7973601403395        55.4385183058784                       1
         55.729711062533        85.5867937903712        4.74191449384874                       1
        196.250396115999        83.6092732222749         65.604837953753                       1
        268.949538397549        29.5905762401713        112.239780678226                       1
         208.53624358611        97.3312277736331        105.743780696795                       1
        232.937675496827        99.5029632035381        96.1961097570098                       1
        45.7067970773064         86.413207074919        66.1451625733751                       1
         332.68684459377        61.5658651616706        80.5778016665526                       1
        327.827990361992         70.632018773773        92.3829115521849                       1
         294.02233714105        56.1541054148339        89.3660382996847                       1
        183.313749674363          18.39989462009        9.13970074137429                       1
        336.537149367588        86.2563047579732          80.27855740809                       1
        336.415674635441          61.12891265814        25.7430692009331                       1
        187.800112514737        24.2668976323908        34.1655976129717                       1
        207.532047047866        96.3624889118611        13.6563572307469                       1
        26.6549123973245        71.5637072983588        2.58533451703971                       1
         30.914038136206        72.0452281978844        139.246869508194                       1
        135.942170623865        15.1989629427702         47.640751138544                       1
        286.172081682582        39.0961015014285        148.889649894551                       1
        141.922611988788        81.8113519428541        143.834568204933                       1
        311.991320695613         40.641528524578        56.5894957666689                       1
        142.144728636075        66.7402263966339        123.754152066503                       1
         9.0960179806251        71.4809285659207         108.22139591403                       1
        88.2301688168732         22.387677698578        45.0521942756224                       1
        103.761678832415        68.8018939283193        71.3187344040808                       1
        178.560972704589        34.8912627761532         141.15137142092                       1
        206.058396697613        79.5507767695227        196.942544999009                       1
        152.336182942064        31.4085533342221        36.2850501175878                       1
       -7.25234527345997        23.0557220190039         18.164685123257                       1
       -16.8612949140602         75.587277329654        51.5027740341877                       1
        268.327606356151        40.2847505271709        31.6086859484304                       1
        271.598823147529        51.8983698083392        40.3192422769895                       1
         97.191264625478        67.0938215459097        174.527912612276                       1
         273.68105307202        63.0134894835625         79.623554977211                       1
        289.686582208425        40.0527453805155          172.2221608912                       1
        57.7146455947364        67.3193887700345        109.822514848601                       1
        252.645632952112         73.247750342041          133.9021966549                       1
        40.2109617081955        97.0218926453149        19.4722802418727                       1
        97.1415788360181        49.7199188609971        25.7376032951185                       1
       -17.0395795567035        58.9112773808715        40.8153273946088                       1
        293.034266086325        58.2074790965493        159.298447635048                       1
        63.8913054014477        35.6328690456157         114.15102996561                       1
        233.262330235564        49.1590584525422        133.807953199703                       1
        58.8288930088727        27.4431117382819        131.684371834621                       1
         353.72191214369        30.5982010420529         95.087780744845                       1
        187.015894745093        43.3238626131408          187.9373119978                       1
        109.446836109894        31.9737308471147        109.297706890155                       1
        99.6036972871359         46.191034643588        108.958177502053                       1
        185.875658448942        98.3669575935402        11.2127929395145                       1
        253.630632848026        54.3910037105734        30.2020990414926                       1
        182.802482361537        16.7962638222466        22.1036432629217                       1
        246.084726452689        47.9965591788511        140.006715575467                       1
        228.330752655515        19.7858697977275        171.891427994835                       1
        210.519841305359        77.7639800110199        53.3018850054633                       1
        100.646067554601        42.4681470975247         88.180277087128                       1
        117.456070786074        60.9630437792313        43.5840211578264                       1
        120.206203906285        67.9759128656048        155.562272555399                       1
        281.990270512998        61.4791382389891        113.403442177081                       1
        271.626906505932        78.1724936811083        107.446641353151                       1
        292.325730245601        58.6012995966692        33.8350602334967                       1
        130.183588277095        52.3325519476654        141.698194967253                       1
        3.96842985323916        61.5689471995846        26.5948427665194                       1
        117.779955964227        72.6805132889688        136.373714596143                       1
        18.0221707369539         86.537498220083        88.9564102463841                       1
        39.5433315181451        57.6962363422673        165.538555433215                       1
        28.0785681050724        25.2171755663838         144.23071507846                       1
        338.653812372391         67.717883022192        157.432662599901                       1
