TEXTURE AT STRAIN


B  100
        34.2173675427766        121.844252662308        56.7854089723616                       1
        51.4609371316712        114.529300992741        136.195337636278                       1
         233.52581877824        67.3817961490837        24.6357453689736                       1
        203.293854147461        78.6281385550629         32.644348202573                       1
        67.5844394897565        104.850535491499        143.026713794599                       1
        197.403517698189        68.3152528347177        20.0973246444221                       1
        250.407356810374        59.8795676742482        71.1851851703762                       1
        214.918962340142        45.7268151140084        79.0954633074643                       1
        186.645529720384          44.05998255697        62.5415165420159                       1
        275.000611101855        31.6069398093393        36.1101633407479                       1
        26.5980792385688        121.270221495213        111.236736347323                       1
        221.811947296502        40.5098572432592        109.942535950448                       1
        19.2361359280703        -45.785265339116        19.5806822403978                       1
         230.24762096755        48.8560214078985        78.3496400829713                       1
        45.7393897155455        94.4169442143511        134.682315194247                       1
        238.785689034337        33.4792893155307        12.7904937943481                       1
        229.728456424049        50.6012457058382        41.6897436374778                       1
        64.9720356789428        112.712079312252        126.338785573903                       1
        230.845863914334        47.9240824502587        47.3694499059539                       1
        22.1942325686197         119.67471719415        92.0171471082427                       1
        52.9556405317416        104.477969116813        175.688482115589                       1
        15.5717608940708        114.957841745347       -50.7237384828339                       1
        187.079318993931        38.1667507328435        45.9740899819954                       1
        236.636407195965        74.8438800015704        20.9618102694064                       1
         200.11535758527        48.1850563126939        215.243059112237                       1
        15.3634744134946        128.921354324188        105.808775557295                       1
        246.355450816226        61.5173012115486         16.865155662854                       1
        48.6398871402248        100.266063815854         120.40975953955                       1
        219.220543990762        60.8623659057751        33.7805765369199                       1
        233.064684059131        35.3051494553724        80.9588347171357                       1
        366.060517889525        125.691224088455       -22.2149167972234                       1
        397.589011401492        98.5720791054886        152.019782370047                       1
        223.691775026876        57.0232134180543        209.009857627554                       1
        205.101301880392        49.3759981089208        48.5859252118622                       1
        175.859778708845        121.819427907879         46.079491836852                       1
        51.0327018231955         119.36326797838        115.621137788472                       1
        26.9515111229877        130.359492078712         132.73295567934                       1
        11.5485492942732        67.9228293595897        123.296188015375                       1
        393.971293406718        110.737553908722        3.03632267028659                       1
        213.910529797161        80.0296391865067        12.6473676389358                       1
        205.567979115964        34.5008879475731        17.0073882958502                       1
        219.634973464875        44.1070694642121        197.798102296607                       1
        398.734789693111        102.949414807279        141.838230138292                       1
        344.050142896137        61.9478120234607        122.785674203544                       1
        234.050721101128        59.5455660497095        40.2584794445945                       1
        72.1884454857649        139.564164990371        154.912617435895                       1
        219.820179354637        67.4235416816602        194.053090400333                       1
        161.069221650531       -9.50062648864974        28.7922431794868                       1
        30.6032485155788        112.622885854931         75.173747742546                       1
        200.383690200531        32.2795983344045        57.8879696508306                       1
        209.488884357065        55.6991344406052         18.595542290206                       1
         9.5732733775523        49.7824197865136       -11.7197011402577                       1
        200.824125491653        65.9790492757943        41.0297108157032                       1
        230.729129285438        58.9151985724523         185.57148699338                       1
         202.26681624697        57.8413232560699        32.6305628578938                       1
        26.4383920300754        59.0733977971909       -7.43311269029293                       1
        38.7439838575364        140.381546740713        120.234451374125                       1
        407.729641865539         129.91071275515        -14.566192850687                       1
        247.912280379369         56.747037419691        34.3939498060561                       1
        35.7437199847943        128.308079406082        78.9941614367012                       1
        62.6979694051379        64.4021914550958         119.89115898336                       1
        214.669543941448        41.1597773869292        137.185836840627                       1
        357.292234127476         75.670975256875        116.284222008013                       1
        392.267900029609        151.258253188461         149.61595647617                       1
        312.430540639573        34.8204149083585        15.3944237297121                       1
        229.364601098928        70.4000012162302        44.3351935702275                       1
        206.049422087274        74.6678716711576        50.3769325749466                       1
        395.116273401136        113.686936718236        133.440162396525                       1
        56.4547930190853        131.342981244363        150.793106573794                       1
        203.750428599051        46.9955149985321        212.405086026153                       1
        232.898502922384        56.2670650230889        200.499237030868                       1
        233.162981263403         48.211935868596        24.2765106363899                       1
        162.781485372771       -40.1690407737343       0.759863208889044                       1
        189.075086317882        58.3731358623456        57.2582440654346                       1
        212.945831831553        57.5039818882064        52.4651438686975                       1
        213.400143273423        41.9565613728296        31.7304419541907                       1
        228.226126631304        51.6300894705927        59.9219495409741                       1
         30.156415639984        123.192666339132        117.105944764438                       1
        204.723686938147        62.6854633309759        208.304446799504                       1
        64.2493024174763        133.686189966447        124.050169891726                       1
        253.150629574722        47.8805755047578        5.29943809240005                       1
        157.466215503986       -24.4284297437083        18.6643762051029                       1
        36.8036462668305        109.217807848318        116.224456887396                       1
        242.137443135204        34.3365142550533        51.6434665078454                       1
        263.180367513391       -72.7871520418741        127.609692055651                       1
        249.796882562644        46.7653129977579        168.130503011105                       1
        243.580509485075        60.1992604881235        180.510629753568                       1
        219.671335197853        69.5381644738237        25.6929042423742                       1
        227.971358051929        35.7491465511337           36.7804211816                       1
        223.102102921073        51.4605741646636       -1.34869532243201                       1
        5.06603391037541        112.407113640533        143.328872615943                       1
        31.1513422811929        130.797020181863        135.730934199956                       1
        219.792440723097        63.2015136547876         33.103399611591                       1
        216.804666288745        64.7821678041247        81.2181040020691                       1
        55.8835962779466        104.340016246045        102.691692142375                       1
        50.9138936329184        117.778707765356        191.700750034885                       1
        -16.404185742689        77.9622463726312        134.314216326294                       1
        4.06953660452585        125.596714197611        136.754434489487                       1
        225.165290258864        63.4348448188091        188.994759993806                       1
         376.04928179596        108.016713260467         109.55897093056                       1
