TEXTURE AT STRAIN


B  400
        81.3039500958984        68.5775747859122        148.813670713203                       1
        92.0915215978487        90.2064984646406        147.152045568378                       1
        293.897289614844        49.8213166271941         129.47252114899                       1
        185.280549928755         62.756094935529        12.7061620342724                       1
        213.298525270258        66.2578816308767        55.1312531759561                       1
        155.305542774726        77.9598268173318        169.709286277999                       1
         201.12379915603        46.7592839976577        22.1953638177286                       1
        296.728650279077        57.2924187458042        21.2111080938733                       1
          65.70530156966         87.136446660255        101.250638929742                       1
        381.476480894279        56.3777602806113        181.049869339434                       1
        364.379792797569        11.1096560704146        33.0192304226137                       1
        293.062026272172       -16.2062028685022        104.551523311002                       1
         27.517033263579        129.083093516191        127.653999677471                       1
        365.827331952382        100.044848413966        101.975630052148                       1
        211.860326032913        37.0116599700897       -1.00579217308274                       1
        344.567130038763        18.0525463074459        67.7974914893285                       1
        55.2330561747973        112.032872859329        69.9043834267163                       1
        221.044231327145        49.9897146441812        161.304201478153                       1
         186.09385875175        41.0831825217061        164.395556461841                       1
        63.9665180545713        86.9655796639475        10.2343943362734                       1
        205.005571078418        60.7569237273787        92.3019751149806                       1
        67.2896048937025        100.021865242108        6.83487829759197                       1
        136.056937811488        19.1177504506297         148.46799525299                       1
        103.533059531894        47.1575581665364        118.839503225343                       1
        188.066740194076        60.5798250994328        140.297862265982                       1
        107.549652823849        31.5916990609447        110.713416329889                       1
        223.172166483139        69.7187113479557        22.6455364391294                       1
        27.9230897370692         63.416984800919        18.7659908923233                       1
        284.300284417646        76.1975194746492        0.96144605630011                       1
        326.687850531563       -16.7717899477192        78.8298013575715                       1
        313.371128221305        41.9085859821214        94.1298016794058                       1
         223.37299920636        76.8898486620292        40.0003797336917                       1
        31.2982446294216        105.633419464543        84.6859686717581                       1
        223.550005301378        79.3574406535683        102.318536807129                       1
        182.667732788453        33.4830079920332        150.892272894128                       1
        386.040359116273         115.46206761296        119.754184897489                       1
        243.115853647436        66.7154990653526        74.8540167733742                       1
         144.67340323481        10.0315735264303        191.525571856166                       1
         367.99828752896        22.6140245615941        117.592448764033                       1
        40.2152443198397        85.1620900595883        91.1347469667523                       1
        115.037225288654        27.9700796200895       -24.8579343781599                       1
        59.3782035417053        97.9430237247285        155.101992014285                       1
        33.3040063466094        117.258841880727        110.622170730173                       1
        232.680280821128        81.2841314920359        83.0856147290003                       1
        167.101788227931         34.865576161262        19.4381902117358                       1
        287.832021362183        84.6597978389021        40.0949103527119                       1
        231.419671443286        64.7819436578341        50.5878415876362                       1
         351.08290197622        39.3737726596813         81.339771213607                       1
        82.9831619257738        97.8213742996062        96.0557829630369                       1
         205.07101637315        71.7942349281297        29.9999077562429                       1
        76.0029657672463        56.0028562070267         64.788625818287                       1
        228.539222046476        90.4390981659477         57.413046777177                       1
        114.462912524594        56.8787568771778        71.0412259018192                       1
        21.0836816784509        21.2616101653988        169.205471515612                       1
        239.829657426985         79.784485047924        24.7678376042547                       1
        145.143976247583        66.5126383906439         78.978212747393                       1
        324.624196540709        95.3132157220236        41.5499807282796                       1
        144.874331037715        16.7722159827044        99.8904150811397                       1
         160.18921111913        69.6536449294029         129.45811993428                       1
        232.863177202761        47.3420061014518        71.8392934918638                       1
         125.69743336974        71.2086893986534        21.5476590891499                       1
        362.833175188868         99.016140685008        153.328744220917                       1
        171.109202547873         79.218097907737        46.9233317799617                       1
        81.3291636776944        30.4410588606595        152.159972960364                       1
        79.8468739671235        10.5998477803704        175.722368261879                       1
        240.283064410901         64.115527047123        180.188210188193                       1
        148.991698635603        49.8051040614168        142.406665574153                       1
        107.439421230343        28.3048980362401         37.108957052294                       1
        325.945976396181        92.9691913257072        26.2063406362605                       1
        291.467942047127        74.5494268860051        44.2744864767718                       1
        62.0579532282005        101.199669057401        -10.278277259462                       1
        338.980673050163        87.5023433884856        103.807755041485                       1
        275.404727536131        72.1833393590028        75.5788953829213                       1
         301.12765432546        117.121676506857        53.1377654035562                       1
        51.4480952227808        61.0078243320159        178.980234649277                       1
        131.571625258083        42.0111005591155        137.526508724784                       1
        291.972012137649        22.5915147280965        63.1981107721807                       1
        186.076914044509         62.312707758498        38.9456146454941                       1
        271.371037530029        46.4007613586231        130.450614292631                       1
        233.633568743374        84.3104075941622        120.679773537395                       1
        138.115004442971        89.3745231631389        175.082166564767                       1
        299.707800051308        42.2567434676345       -14.7054589183324                       1
        308.638064555099        66.0776714896777        168.204263032857                       1
        339.370526905582       -14.9860850170769        98.2574028505418                       1
        155.213419309472       -3.23400205017131        24.9654302090011                       1
        77.0614677825098        106.656385707102       -29.4404120158563                       1
        159.462312570703        57.8250145473699        74.1120522961894                       1
        345.701768467085        48.4086771347365        71.4733845856239                       1
        122.865157138842        68.5556947109556        94.8920477490859                       1
        216.585573564001        47.6401700579998         68.453174690458                       1
        251.880635011699        53.1090829575786        178.138784568246                       1
        119.179544958626        86.4870399712559        64.3721951217759                       1
         248.60341373435        70.2239695118015        114.556578803698                       1
        217.086130876662        75.5417468277973        68.1848552561544                       1
        237.862863705791        50.0722798613135          96.54668674368                       1
        225.469471085948        64.6171801160419        73.9854180090853                       1
        126.251660476853       -14.0380760338905        67.7071596533694                       1
        163.832590214844         15.581392832764        45.3313269611082                       1
        129.324433478859        59.5584936241604        103.704585581874                       1
         33.390527036345        23.7350672079777         47.594124972435                       1
        85.7676727329628        82.8837701935634        135.444432735729                       1
        134.008267858088        35.4913645344428        83.3416147605218                       1
        271.855324356434        109.175199734376         54.137316566588                       1
        99.4481329901555        89.0398449820745        107.853276937413                       1
        53.5578727212019        18.4248948812531    9.28060566482343e-05                       1
        65.7902325502224        99.2989789677256        129.355598128788                       1
        182.908129975088        42.8557732684094        98.6518578492994                       1
        46.8189179121342         107.01947499577        155.296902088607                       1
         136.80005636476        67.5285537399828        144.987782344126                       1
        222.074052328061         62.253719652991        152.994567622895                       1
          11.74721814309        53.5443966579152        145.294524736485                       1
        203.099438632397        77.5867679034128        94.7101656259671                       1
        104.495462814052        61.7985652362568        131.765419805674                       1
        199.338413587007        55.2460964418344         79.097658939971                       1
        96.8349809034321        46.1942104497331         64.598614736905                       1
        311.280227294481        93.0000396312356        42.7771226438805                       1
         360.36916318125        63.0852097856459        177.582527338872                       1
        347.436900139133        88.1893307035281        20.8348688459352                       1
        316.350767036869        58.6400371354675        20.0854030451525                       1
        221.798560352148        55.4614112730748        47.6225664966425                       1
        330.055789414672        10.4375778975739        14.2472290361064                       1
        124.634511048439        28.3728719443992        78.9949775353119                       1
        98.7046947985086        72.7625393184488        131.368240516663                       1
        207.268061267567        39.7361904798036        87.0054339675289                       1
        112.696469917666        74.7102965499134        86.3202372433212                       1
        136.900038334237        75.7081201879898        106.578444407983                       1
        80.7575076083961        21.6124328300081        132.902111558733                       1
        325.839381062101        37.8213052843063        11.0293400932317                       1
        287.383264794405        75.1779616846151        82.2537835683246                       1
        356.273273233824        88.7814148125029        102.477556792899                       1
        268.677017219344        66.8904304414611        63.7467123508831                       1
        255.252866790777        58.6450516434481        87.5922299934703                       1
        377.026338036383         39.051563070881         57.487199324013                       1
        291.950115857068        87.7312675708633         65.851310486508                       1
        229.848443011381        47.7157702390233        64.9420915204702                       1
        323.969981035859        47.8737774847181        30.7835204023383                       1
        95.1559175887383       -2.05094511261608        39.9687119169264                       1
        53.0190453308307         126.99158181419        43.7446828492364                       1
        65.6983718885682        85.1516684085986        52.7002170457978                       1
        246.028058462351        77.1264408237516         35.203725824761                       1
        249.693872585942        45.7846930520376        101.988731559184                       1
        363.512797257269        76.3909570966502        110.696610657055                       1
         220.26313627243        70.1789997635887         24.266024898767                       1
        304.631959646877        61.9486808554351        129.635307895191                       1
        209.832986813692        82.3176795661803        15.9539034601705                       1
        135.427306554414        63.4205200048877        83.2633831100707                       1
        42.9725969913037        20.0098353974511         169.23159466795                       1
        211.426682824213        69.4701322470574        39.1808436386617                       1
        259.011642475054        104.300851225308        109.567598102186                       1
         292.26556226013        95.4884575970198        61.9671176199945                       1
        262.415195595566        57.7361277647006        92.4103445889647                       1
        67.9299561126745       -15.0829847564377        90.9409357759359                       1
        244.334074427132        40.9773941426868        159.588500697496                       1
        153.883034427088        33.2198009288163        123.514400112808                       1
        206.633518341894        53.6873639585864        143.663915573548                       1
        354.357775911744        71.1857094568247        45.9808202831624                       1
        212.007988436022        72.4491099726747        67.2286508637458                       1
        125.953057261672        79.3593415440893        91.7490031118373                       1
         230.88753834051        71.8580210094399        68.2010274425637                       1
        109.330080173009        38.0830885717797        87.8064662845577                       1
        292.036773938669        106.197388200239        41.2461237253995                       1
        80.2974919453699         63.586360990744        125.687036241908                       1
        227.667770359335        77.5988905856372        146.237159614967                       1
        282.792637033214        58.2836013153024        74.2591985665525                       1
        143.288852000597        77.4134448300414        95.7228382074378                       1
        103.089022975536        66.0225085698173        15.0646903511098                       1
        238.847466163889        63.8408450176512        39.3677461064373                       1
        330.013148283502        103.112598341188        96.9779949403422                       1
        168.825746964765        28.0205694623673         102.26851873743                       1
        344.035818581926         88.102923086785        40.2309179365801                       1
        348.289800905704        41.8673015069347         53.415576794259                       1
        230.112696987385        78.2316966939015        34.2910792153643                       1
        219.017125963716        83.2505426585654        50.0981526573392                       1
        321.278434039726       -2.76531201966553        88.8265834992338                       1
        295.358576488251        37.2551778975312        148.503652855209                       1
        207.204736124308        52.2131710936907        37.2835800052372                       1
        93.5357939169234        12.5060547819748         143.73421981194                       1
        283.772598044943        59.7791123508546        55.1938295616852                       1
         234.91080096337        57.6368269134263        16.9585615516756                       1
        155.569792163817        59.0865619233459        106.351614378189                       1
        44.3804475170011        74.0926746337361        24.6922090487375                       1
        262.067427879115        60.0720678958593        118.423233851102                       1
        235.481826900447        54.4080380289741          143.5824359921                       1
        197.233265627846        74.6484466447625        109.557973323162                       1
        117.680938938249        51.4765429536509        98.2385728227188                       1
        7.31360847590241        45.2064457262194        34.3911124046378                       1
        222.312566349459        57.5549283519668        73.3348319945014                       1
        54.5659994194208        78.1208497083759       -8.40576210955682                       1
        258.719127639454        71.4803121242202        174.728087026759                       1
        237.259666044477        49.1155804647331        43.4685519392368                       1
        47.6859298971513        92.4064280366127        103.072429635732                       1
        104.730656969449        57.4052821010909        112.667764323685                       1
        99.4416509415443        89.8483592585856        83.8302253760003                       1
        206.752269765427        53.8339620602322         103.93387893394                       1
        27.8640153663599        85.0311085556437        127.818650104096                       1
        313.995991295723        48.4725209747021        1.34416608368722                       1
        288.408924176546        93.8624007482714        81.1765375995884                       1
        302.369750728559        78.4845106381928        168.077204788893                       1
        201.017624751308        49.3273284339086        50.5795847779537                       1
        90.7887629821918        18.5339242712577        110.159093586281                       1
        134.131029209489        77.3904186455592         78.154521191668                       1
        126.603903359497        55.6108059817758        -19.402865683373                       1
          85.54159364464        12.1359126447568          54.58409036755                       1
        93.2340679724276        61.5099024052246        92.1044457135444                       1
        350.309917735806        57.1905851989329        142.113149336041                       1
        11.0000882461158        50.3494198338135        46.5637466218717                       1
        84.4020624759219        77.7963360816519         111.50021673486                       1
        326.454407803455        23.1263635384665        106.859185190219                       1
        203.077712171258        66.4746041072706        24.9027562170014                       1
        206.846093617943        59.4042229663599        22.3473522917539                       1
        268.841538343368        72.7483496839035         99.759942003359                       1
        190.672219564278        19.6149167428298        164.808753490539                       1
         306.21336932007        29.7942007447502        113.731106786344                       1
        280.543126013575        87.4677360826817        52.3766490582802                       1
        161.630080947993        81.3625534546599        91.6038683823374                       1
        211.503239241035        66.5571794420353        43.9289378482096                       1
        101.167990284201         77.173802134757        113.879840363378                       1
        59.8234397252052        69.5772740272136        160.499879292215                       1
        197.339099277811        69.7407670070509         55.558772679619                       1
        340.706678244976        35.0411399296841        12.7163159259164                       1
        356.961717622904        21.7200641415634        149.552129143204                       1
        186.390140598572        47.2161318235189         18.493362099224                       1
        35.1908472531302        115.340043545877         91.203840517627                       1
        195.944274392349         22.887571607866        179.802368904295                       1
        292.505777349773        58.0317591008785        162.030618130386                       1
         165.14951687374        74.6844111132273        11.8074367155351                       1
        121.653381499454        86.9944621726037        147.779751216406                       1
        148.228953906609         66.514739968731         151.07747895742                       1
        8.81534361710717        59.9786448737681        115.772669502117                       1
        222.293096179467        57.6002904118198         47.658022006838                       1
        322.775644792379        86.4547388732579        90.9585581862339                       1
        302.064528979384        33.5356025830173        3.39297255575513                       1
        247.331167831869        59.4159181485045        163.424457732759                       1
        304.480553167686        83.1111365034155        57.6689549158305                       1
        352.115554123011        55.7045878361591        61.4487782954994                       1
        198.509904104347       0.131244045431097        184.015022948624                       1
        192.507060866888        13.2007813466178        123.784713154704                       1
        263.887595462595        67.2077959142673        197.840936462308                       1
        137.157335505578        89.0757884734415          -10.9543306773                       1
        212.338875745272        59.4229593638183        77.3772864546283                       1
        199.163574607938         37.794020226022         119.95603045342                       1
        226.700172982107         52.544013311785        23.5256039189126                       1
        207.411718313388        34.6126838798174        45.5152910020187                       1
        138.853857651702        43.8888585894192        97.5023694963101                       1
        170.315458224381        105.767084608966        13.8162984704825                       1
        261.343063993304         84.970465424769        4.16985525655388                       1
          157.9341512834        18.3692338254317        167.507159902548                       1
        283.806748170244        74.1006716747567        62.9726898098233                       1
        190.841114903003        67.0023626898152        88.3842552851204                       1
        262.258531339108        76.2391855646202        41.9033149312481                       1
        32.3974478984318       -17.2630314208796        29.3441076069185                       1
        385.807425721388        96.7893500813447         141.28367337689                       1
         229.63453362447        90.8421827546724        104.750219339752                       1
        33.7119495322685        99.8612957276187        66.2455224171356                       1
        282.466663611342        38.8874143922367        136.938285432308                       1
        88.4404528820008        49.6357458937391       -12.6060703404068                       1
        213.001916435599        48.9051523263668        55.6318692905527                       1
        249.436976015958         65.776547972802        48.9136554963799                       1
        273.995316975412         56.082990963384        147.677324435753                       1
        197.873824709718         24.005106885275        84.0616233109967                       1
        306.505534988321        95.6730722954504         148.35341754154                       1
        155.465973292262        82.0668500693506        154.428019308467                       1
        108.561152649734         66.912734736306        116.352309618261                       1
        74.7928070556534        85.6785343514232        154.645912987488                       1
         223.04158136966        79.7723601416958        68.5430335002269                       1
        325.492564640728        47.3278658264175        66.2494242627393                       1
        347.965512643693        36.5303634652349        68.6450102645145                       1
        84.7990189162385        16.0185778380032        68.2793243536843                       1
        57.1887223556923        15.4946640374095        34.4021108428478                       1
        226.932603495649        57.1238060386554        183.632529254782                       1
        366.176413051951        58.3126174624972        28.9298567724943                       1
        301.603860363303        77.0649547705409        153.152264051234                       1
        336.037736907523        56.5850123425624        58.0902328081352                       1
        60.6562214047144         56.914848350721        125.558417041075                       1
        70.5046526000697        66.8100032677832       -6.64118707067698                       1
         51.252987371365        82.5785735455003        159.187245099046                       1
        40.2815976929676        70.2260178092408        177.089426091119                       1
        324.887268536496        80.1663773647823        22.1032186702266                       1
        319.712691865181        65.7353959627597        43.8468190177946                       1
        187.554924299128        51.9477712997759        46.3031478668931                       1
        306.593693429912        47.4384833592497        142.395978479049                       1
        244.510122003931        65.4365582363062        190.964134446122                       1
        196.654178871021        55.4268009137461        172.898320886767                       1
         138.62457210831        64.0474118850741        116.473396631874                       1
        120.810296275733        25.4459542204086        137.847730666403                       1
        233.327100253649          64.92304980635        161.493511930213                       1
         27.096295367019        64.0295574091874        53.0288075506192                       1
        104.674158440852        108.897840340762        155.236117556559                       1
        141.849359348491        29.6292510615528        104.902056619066                       1
        151.455125926494        104.453979857358        178.457365460296                       1
        121.314170463924         78.477797004202        124.976641996021                       1
        320.237454576088        40.7130199736992        56.5963518355696                       1
        99.7686750924376        28.0191639412899        154.073867326355                       1
         375.71194434166        97.9029311252557        124.778442605233                       1
        341.414967344276        62.1356205514294        142.164961427579                       1
        245.137612120203        70.0630692053892        86.5052630657862                       1
          259.8409834005        19.6246574076139        99.7090302363948                       1
        230.034176391277        64.3108208622489        33.8630343207681                       1
        225.816121224494        58.7036546670855        213.492811748938                       1
        221.802441866494         42.387308106405        50.8372590902478                       1
        39.1302119341696        106.638936154567        96.7673721377981                       1
        107.280192818542        88.9097115066129        127.648579282673                       1
        68.7752032636808        94.6208668786422        79.4947013321802                       1
        363.209682008072        35.2981649558418        112.102492685657                       1
        315.906630861916        104.720489694663        18.3356642108867                       1
         216.29963497587        57.4602840861188        37.5142114181886                       1
        198.675799838511        64.1650726943505        195.178199248711                       1
        59.7097624860219         108.90421560756         42.919016194669                       1
        54.5853936146319        99.0110325918763        87.5052988029395                       1
        313.008143711109        25.7957869515696        131.163884056169                       1
         38.047624982043        57.4924003060754        106.785427553544                       1
        168.405923870499        71.5486446070204        147.493663866013                       1
        70.6628612125958        37.5931784033116        128.580083025283                       1
        63.0645587934712        58.4943200853597        150.450931678335                       1
        264.252522180968        81.9813688071466        70.6490716514902                       1
        27.7440888641321        42.5193963598957        11.7182060848142                       1
        200.246588940654        65.7463866385779        75.4641515410018                       1
        88.5415705166199        89.9357933707487        79.5965444382522                       1
        47.3695041857333        114.397437807696        89.0236062123229                       1
        198.080890646508        67.2605391602669        43.9264855311441                       1
        230.406018874825        55.1243736714462        128.376410077979                       1
        251.969186633479        59.9957227092974        144.239771480625                       1
        218.658808106142          90.04681892653         38.769207422277                       1
        118.534939672198        76.1500674214825        44.0774820235214                       1
        190.061680740542        64.4875551846607        71.9133226238072                       1
        269.581353507294        45.5002890364269        177.924061930786                       1
        123.429724552074        49.3057251749823        108.064121141944                       1
        343.985443587423        18.0029768379889        32.5932096608741                       1
         43.751891340047        109.707073087435       -7.90443163331334                       1
        43.5937409962741        55.6260087696261        174.407421902273                       1
        250.936227626063        59.0328901877106        203.583408991342                       1
        224.577440826063        38.1887326328228        129.460354318593                       1
         152.32097065833        28.1991781145235        60.4953359470172                       1
        38.4462378830115        86.7406465848536        113.309014467741                       1
        304.083748521909        4.67696147816586        148.365287899928                       1
        69.4566279561909        84.2965711121697        165.600524936608                       1
         35.312444480554        45.1103308569982        29.6936707010842                       1
        177.782811812729        53.4228094036299        86.3404581379443                       1
        112.669709462956        38.8955375758093        139.367136428425                       1
        217.382165420867        13.4391320172757        177.279018040622                       1
         233.73294027487        83.8751372008124        87.6916159265943                       1
        120.792100939967        116.068645310987        179.179607978259                       1
        238.531479967137        63.5925474964097        27.7194013780277                       1
        231.636310129437        63.3436555314046        50.4403741097381                       1
        289.570313367604        50.6768263303523        192.473454022973                       1
        47.1872247536009        97.8071794542079         118.51458635242                       1
         213.00683810097        69.2658465089487        55.9745456493657                       1
        235.733355017041        75.2129115719667        169.659400687823                       1
        29.8415514326833         96.250866371953        120.000169384291                       1
        290.343554599934        56.2939722257755        124.287108288808                       1
        146.735729587122        74.5135823772849        68.0705141099471                       1
        62.7285259419114        104.663086875384        117.036754311995                       1
        281.585346254051        19.1160692836138        154.763292891826                       1
        273.792610879277        56.5840472835294        184.598789481517                       1
        282.852076718421        64.1384696627559        108.530366771873                       1
        286.390931522203        39.9233475642673        34.6060539710677                       1
        218.470647269273        46.6983742637812        195.494126798941                       1
        110.206519583136        11.7848549589807        92.9320529741862                       1
        271.464281622619        74.4465241254618         47.131125493949                       1
        217.380197610537        61.5269247711926        22.8333805138373                       1
        170.572436294656        68.9793544046612        88.8874352989198                       1
         297.72198661082        77.8199215181695        55.6598446598579                       1
        86.2557259228059        49.0037246794106        136.991099103312                       1
        243.416746190099        102.164504103266        37.8048357473034                       1
        227.720251610273        62.5007426958052        85.4129370117679                       1
        100.287337079873        75.9964366295029         101.71466044532                       1
        269.992362949766        63.3019160399963        132.388372369929                       1
          125.8887283101          90.96527529649        100.974365076008                       1
        225.182181871096        34.8820170343429        144.177429020766                       1
        120.281304568041        70.8903860173152        109.960901305035                       1
        246.507987646201         54.991227872855        65.1730322431627                       1
        28.3023257063794        127.182122509268        119.721814462019                       1
        55.1286959878518        75.9238279588702        93.9466046112633                       1
        227.043030076898        73.5286099845774        53.4653036918336                       1
        234.698076276726         1.1398420013359        62.5682219277411                       1
        258.526358406622        79.6752494491056        123.434218254764                       1
        154.018677616979        85.6552349377261        63.2316626306463                       1
        81.7976814332156        31.4767416365404        72.2917171875346                       1
        329.521046255279        29.2467110593787        160.885061152587                       1
        14.4902059430414        72.0146494346964         47.422232481121                       1
        243.948026966255        65.1260798477446        43.8679717910097                       1
        68.5480269755714        99.0429241094889           108.691616072                       1
        252.905422014689        67.8070942285363        64.7197989358174                       1
        281.131841485283        70.0198789841335         146.03926200959                       1
        182.351477078072        75.9704782879435        61.6009918809527                       1
        222.103675162645        64.9880475101789        59.9917712684693                       1
        322.744886850663        24.8629525015015        50.1795166103075                       1
        300.269641832326        70.6995853564965        108.109317222082                       1
        141.356939187133       -3.22499969926519        105.016191681488                       1
        137.086226897806          21.44090739046         53.658933257731                       1
        160.569767262825        100.319102224397        51.4232999588685                       1
        216.372954731071        73.6184806238069        40.1885245218974                       1
        204.168443993042        77.9783144723703         75.362483711991                       1
        175.614578246636        60.3818327905785        27.8218810531387                       1
        132.944904230015        100.136382652908        143.722473383696                       1
        300.076393081778        54.2077005354522        87.0159772661538                       1
        240.589936494216        45.1605070925667        25.7409826875644                       1
        262.820406618058        51.1165517265025        160.677448846659                       1
        56.6347323907699        39.9757277914641         106.27494941207                       1
        206.356338053414        51.6436625481792        28.1884137836989                       1
