TEXTURE AT STRAIN


B  200
        152.413383810398        21.0410234757939        58.5478553183585                       1
        358.433085657706        50.7396991321483        63.1574436577872                       1
        388.187980537571        92.4213426228352        56.4631390602422                       1
        125.742527310945        117.290194298117        122.298044950575                       1
        381.614679509198        55.3818404442603       -75.4928578637802                       1
        25.0224122089274        133.587627598087       -29.2888403881022                       1
        320.141264577227         98.383818582911        130.643812719513                       1
        51.3172935090524        119.523763830298        214.293590187092                       1
        206.469353105862       -70.6193678159374        106.333789919117                       1
        149.918284968037        92.7272660229859        70.5170766094921                       1
        211.600247332584        60.4481766239025        148.580815112509                       1
        253.886401629806        11.8129532963137        55.3069038205379                       1
        134.200307454186        101.233063783023        76.3723909177029                       1
        247.732753922273       -62.6999846871528        151.417293741548                       1
        316.047981067296        86.5924765431713        91.7279207444868                       1
        117.520065216465        88.7233206409457        76.2937736776315                       1
        209.487227572991         72.113806026839         79.691715298238                       1
        14.3617946967479        87.5542650775904        36.9015303734448                       1
        80.1103544548151         85.840449333083        27.5355467878318                       1
        35.8897035513275        63.6036640648573        93.2340750846944                       1
        194.117494915382        23.7490845378352        211.812935814808                       1
        150.596981003532        62.0646937389117        138.050268026684                       1
        230.976386995401       -41.3340183238805        11.8554808193042                       1
        348.309216683083        106.838883597037        42.4797437783074                       1
        337.878049354642        46.7329291457198        62.7550534281408                       1
        60.0727209831898        56.5737160198691        86.1494539814946                       1
        345.753586616956        49.9526166429814        34.7922827740559                       1
        45.6025631467534        56.2823296363433        12.2439938359473                       1
        162.303659312906         53.347672636467        38.3034312748068                       1
        360.624705252263        103.272609388739        87.3408079457815                       1
        345.007772100131        84.2654922943696        22.7967130454771                       1
        27.4528005911789        47.9432066393133       -97.8881114156499                       1
         360.72157737479        52.9249432946401        124.094331292183                       1
        64.9004678179364        98.9703263540855         160.97956570396                       1
        57.2615234150749        67.3699417516953        77.9360232993578                       1
        336.954233200662         87.069933247674        54.0666231259232                       1
        356.112373042477        99.8383174484033        142.686797450672                       1
        370.997341619994        35.2705505449119       -57.4390435944595                       1
        197.402186928586        58.7159607009945        115.393554211495                       1
        369.280031140793        136.827166382692        105.953549586062                       1
        141.772630307009        71.9728369406463        62.9807038308029                       1
        160.851046160035        116.619163767799        233.823948863933                       1
        83.6775041366354        62.0417960004768        176.702472046448                       1
        211.750160711727       -37.0978511938587       -95.9746119828896                       1
        187.667532034871        62.3012106110413        201.543040514715                       1
        146.566544490688        124.088406343948        124.888637054276                       1
        312.836507291798        93.7585578341018        117.828156216055                       1
        335.781196281399        102.780439575864        35.1285406534414                       1
        337.927523601291         65.975841320442        52.7062190741547                       1
         421.50933031945        83.5692467768852        168.911422888285                       1
        372.678358652143        75.0000875348621        98.6936806024809                       1
        319.613857205469        100.563331231517        63.0055615436492                       1
        364.174607084783        109.085209547637        28.9073033699126                       1
        368.763761610417        108.430648513824        44.6175064466461                       1
        311.372278875522        49.9666575032623        35.5044617220019                       1
        383.521631872823        49.6271607085311       -58.5305993901454                       1
         70.222684382104        54.3407861352736        58.7848282441951                       1
        151.223193858952        77.9209248706229        144.015806662357                       1
        144.570768350012        95.8193441606187        130.602582174009                       1
        375.070860856614        38.8514611869248       -70.8126217200487                       1
        367.283990696528        92.5526370290656        48.1415693637835                       1
        155.454394951533        45.5884236652063        59.0517249612106                       1
        181.005482447341        65.0930304592663        107.724588137489                       1
        155.788739772586        40.1892565219233         161.55049773771                       1
        72.1885447172583        73.4421167349489        190.899998112909                       1
         16.896778702389        120.025206758706       -41.9398685477959                       1
        397.160855435918        108.736563284786         72.517981271196                       1
         186.03377886233        48.2171830976751         55.883601816346                       1
        48.6099851364318        65.2899278935241        95.3351814141392                       1
        139.054384173786        110.866582914771        132.375606773385                       1
       -23.4223157338832        106.249868158458       -6.56811431193289                       1
        168.870842538448        61.0764195752424        252.504921808367                       1
        227.273196014925       -46.7517582333931        83.9411565710764                       1
        142.034778852494         99.038440332678        50.7895255259949                       1
        117.654542539026         50.322032418081          79.54582834735                       1
        196.542901391833       -48.6255660952343        26.5556648897479                       1
        78.5061958422745        28.1625628251151        133.629076039538                       1
         126.23757399957        82.1756684129819        81.9586130062284                       1
        180.538166775937        43.8048089342592        223.186603691051                       1
        164.861549356189        78.0359283307591        69.2007796322968                       1
        186.509423102636        -57.859479199595        114.258905790625                       1
        343.884528776626        124.563849515661        50.3232839098415                       1
        357.380591231417        97.7075952516381        123.231081311173                       1
        5.44504522766719        117.550273482107        16.9210412560247                       1
        20.2655017514506        119.535590075235        99.5124383066458                       1
        156.210726013425        73.0287810009017         128.36216551621                       1
        318.624172701925        47.6199696139226        73.6302071799861                       1
        165.082048921906        61.6772220084946        150.846925667004                       1
        212.978883474994       -54.1684184326977       -14.8656282895997                       1
        149.448910157411        81.3368290394901        82.4632146373264                       1
        147.836475544557        65.5861300028939        166.027044375076                       1
        164.786779456673        35.2843186683292        170.161408933611                       1
         134.44369988746        47.1266683565008        172.226004903215                       1
        153.328590737575        55.5308032182776        174.029419609585                       1
        95.8648987596961        98.4532386813232        44.3174804921967                       1
        356.398147018325        92.4890895250623        37.4931403585135                       1
        292.482821295768        74.9099762172131        122.262364483491                       1
        120.873272199863        105.314066834642        18.0663714837471                       1
        94.2326826564706        75.1126471800033        237.066139582077                       1
        73.7610834225529        51.2868985783964        170.222037612924                       1
        332.889574635993        99.3263661115723        24.6683112389328                       1
        329.543755542478        82.1483976884398        65.0659092875116                       1
        105.112440136302        62.9987212456639          76.61062561514                       1
         357.49555205691        35.4358432691434       -116.411508759499                       1
        117.446259630371        74.6419805215678        140.502194232819                       1
        133.159406280966         60.452933699049         74.224755278913                       1
        37.1023546971529        78.2191501582317        91.9007230936834                       1
        136.845364513299        25.4355840123975        181.868471980382                       1
        366.781722906839        53.5729409172658        101.402011664857                       1
        20.7023642551473        115.786387283863         45.669150670419                       1
          387.6947438874        65.0386411198073        3.97853176128233                       1
        393.870642378303        49.3903840584726       -74.8518261692588                       1
        415.581668063265        42.5767912237573         -124.0370854187                       1
        317.777406425672        68.4830539911013       -64.5245162623522                       1
         227.35769490259       -56.6229314445685        77.6892811431456                       1
        178.285973697522        49.9807293465987        164.482985435504                       1
        287.469514513352        93.7514441664798          -65.1702577555                       1
        334.399641092943        86.4189380742851        82.5182602436262                       1
        378.995799363329        61.8526538327082        125.099052142712                       1
         174.14495789791        69.6828155880561        113.671837001002                       1
        171.001848733556        66.2787303840648        158.091850136225                       1
        127.049968790114         67.029534179208        123.098907313961                       1
        106.983058093657        24.5808771118436        88.2398027568735                       1
        152.020066782943        44.9795623221634        79.2806894204543                       1
        330.008117018444        23.6660294440655        77.5068335971008                       1
        35.7010201150287        125.735760542502        85.7948936151323                       1
        328.274384223266        72.8423686743118        96.0398688573459                       1
       -7.05448465054027        111.165420916486        48.4581513229251                       1
        148.363708636648        58.7345445793202        150.999536162528                       1
        328.484708660929        85.6905397964295       -7.79989346121098                       1
        137.635191129709        44.3895235032086        190.069644096478                       1
        402.587386436524        34.4594594230982       -74.6631983785706                       1
        187.000768614745        45.7242265244323        131.266240734111                       1
        90.4648390763779        58.3710918250062        223.996344038833                       1
        3.96674137568231        124.890498953532        37.1797534387357                       1
        315.968173615972        68.0924373199181       -13.0698667169064                       1
        370.738189562531        100.689687670679        109.643748762667                       1
        7.40244491370978        105.795885252603         36.138923032216                       1
        160.946114531923        61.8063073814997        69.5201565932218                       1
        89.0872332760952        73.6013512773476        189.856445137984                       1
        119.627088179656        36.5563813815484        123.655000042112                       1
        138.819069089638        40.9445404150614        143.447415012981                       1
        195.816219328325        67.4875602043561        99.4649650217381                       1
        123.423944461833         99.511636426448        131.410969674105                       1
        158.591123864384        47.6982362515801        88.1552939731299                       1
        179.760051557058        68.5211430484769        130.543852426924                       1
        179.266673170171        25.3932166585542        133.993760097884                       1
        147.275006984974        87.3967637579615        164.992875191961                       1
        182.257505254701       -66.6813777410553        122.798680827572                       1
        327.268407894755        39.6191653301347        77.3668131137972                       1
        101.999665352212         84.491880380933        176.237292667196                       1
        137.806154201755        9.82153814154643        162.494920240642                       1
        134.618326441131        56.3875897860924         56.412668311208                       1
        151.517860625247        59.8446905910249        153.513872101263                       1
        174.566669346976        53.6423735161369        132.880228502665                       1
        47.4258692843961        68.4591761576652       -4.47564469772691                       1
        318.819603280951        120.281374046235        2.12397221167832                       1
        123.239040467258        88.6624228930497        96.6972204851733                       1
        339.961821507128        64.9595649897176        29.9476211222055                       1
        131.448336953564         29.937694231666        101.559883485962                       1
        16.6476890998681        103.000605176505        63.1556223650005                       1
        138.846504864106        76.3305851369927        81.7890512217431                       1
         351.97779341902         40.334431266873        37.3447513662583                       1
        85.6891945902543         40.870891215061        112.170772295525                       1
        333.434269702366        119.844322741072        64.9445121151361                       1
        300.296322558899        56.3997865806718        79.9433654966476                       1
         320.05431494542        98.1713030718673        109.938364376557                       1
        99.8605214556457        45.5791828181575        161.806908303814                       1
        171.747688447704        85.1780086672578        75.3053440312441                       1
         166.17227966273        40.7504010262688        156.748962712913                       1
        172.220057394106        103.019459702732        245.200975342591                       1
        25.9240383928548        104.515653884273        37.5303158424496                       1
        342.599440285364        104.328723271384          26.14529256324                       1
        353.030853995184        119.271545092879        133.629789460842                       1
        340.669343121762        98.7252696996639        119.292294696877                       1
        346.278770260763        89.8284244119514        50.6436502820153                       1
        162.715499764625        34.1653437154591        135.914236443855                       1
        166.145528892468        81.6834480820542        178.475356530605                       1
        164.273176674825        67.0031947420708        89.2362203741442                       1
        339.736628025284        80.3252113713749        32.9654520574653                       1
        299.409217464366        35.1856316992167        93.5063404096206                       1
        324.126468478322        64.4987770149633       -31.5952951788748                       1
        312.930592873235        85.9962460046529        34.4644655954541                       1
        385.209065013834        43.2796759740318        44.5729876844145                       1
        144.474627327844        65.7174180138589        129.926876169028                       1
        177.529658029264        56.8811955576214        144.883084767863                       1
        134.809170511075        78.9577337297135        136.201464157403                       1
        263.780695928902        89.3262236649936        24.1815217076007                       1
        72.7097622919719        68.9903240669413        67.1248377243874                       1
         62.714766792148        45.6226233999487        319.118386260611                       1
        221.895886161892       -55.8686608823173        113.446050025821                       1
         161.85915952804        74.0928224923983        169.763948834192                       1
        332.470202144796         106.55290176658        12.0325364137418                       1
        167.287748339926        56.4891267222161        167.637534266307                       1
        384.945507485007        65.2384104206803         86.131362949063                       1
        380.959440838728        98.6764547218667         132.68882638844                       1
        299.988162929994        108.717085949028        115.342363562222                       1
        310.292133846133        83.2400651881093        69.0114989750575                       1
        136.022434112227        69.7060200373684        155.349575213369                       1
        225.851898247229        75.9228850666914        158.422202476813                       1
