TEXTURE AT STRAIN


B  800
        172.426830202067        73.9155462132004        145.576233795717                       1
        177.303565289859        29.4283327910422        167.828220435892                       1
        341.833281374036         60.092291786898        37.2754079372523                       1
        230.673588679788        57.3487914858528        105.545840323315                       1
        62.1530580382342        81.6645207755286        88.5616758131558                       1
         185.68832578679        25.5585979460627        107.459750174509                       1
        20.5468549834947        35.3401250611419        124.807739461047                       1
        164.390285937879        46.1608965844116        87.1951552976487                       1
        228.799306472061        86.6948890607741        172.596721173738                       1
        238.001567172676        19.4385416356064        75.6891991228198                       1
        72.6727720921142         63.347923606014        99.0129067233772                       1
        280.531085823662         76.779025165097        138.265365520596                       1
        59.4689939010436        47.1679821007078        66.6255154353853                       1
        139.762162181484        59.8869467146049        77.1137659734896                       1
        347.789323746846        87.3956157133413        40.8858752689715                       1
         321.72785406777        71.3504910310849        146.069776490178                       1
         179.75099823942        43.2436409279481        1.22744352836666                       1
        323.901003986168        73.3874682758973       -12.3937984890701                       1
        290.275108043351        53.4771653874268        46.0548193207955                       1
         149.45713151953        58.6756468888857         133.03504752894                       1
        265.866841967506        48.0658112934047        72.5939002494643                       1
        32.6357294000948        29.2826199307924        19.1418287504074                       1
         23.994251888612        65.2723413913006        32.2872137391198                       1
        68.2178080238314        57.0031653870561        64.4701657560888                       1
       -2.00473512256155        47.0021750987968        172.584169635084                       1
        342.881018698987        79.0762920652356        2.90006702635839                       1
        181.830331584896        60.8163353600577        34.7855076401262                       1
        170.626364272632        79.4048827608433        74.4445254058032                       1
        97.2189005206734        90.8231448845478        108.913415773423                       1
        113.156309598215         82.856036960922        68.6292245990165                       1
        125.231614394805        54.4936097497106        51.8489814280662                       1
        99.5727433538713        59.2476344702958        76.0169792640367                       1
        224.424713843745        52.1421758769768        162.430229471871                       1
        185.463958285027        61.2062660946426        75.7667768574695                       1
        196.127142583257        27.3058870211366        133.049176758519                       1
        88.3225310970585        46.8970344812636        57.4180449045203                       1
        164.330244600994        61.9535029238258        39.4316578426351                       1
         174.60330435012        18.3647975155568        157.921933107109                       1
        124.434646873281        33.9182099322706        28.1764340729044                       1
        43.9291122958633        69.5063840181531        70.5802159049262                       1
        350.471610775433        94.1784777942333        86.7223614386311                       1
        170.756272519871        53.8959810485641       -3.83775665353619                       1
        149.611912992267        96.5103433793382        106.088686016171                       1
        111.255959650547        84.6298652941853       -2.10769148479809                       1
        291.598910736748        47.0148069735718        57.2756039185475                       1
        219.649744223328        27.4351036201632        160.283876149799                       1
        21.5926444641949        78.6589168054983        1.05687718738864                       1
        187.278534455812        60.7256691293158      -0.247275763856666                       1
         46.258843538823        41.7553347513419        34.3497879103966                       1
        256.215154215796        34.1969784973309        122.489817439753                       1
        337.180810383729        84.9836785404892        46.5461472783024                       1
        77.4624787102488        32.5087922224562        137.965144395905                       1
        238.824124813152        43.5404677084393        135.749758080916                       1
        232.258548066035        40.9610467146579        101.085826826038                       1
        203.572149017759        89.6482276350224        7.98592924224164                       1
         339.60713351893        49.8634131523312        131.324775116652                       1
        297.941903029475        38.6808940865055        128.621277018527                       1
         103.82585487995        84.0960200626048        52.6555536822262                       1
        287.453206182774        65.1793652106752        139.980824005509                       1
        219.827394439036         105.71359417923         93.316522822907                       1
        310.015639132719        60.9302538705228        133.032957675364                       1
         35.644602671186        33.6520095286886        109.277818797142                       1
        111.384721957358        23.9172564323845        35.4900628334353                       1
         203.33907191062        69.1983222287566        182.459488172916                       1
        177.053385647279        44.2831235180426        36.4033933610373                       1
        328.410045360441       -10.8820253518685        6.13080731006348                       1
        249.344919719597         87.920669602056        115.004693509478                       1
        251.115736992274         43.160425999708        189.299234648033                       1
        298.899267929092        75.4790117660483        112.000313485448                       1
        25.0635687555199        80.5120741768946        23.3720335212519                       1
        184.448425111698        64.4065178180367        139.049897221732                       1
        347.141495587543        83.0151224495127        17.5582156524507                       1
        353.738752245648        93.5856840971041        67.2723184969235                       1
        159.566176157253        55.4236538341095        70.7753955185494                       1
        -2.9481178833745        86.6821125022174        116.170497609359                       1
        295.192001126206        86.4135828394374        149.570751628123                       1
         274.39080042351        48.5025627810367         68.776579569249                       1
        121.234347455936        56.7225278653948         66.973263648805                       1
        139.041287525369        20.8428495743334        168.777278554492                       1
        131.159392982402         17.840994765774        70.6809079880055                       1
        130.907269665453        50.1146384209936        44.8035179983046                       1
        316.032305716678        53.0663061079954        79.1932103565436                       1
        170.923872873551        28.5596102317669        19.0527173934663                       1
        185.393308155542        37.3000752516391        176.982371552824                       1
         162.09289005439        71.9056434966705        20.8252322569913                       1
        153.778713763478        78.9087604045039         115.86668313735                       1
        33.5361541457945        76.4739942851072       -4.28726823023416                       1
        252.109399626669          53.77664297175         50.580161901645                       1
        24.2236458924767        96.2065575003562         86.791380219402                       1
        71.4969818557753        62.3570690115404        174.438361502086                       1
        179.980107690833        64.7540286303162        117.238400199852                       1
         1.8843071290912        77.7571696763773        112.898329363379                       1
        100.513237738335        59.1118863001776        57.9012571987531                       1
        283.996524484665        59.6518840173116        83.3259489366419                       1
        36.2151352559638        97.5569127924153        104.008794802189                       1
        274.610601424815        52.9046300666678        9.25639832342002                       1
        52.6058169649325        60.7722611778155        116.520766193636                       1
        268.665901167036        95.1419696056398        131.204256934047                       1
        50.7268416706867        48.0017165364437         85.766743790026                       1
        283.895721172939        68.8389315731833        24.8651098476479                       1
        141.026206686706        63.1518482617082          105.9985785094                       1
          34.77272343373         75.710152131542        88.9646431877911                       1
        177.149218259074        87.1482147833662        36.6565457715035                       1
        166.878468700352        37.0730926535181        8.48002192204351                       1
         265.55596563033        42.9104296047216        22.9332437637004                       1
        36.3927418826404        70.0787419164319        47.4227234501906                       1
        225.927119175962        27.7298125102165        109.319464976405                       1
        202.918575539968         107.59131629169        70.0591952341356                       1
        343.988902394036        70.4040454064105        25.4210907587084                       1
        213.302676967262        51.7082323041586        160.880655102117                       1
        197.768293799712        30.9235626496409        108.902063747916                       1
        271.451851053319        32.5385769625927        18.5385405034358                       1
        55.7651785291214        78.5841508899665        112.702964799299                       1
        122.641512789167        41.3675081989645        83.2277933609042                       1
        247.057392391614        47.7092582236977        73.0695514529768                       1
        361.709003826384        88.6542720079956        19.0032409867016                       1
        122.582786241227        50.8164385539325        122.799888458653                       1
        152.605886752708        41.0335206069154        61.4207654190442                       1
         164.48197131286        36.7544219674186        22.8423806612957                       1
         156.21920578236        87.8743606976704        167.628512059536                       1
        38.3132656974708        75.4525717589788        150.420812256673                       1
        362.351841370443        98.5926618518127        96.3902452689701                       1
        275.991489201745        43.4345909836018        36.8263859288722                       1
        270.113468814399        53.2798254563642        161.858469160924                       1
        237.357573304441        89.9581563616608        121.028807744946                       1
        307.320916659964        110.101033580578        26.3062054489315                       1
           93.2995148628        76.0109316067142        170.808315669339                       1
        13.9111818100925        46.8017606160441        173.017598390805                       1
        50.4447698976602        63.0613817355602        109.674073372763                       1
        35.4807068538026        75.0124285906129        21.9033545003106                       1
        31.7679658481266        21.9511114162837        150.122476610076                       1
        235.609439605952        48.4778021837709        74.1775106853844                       1
        250.777700754312        82.7976392634957        134.863169979687                       1
        70.0784863765173          21.96259021377         137.21858711854                       1
        242.580262738735        76.1661858555799        135.346696382223                       1
        213.650965426586        39.4399847191605        126.612504588481                       1
        290.899315174417        37.4568369442629        56.9442530561927                       1
        120.351249078673        57.4775119694885        90.7249692092546                       1
        252.416934126206        76.7402228747036         149.39089765689                       1
         309.03968139012        47.7683350773666        138.415594155716                       1
        281.009224736875        16.1601137684455        149.904471716528                       1
        158.761395353554        33.7098097384862        147.038581932795                       1
        322.533998110488        44.4520187433515         92.631336228782                       1
        171.792308995206        39.3345239281821        160.719774292803                       1
        143.032598831712         79.280973987301         125.03656409609                       1
        309.388871382884        67.5416461542785        101.703894453235                       1
        191.150925220651       -9.57721085826481        50.5657350800758                       1
        343.350880032656        57.9955272312414        50.4360744130787                       1
         86.635396802373        102.310399242983         198.21898228747                       1
        248.220866735183        53.6925593241933        81.4643834415456                       1
        49.1910624144226        79.8816346308684        86.4493733760291                       1
        18.3331374354805        103.543603444137        107.754508893183                       1
         287.04054280276        67.2595892292616        56.8508783742117                       1
        135.525522056546        57.1042416083962        52.8032954137811                       1
        58.4054940046349       0.448828362029269        62.1110870694754                       1
         104.99251753915        72.9731441706768        45.8605344716351                       1
        264.334392685441        20.2843058117256        106.793839225111                       1
        32.7480975141045        37.1813992452358        6.29488226918782                       1
        311.878518856572         53.055964831538        59.5948355497363                       1
        327.525107595701        73.8717803986863        174.447943433243                       1
        182.918505081556        71.2696262674169       -19.2393952283636                       1
         6.0454881343795        58.0329407357083        14.2788724451597                       1
        124.578653784306        42.6676434033883        40.4204282979381                       1
         220.20328164447        40.1270537793622        59.5153534670582                       1
        181.591814582952        50.6856929518847       -12.7351974977448                       1
        14.9134571884698        77.9883798683496        15.8838217369875                       1
        180.983521792138        27.6427491393041        66.6201057370622                       1
        40.4971219890471        58.1864772652163        195.932273521103                       1
         310.75496230889         56.724901141006        136.343355128795                       1
        139.227927893298          56.89905119033        66.4584466818365                       1
        212.679380151711        78.4672784575277        125.860013273661                       1
        153.377749462375        76.7804054150965        95.0825514063958                       1
        196.751644581386        57.8398446089044        144.088295236156                       1
        334.991962972509        106.862190548078        100.610379630353                       1
        126.051862936848        80.7263834083429         48.469802951218                       1
         271.55490077412        88.4362460793317        143.766732775195                       1
        76.2100603527764        51.1863003141292       -8.46707899747451                       1
        80.0084430451483         29.978793589488        84.5079200103613                       1
        144.920378944555        43.8046785536691        26.7202121575654                       1
        312.925945778623        81.4481329464632        178.689134239657                       1
        85.6532620389342        63.3705430126801        49.6488040889527                       1
        296.450699178395        49.3054190044955        35.9834962280213                       1
        240.529368344794         73.115802690466        37.5241181901811                       1
        57.2952291104926        41.9049399343029        88.8405669910497                       1
        107.122470546484        54.1425243155521        56.9888816804458                       1
        99.7447958645738        38.4766031430498        165.463186195695                       1
        266.553995689842        75.4601643953372        48.6964300043991                       1
        234.457850824147        50.5824029189455        62.8180768136611                       1
        288.429879811811        42.7842379743626        149.852661600928                       1
        162.059684663817        60.6383065019394        18.9835731197296                       1
        136.136639314299         48.455361420414        16.3688749168862                       1
        188.791296595635        60.5753755987194       0.557133439659568                       1
        40.7852836243326        58.9377413209883        88.0650831176506                       1
        168.175150581492        76.9221292269375        102.332903589882                       1
        276.025244951569           10.7672073761        27.1944787983531                       1
        222.035254002049       -13.8634257343767         65.796308694056                       1
        255.523196868365       -12.7434024147063        113.729480199349                       1
        49.0522612608967        17.3049629765012        85.0068664032068                       1
        181.054206416484        17.0509027592768        150.035846789869                       1
        137.505213237362        21.9648507196436        98.2871627703204                       1
        164.177725522506        80.0579980760091         161.74652269414                       1
        277.627685690389        24.0933662398515        26.1244999066504                       1
        89.0475499744396         66.338001363666        144.945663006893                       1
        12.5578862349867         44.201268760875        130.757830603797                       1
        286.017779196292         30.285400735607        95.5376629283764                       1
        28.7813377122033        76.2948102331394        196.728207229258                       1
         209.50840281477        63.1718859484824        100.122866698401                       1
        17.3540364167759         36.547702386934        178.917392660357                       1
        128.693190878903        61.1223458729356        41.0484862591498                       1
        44.4416095334356        72.0506042695921        95.5191892048206                       1
        320.302448092801        69.5579430571917        70.2338395700318                       1
        361.344757811228        24.5501357648734        156.132849988423                       1
        288.413414323637        52.6331009782742        169.388810307547                       1
        203.506825559859        27.0641678480083        162.549716692677                       1
         191.31887957218         63.926856825133        18.4367420995246                       1
        17.1996635281825        81.2297998148431        26.8106535629742                       1
        338.509693483693        22.9772088288591        128.930582193803                       1
        308.070909656884        79.2697959864062        93.6493103791821                       1
         43.582893640657         21.156132290603        98.5830998938006                       1
        280.697309758664        65.0841834951843        110.905796102735                       1
        299.096440013844        68.7018510384953        17.0006056443461                       1
        179.041747832766       -8.10152061835326        137.144575051395                       1
        71.4510046670162        40.9131551527423        97.8886007041319                       1
        93.0237006757833        56.6047744953075        153.089357312065                       1
        294.894085591098        91.7729595926235        101.761469372488                       1
        41.4157111344827        58.4280032033412        184.878073242446                       1
        268.830475466712        56.2414462047473        112.558140801083                       1
         94.612312954759        66.9694025334568        95.2183129715952                       1
        185.040908698901        20.9712102576161        134.222277650766                       1
        187.517071908522        79.8484592534408        18.8484508503116                       1
        149.036493798091        29.1994582780694        18.1349391242824                       1
        362.379943194462        84.6727593103574        128.127830293334                       1
        119.335758898398        40.7231630717616        13.3948542125681                       1
        270.809376803359        33.5917031014919        62.9342264780724                       1
         85.322782455436        56.6232800560703         124.52819066668                       1
        190.635000407675        43.3737721193863        13.0015094456166                       1
        118.834847262732        45.0284301690817        39.2403830697169                       1
         147.34901995303        63.1828648079908        84.8991603863387                       1
        193.898541750908        83.1639231198635         149.40915719027                       1
        213.009686398143        40.7208792483529        65.8654879616029                       1
         150.27548367999        32.0288890818815        175.282892887105                       1
        49.2379298850088        83.6363010293127        65.5853391755346                       1
        299.058314141214        45.7151005943201        90.6879117347538                       1
        135.616129054345        48.4980655688915        177.409429967385                       1
        59.4421654117606        23.7060365133407        153.710264961247                       1
        113.438656616997        55.4920250345398        154.146324183955                       1
        352.652786901311        70.0741803843342        36.9414662224792                       1
        364.778590904026        54.5249382136054        14.4566459238555                       1
         165.51735003883          46.99484887348        28.1232523509634                       1
        345.488796507016        98.8075282044283        115.226380577925                       1
         23.842225909302        33.0340146927964         43.377270621686                       1
        3.56130152661155        62.1867508169893        97.8335614736185                       1
        177.573974883387        76.8715945102834        15.2776095911543                       1
        36.2975767989494        86.5350965875777        74.9065322259445                       1
        330.486380148285         24.631241758293        180.574740324653                       1
        166.267768134898         55.270862889842        161.844468022804                       1
        70.4515707256637        8.20697061326277        141.541910628309                       1
        104.571601953608        76.7221789229791        153.580579649086                       1
        42.3070985551685        31.5992375677676        101.718939406056                       1
        298.025838005431        58.1415659943393        40.1815985607318                       1
        2.08849896840121        73.6310393674143        125.742343004613                       1
        306.193672658635        78.6366001605334        110.291950672693                       1
        321.786928239022        55.3235574859642        90.0832184868886                       1
        211.666714988751        29.6979819540243        131.499852284764                       1
         322.72834338638        26.9464040702282        80.1397209193142                       1
        125.697229662342        42.7969972193694        73.8939997128035                       1
        9.01690108949969        14.8903812300484        111.462796926346                       1
        182.525354335603        14.8494662545081        160.457901177326                       1
        215.560600560357        26.5473444881467        108.543710764442                       1
        103.412812485261        29.6952812588089        185.459441709135                       1
        320.759773441169        86.2015625759309        156.548408784062                       1
        156.362472054385        69.8880185131272        57.1439053396384                       1
        194.403571559963         69.747327637547        107.134751348723                       1
        222.293914147642        57.0912340147175        66.6625014159048                       1
        177.602608595342        46.3562143026791        98.8967838551282                       1
        348.868742348547        18.7002543673384        160.006940282421                       1
         53.920959497917        81.7199799121728        81.2571823605748                       1
        166.876316912212        102.913134466269        50.5559672252738                       1
        164.906879646445        46.6614281914872        41.1933543136983                       1
        27.5240932682085        50.1763198195284        43.6279297343448                       1
        53.5887047762077        77.3742337135912        76.0658276111597                       1
        98.3093026222056        27.7983592130844        91.5953583845633                       1
        271.795557803112        75.3925262057763        129.745383412978                       1
        99.0698048798824        102.003572235859        107.491750446157                       1
        268.136627693863        101.494078884513        50.2601184058018                       1
        249.903466226074        7.98068390877051        79.3689032901757                       1
        42.3576996326151        33.7056350961575        129.415784435278                       1
        174.353222059215        71.7911132906437        74.6719966873507                       1
        67.5835379532466        41.1261597813322        46.0218953257007                       1
        92.7525061728303        77.4581774375828          133.8808357976                       1
        174.618142259403        61.7253821159194        84.5184940486055                       1
        149.240661249996        50.4180008222838        70.0760458580903                       1
        113.049500338921        39.4706575496543        57.2927876991794                       1
        188.335341401301        63.6122230211062        127.832250860053                       1
        23.4493613030536        72.8787637303086        89.6913168121497                       1
        163.897050350231        79.7158451864219        151.780467015974                       1
        101.087600221876        66.5423933106387        23.4609732471856                       1
        368.070719771377        73.6965528261727        22.8160864270746                       1
        100.472212931857        71.4193790077704        113.179516623309                       1
        115.171357701894        61.3742102063184        109.765237756315                       1
        47.5945616311659        35.6156958224648        173.510473270182                       1
        36.9141816377954        90.1481069715855        95.6399907048244                       1
        237.194513286109        102.952004770265        84.2410962296479                       1
       -11.7905557608031         62.492289075293        12.1297011194323                       1
        300.704563229685        10.6887193589145        79.8423737323165                       1
        92.4451737167904        43.0190095691872        41.9189859734653                       1
        324.026548738288        55.7994025507612        105.642201992905                       1
        88.2040404761993        76.6379243930785        153.803089228582                       1
        331.248283646695        104.572613494979        14.0528932137752                       1
        137.523836131579        70.1380395774365        82.5651168575276                       1
        17.5467115103781        75.0549696203608        103.749250405432                       1
        171.516089378793         9.4548481161095        142.048677306366                       1
        93.5620340041182        2.60112607496608        50.3459267427626                       1
        273.835198568394        46.7378892256476        57.0194851308219                       1
        306.421419340702        91.4857675516407        15.6093728855412                       1
        12.2611048885539        82.8334095207158        81.9492260347004                       1
        294.094984463367        85.2170617142213        13.0710200446222                       1
        151.368687367379        34.9165646411112        160.072736833663                       1
        338.502731650946        77.6360636279393        86.8148437417826                       1
        243.916759475617        55.2452724342236        37.9161868079576                       1
        311.896231388395        76.5218234483624        172.681687009976                       1
        270.037019968138         67.611846640587        87.6840893614702                       1
        361.048590948108        80.3789443271781        132.744022518765                       1
         336.76026226843        65.2850476293096        188.069576464479                       1
        225.021354683674         70.801183798062        82.2848539622502                       1
        303.254520750419        20.8500194795879        11.8556573170582                       1
        23.6402836316372        92.8234049614956        164.454229390733                       1
        110.511335089719        65.0942165002994         181.08081018341                       1
        11.6613399879262        62.6855026721481        111.840513958046                       1
        323.264145486097        66.8362887334136        50.4091153887408                       1
        281.117777242259        36.7217511078936        88.3293919659498                       1
        110.467154405193        41.2902658735858        27.1943887963413                       1
        274.450346988037         98.279348108722         111.65202051296                       1
        83.5173045670072        38.4713323206242        54.4238746793641                       1
        239.034028633463        71.8933261941837        69.9791551611312                       1
        104.705593962989        80.3797510161034        27.6055820868571                       1
        172.718790592428        87.0696653824454         126.63413314086                       1
        254.960032608931        88.6640540585709        99.3657463463173                       1
        93.7369979010149        42.7576504554232        184.302480776578                       1
        116.520043843952        36.8249109323975         106.62268795771                       1
        306.686775378286        70.4196830842754        83.4388168538789                       1
        314.238309035218        105.580164343177        67.4652703166758                       1
        140.227153581242        45.1560254815658        38.4061672643076                       1
        146.528811530721        32.1211207031643        47.0744519033803                       1
        75.1040587817641        22.8914985892025        31.2840131237769                       1
        330.571402814052        84.8277444620435        26.7349577033476                       1
         266.76862045432        52.3849196671833        124.543170119211                       1
        218.391832002869        75.4050536270735        95.1726669924397                       1
        300.791099528568        61.9778926328395        26.0586565058979                       1
        169.939758326737        14.6352313147525        30.7421780124653                       1
         161.66702703778        60.3026845411465        155.145969622744                       1
        33.6874814005632        61.7093880380192        112.432408300647                       1
        244.962941264445        76.2376886043329        96.3491953166449                       1
        16.9846892031409        44.8427835328272        42.5877518263172                       1
        363.625919085154        40.0799548209325        27.2446413306744                       1
        287.102069761567        64.0972028288055        150.347445886048                       1
        22.6753963696079        57.3887108152715        16.0782300905004                       1
        147.510473549569         68.251491489354        15.5583523773679                       1
        35.4398183394142        97.8603123377619        127.555049963758                       1
        120.194247795808         107.51492143602        43.1406154422697                       1
        199.210355921235        81.5990908074826        78.4007205977017                       1
        199.530196776355        59.6222715170163        71.9350524890335                       1
        234.623029199497        67.4913737999023        123.728620726419                       1
        170.814917595538         55.704412633816        119.841000013639                       1
         334.50934906802        42.3770328567265        144.235662341902                       1
        248.450436418364        60.2452195864098        72.1994302581102                       1
        328.564143947119        71.7980971821414        71.3204542180501                       1
         100.37665500589         94.191399908587        134.008884914826                       1
        342.830498382013        84.4194576253338        69.2776992244906                       1
        181.170410545461        82.1040627082044        39.2845382349927                       1
         346.15558896954        79.8922416641705        56.1058560506953                       1
        89.5529351208664         53.085440890357          45.57219922629                       1
        50.0601963641226        32.8036348243044        85.1098415481964                       1
        108.676199624123        88.2061111002133         116.59121407855                       1
        178.105634742162         16.173230560529        119.266016490982                       1
         129.93241816256        37.5195836094995        30.5400877764332                       1
        226.883059056838        63.6143357984664        145.457494450664                       1
        119.797683249645        56.9413496461551        148.579903431321                       1
        135.509992668372        64.3159789299347        59.2137014617609                       1
         209.86698035185        60.2379761812074       -3.36244252713049                       1
         17.572387211881        65.4876887397216        15.3991676840097                       1
         180.82009368772         55.117462484912        158.281180742547                       1
        180.458493082664        20.5361881182365        132.854308321069                       1
        201.781851597317        51.5217043856897         86.015743466291                       1
        28.4741501996822        53.3400276564197        98.6062812475171                       1
        327.062918882567        93.5525363518848         171.61993540119                       1
        94.6299568760344        20.6361799311086        69.0758472497164                       1
        308.487127920508        104.591030709921        163.967263021952                       1
        102.841250395391        42.3625110159493        50.9283799154007                       1
        197.276184915506        55.2966297745747        155.913185574315                       1
        252.805658577411        64.1554506626677        108.607051119264                       1
        117.507539839218        81.0038496482242        110.695915458387                       1
        182.528509273166        69.1275281898593        54.3338158220796                       1
        260.546191651717        88.2999088913116        63.9091062691234                       1
        315.716396847768        80.3689442276659        83.2275805844307                       1
        150.336293350208        36.3136695136014        85.6835376464626                       1
        188.018305104176       -14.4026292011776        45.1322330636094                       1
        99.0722342755633        58.0186204667524        158.130035807032                       1
        127.480298401904        100.709069121891        33.1440416924231                       1
        85.0561487732299        35.7220144291555        40.3546025030607                       1
        11.2767190872268        35.6444574986507        37.0499024952148                       1
        223.162121011467        50.2091111748038        68.8469793844656                       1
        26.7516612845203        46.5391163902968         197.16197726273                       1
        148.628254533149         66.573210327996        118.592333501792                       1
        332.119246649311        60.2666628239707        40.0615656022932                       1
        308.103078732137        87.9576340354352        74.9612953261429                       1
        206.040169693496        44.3055678952123        97.1724595089789                       1
        90.5842677611922        70.3047273264412        33.9415375551613                       1
        92.3561023213884        64.2278882401253        61.1903705858881                       1
         77.959327068539        55.2526803939983        39.6340502378924                       1
        128.566851649511        58.6745842526606          27.40563740635                       1
         286.00930805771        53.3581358559318        143.653533201461                       1
        35.1424012224808        94.5344575648794        161.041501678666                       1
        267.744974198919        45.5015854255116        31.9109071056014                       1
        41.3245520775702        78.1463792688236        109.782444880375                       1
        293.357076369922        90.5844122264598         85.802126923475                       1
         45.527934181078        44.8240987860913        73.1377300244035                       1
        106.419435677201        35.3350133434823        102.184020292908                       1
         218.13430522249        85.4541697587178        85.7297627541251                       1
        173.391948829131        31.7530932048917        148.729460789525                       1
        236.912077881145        60.8531983490055        94.0080406705674                       1
        149.461171714121        65.5798333389552        112.745131382734                       1
        315.526866295966        68.5958101911477        21.9136068835934                       1
        225.123585246893        23.4751223330021        -9.2822871864903                       1
        168.119172607074        50.4145211446395        158.566724959757                       1
        368.859812223297         33.238816763286         16.636984400721                       1
        197.083478805956        46.4808014521508        102.545512278138                       1
         170.04473174676        55.5782440206782        173.632749366173                       1
         7.2157748912866        74.2305198851184       -1.70061239592565                       1
         41.708128518646         88.604993370636        147.767981116038                       1
        300.493896636973        43.5829648985176        102.582944123505                       1
        114.917099085459        68.9652595060089        163.296474828464                       1
        360.109523017805        40.3057255441099        147.560428556323                       1
        101.922396053861         19.290991243195        148.416893500686                       1
        89.1859822247305        92.2469500603815        147.906387057088                       1
        297.319025303353        11.7452628070364       -0.35485407287539                       1
        112.007040992893        44.1942044622639        62.7960360555079                       1
        127.137178006358        82.9229662874142        63.3601127932101                       1
        322.366167803295        61.0895396779391         42.383909276646                       1
        143.611566138635        72.3397832516039        101.929660756322                       1
        162.450345035512        85.6224261094893        95.4538712258826                       1
        253.487955052527        30.9671291673653        116.951651032907                       1
        319.884845731725         81.317648340361        12.4176342661568                       1
        222.714947622043         37.095562658022        85.3300159421811                       1
        310.661971237558        30.6674190940593        145.433631873965                       1
        75.4257890632589        9.19442581844732         81.843606274052                       1
        331.858898610853        75.1325080255066        42.1854342454291                       1
        143.513700819299        47.3092289300095        2.49122279817919                       1
        53.6081122900082        84.2390734553878        159.496202490524                       1
        74.2893028858517        22.3534044608487        152.762664470535                       1
        216.908172348745        34.6523857592329        92.0836574175665                       1
        358.128272390083        45.4284596215499        134.560619048938                       1
        69.5032684469157         30.551984989278        129.814936202427                       1
        315.034634324262        97.7778910932685        21.8781106997068                       1
         279.37482559155         87.006152064364         63.028576890438                       1
        349.276036044843        83.1919508436302        171.664254925748                       1
          162.6071811415        57.3788529977177        81.9907848582317                       1
        76.9806215822967        80.9305985991315        93.4054151221357                       1
        259.430217912021         29.000099559733        74.4567626907262                       1
        258.907625793011        61.7790288975336         18.666476860423                       1
        343.495738677264        22.8521610138492        149.196610536655                       1
        288.408164873519        54.0372976219607        132.085741732087                       1
         275.54183541188        50.7621111055108        43.4954489410328                       1
        327.522698306305        25.2227566108023        158.232705741261                       1
        304.714937026714        25.6052920617574         18.033164771967                       1
        101.319207738205         48.699963750084        144.673162398098                       1
        129.694360411027         70.338920227008        97.1773380087371                       1
        26.5442653043797        56.1797032657198        170.986064972815                       1
        104.865918526508        69.6812168782042        38.2264409255436                       1
        166.276348711947         64.043219741915        59.1660589666849                       1
        231.548859944664        24.7206786522787        104.414552199458                       1
        346.628111863978        104.554096973229        58.0875207669019                       1
        210.578458494808        78.2441350715822        179.813182249793                       1
        82.4410259254117        38.7884990030488         9.4657632966123                       1
        198.845607674687        45.5885744930784        146.706193613507                       1
          32.31605186629        51.5075657170959        30.6098327877655                       1
        158.028324626174        69.5446155064146        148.186099930988                       1
        11.5610401810584        92.7330615646542        6.79335780649853                       1
         67.119954164651        81.0092907080461        106.412657985633                       1
        338.454333874804        106.163421227377        66.8545112734647                       1
         350.84106090653        43.3689042525774        90.7919009250418                       1
        137.717165395321        69.8453973721644        132.655059749849                       1
        100.977422588149        75.9858354293583        167.292587703245                       1
        292.886221993103        37.2602171042533        15.7581539269211                       1
        336.726916404132        48.5627293628686        86.8828596805696                       1
        211.192270150849        44.3764671445336        110.077914673371                       1
        115.038549333535        68.7913633243795        90.9831263381192                       1
        319.163885946849        87.7000792958555        34.7979977849168                       1
        337.630233456668        65.9334739961938         118.71627624186                       1
         212.33459240236        86.1639769534602        101.734618633782                       1
        290.819071611778        78.1988219375597        118.236402307867                       1
        79.1859188535994          52.21174281003        64.2979182325767                       1
        231.526290004034        77.4073125936078        130.910068967234                       1
        318.143607627126       -7.95958062612074        89.9116032734774                       1
        264.208371140957        61.1761355736053      -0.769407200603551                       1
        250.942088474332         39.339785935686        22.0623034731811                       1
        28.2946057764901        49.1991289445263        114.204957703351                       1
         141.55760409508        32.2097128592056        28.5620723241452                       1
        334.301116785353        90.1738806006099        56.9820067037061                       1
        173.250730683527        71.4805268117429        22.9308534612984                       1
        70.1579582474317        73.8908269982146        121.022780933114                       1
        299.517167074582        63.5626271914426        100.464584811764                       1
        362.719199537896        91.2242607347311        7.31788367704111                       1
        297.281167317083        103.056389099402        39.0760616975577                       1
        27.9296208309029        50.5808562363409        90.2552533629661                       1
        207.797291040453         64.546782972542       -11.3800753716255                       1
        345.480291075366        87.4840974534753        27.2619735034861                       1
        121.643993459978        52.5975038949083        97.9538897380817                       1
        249.588840391423        101.918017879366        122.563630223271                       1
        143.847434817916        30.2615478033116        70.9266929587877                       1
        24.4335118219867        19.0809211852797        17.0480858031322                       1
        123.424468310794        26.8306878580511        120.433298217591                       1
        303.996182786053        58.8492567945577        167.700770152369                       1
        236.251579278847        67.5230541793477        138.419933305998                       1
           29.9581203438        32.7775036850601        95.4904182974566                       1
        195.005547107591        42.8410247272829        12.1048551919294                       1
         13.672391487005        57.7505132438084        67.6628792406839                       1
        73.8855149193564        72.7805389702896        77.5768410673701                       1
        170.312874439823        59.5415001788978        136.980099706744                       1
         32.786891437426        50.2378167144113       -4.48211656542064                       1
        298.776977786804        74.2549894115229        69.2825004800869                       1
        144.848603171086        48.7602069199903        110.166018846932                       1
        207.916980616816        45.2542946570509        159.372408352999                       1
        113.960903864938        49.2751918421826        111.848824041641                       1
        46.3035310346609         28.603976706818       -2.84178979667484                       1
        181.050212805334        39.4778169585557         121.64411651142                       1
        352.127434013181          64.51879728972        83.5772364463535                       1
        198.331932812364        78.9023634225154        160.797971870497                       1
        91.9309630637661        64.6798502935407        42.5388691751036                       1
        73.5579431777765        20.8382361960256        162.473784830454                       1
         37.033881291664          83.69604768637        168.903607042935                       1
        320.100396479559        81.9213922955343        4.97946482474797                       1
        351.012116892203        39.5711397820854        49.2311677249803                       1
         73.920493528591        92.3473942626506        114.657567775511                       1
        246.272815993843        62.0278366143928        146.393326626184                       1
        90.2630571623138        38.1035559225336        65.6869129439742                       1
        129.590490431438        26.3356049009517        82.7675770400632                       1
        161.858850429193        44.2827598283089        69.4667937061572                       1
        265.966210536015        63.8265975269231        143.510629237223                       1
        34.8514625096797        77.9126357356066        107.849651774157                       1
        87.8842476602064        43.6717339997383        67.2197377170305                       1
        152.823855039265        73.2554906468276        175.265126944548                       1
        21.9153588611344        66.0534250426239        2.40206736785087                       1
        64.8891805984061        41.7636920091537        65.7439399765929                       1
        276.146611905917        56.5772100523509        78.9690940706857                       1
        58.9901168572017         75.877523672226        125.239486308479                       1
        201.723954442986        91.2207691054942        85.4012450565851                       1
        183.090478717147        50.9397716633881         12.434791969079                       1
         272.84352778558        44.5241556422571        172.561889091137                       1
        111.451779716949        28.3341126767241        80.4423500660656                       1
          137.8363941593        25.7713764400595        44.9492349180017                       1
        124.472468908854        74.5460284118195        59.1056774178923                       1
        5.79539960188713        65.2633161079759        10.7660311924348                       1
        14.8240079313873        46.0049740521961        29.3157333925621                       1
        320.245521774285        65.3306042274651        91.7442495784463                       1
        31.7635012584962        42.4895069090759        6.01250257321357                       1
        341.263672945142        71.9829379976974        21.6281309987502                       1
        41.8137131960487       -12.6131495819382        162.945228327996                       1
        44.2667230539911         59.190638878604        164.865988106637                       1
        275.130507060456        48.6120856741219        170.181965448432                       1
        307.584936711355        52.2773124893762        118.538801981502                       1
         31.228693655102        79.4529633854835        185.807082349692                       1
        98.7981452608571        22.7756820542316        43.3626911856941                       1
        278.403921228602        59.3700631779326        44.0392103995676                       1
        108.863931012419        70.1253252092641        146.353568935675                       1
        195.178612394801        47.6688149260264        118.795922633501                       1
        239.784127846821        88.5221476614082         88.408843827993                       1
        261.318688014844        30.0079005478232        58.8361531785631                       1
        297.750521434469        38.1565035326593        19.9925273346445                       1
        13.5473117170216        93.7927348866699        172.050663883435                       1
        252.290591051198        46.1738712882416        145.931975785318                       1
        114.806225201033        62.6101349151789        152.847701618887                       1
        32.3859373378415        19.1822936856966        116.765394906265                       1
        147.008913065275         43.980223553126         18.280645062449                       1
          119.2789480303         61.616580399486         8.8854918938061                       1
        314.443560993252         47.401561474807        119.030286931522                       1
         136.46957248724        54.3831611666164        151.879532085653                       1
        229.501475152469        34.1042282664204        37.7358296190926                       1
        180.933244312267        50.7690037247114       -9.19314884477441                       1
        4.67706845276057        84.0848714753184        28.9566827511785                       1
         187.49442987907        51.3715895131245          150.6777005144                       1
        154.239001067491        56.6703380619313        1.96481832959773                       1
        43.4981299291919        74.4808430613712        4.35335804490688                       1
        28.1810453699804        80.4892335818086        127.226040091321                       1
        292.599725843971        77.0194556761505         72.423458489701                       1
        290.393483862935        50.7367026031962        3.52151164954332                       1
        277.975556103649        66.8594195415248        182.784444838908                       1
        301.449179087626        76.0101425664337        162.683554470241                       1
        281.240766905668        3.63809364422374        37.7884865647115                       1
        390.865827567367        24.0105424158331        153.217432592649                       1
        302.313234659366        60.9697176960509        92.9236206374846                       1
        308.508488528836        65.8682890469654         117.69513171152                       1
         24.608632436703        65.2182958776629        183.465655656586                       1
        142.083826671751        59.4941771751646         17.997964586876                       1
        14.6499656135012        25.7455431423594        117.450132953467                       1
         80.057279492301        77.9192806674396        117.907592593613                       1
        166.463309306263        60.9088924221229        32.7327995079249                       1
        123.457649205821        16.8595497940561        19.9474911707275                       1
        262.310802898777        73.7559957879234        145.862735233608                       1
        26.3884496976264        59.0795856418647        82.2816624951175                       1
         206.64484722209        69.7624181546091         85.376372382537                       1
        366.875485801978        61.0527850786812         111.80842926862                       1
        45.3058157460388        44.1884634532825        160.584500424346                       1
        291.706699672476        35.2704120398414        11.7988507366967                       1
        327.248654722072        83.3293993988787        36.2958658850056                       1
        76.6509184477466        108.217868599846        72.1462196302324                       1
        188.093649170837        71.6028961294023        171.867290049731                       1
        46.8159152745377        67.6264629051729        94.9051023922279                       1
          306.6570337689        64.5523747902286        158.561261685353                       1
        228.839233154593        85.2718523462071          103.3865435877                       1
        172.282010501646         72.695376300582      -0.375709459124337                       1
        18.7365581661306        31.4630842666473        114.487669107999                       1
        186.791553690235        62.5270547201592        75.5780284316189                       1
        258.232052089117        39.3602517909312        110.405882465176                       1
        84.8042198808187        72.6832512659029         54.649736752037                       1
        116.843005897469        60.7991228783686        24.0822430369931                       1
        244.961152178492        36.4563798412303         50.257608222232                       1
         252.28516754402         37.863228771155         68.488417168195                       1
         146.59969073767        86.4617078348801        143.832447486429                       1
         326.86944460701         80.731163028974        15.8503639901428                       1
        322.371317781203        41.0841378462493       -1.13126208537607                       1
        351.826700879899        25.4361720438208        154.318862353322                       1
        252.754744976053        56.3519604355733        159.894758707238                       1
        135.957733407046        30.0351436732988        57.5721487275271                       1
        117.555476235109         50.526344916805         140.18661078011                       1
        141.823704944505        52.9179195598448        92.7310108617231                       1
        205.424911832986        68.4322191398706        88.2556441761866                       1
        2.34340300263182          27.97737292845        134.584510146667                       1
        328.579843963494        30.4969679844933        115.936686595517                       1
        246.332736899268        112.193746969086        122.686171558906                       1
        95.4382024009575        51.5235877315878        54.2488256734501                       1
        262.358127881051        73.6646236146607        128.641581152522                       1
        194.298250503619        71.9397674588583        177.234181710847                       1
        255.407948597713        50.6100059735264         99.596484441557                       1
        167.644977970641        66.7093586963093        171.761054953943                       1
        179.563877372395        80.6521294307953        176.907741702219                       1
        263.450750705577        32.4415621446473        127.646223392713                       1
        327.910343490974        65.5005994852534        205.133766058217                       1
        100.945910572583        29.5560416982646        69.9431522682609                       1
        252.832662625882        33.8549075047257        48.1588270321702                       1
         38.214921645356        83.3426648054833          196.2018797122                       1
        154.705309941929        81.5614111239794        133.645873987576                       1
        175.913012239287        48.0064613481794        137.901327267499                       1
        198.768908086821        45.4677922360999        55.8871581005611                       1
        260.537270927275        40.9708721652431        54.8731009448508                       1
        231.576759234636        89.8942068873668        118.742988660989                       1
        303.784405652395        103.074456824541        148.862063681983                       1
        174.889457675742        32.6353057698972        165.217751796534                       1
        40.6712664316934        29.9313567491717        150.775259440236                       1
         97.478644727916        57.4732698698957        170.289914329384                       1
        68.3357109084766        35.1566059629969        94.8665126636159                       1
        292.555133867863        62.8266928723449        121.568014011198                       1
        229.073316396653        90.9713708039722        83.3243741323536                       1
        365.660494857801        77.8839992875886        86.6381966347168                       1
        114.934803768775        71.4214646744927        78.6606144360801                       1
        27.9710914389577        6.16893827785273        146.372874160249                       1
        80.2431685124212        9.26600013388266        114.273954153266                       1
        168.894511654747        65.4959676029266        158.351745599817                       1
        128.382026924126         84.246564922281        141.578719588395                       1
        5.79725041747833        18.5119496448705        113.493152636269                       1
        332.052901362756        38.9100424640193        85.3171530661049                       1
        25.5159462685007        63.5654592036771        10.5382201677389                       1
        23.9216079773039        85.6001321954103        36.9288968649714                       1
        222.801183476235        71.2653662217502        59.6010130374314                       1
        242.101366864801        19.4700156815062        116.072063092911                       1
        176.121671025815        39.0809181537216        125.900372994222                       1
        239.022470669649         33.757242548642        60.6144818265059                       1
        186.117583702941        58.0936751575015        94.5198806661697                       1
        20.9200833241161        72.5317260133493        72.4503936453381                       1
        226.826638766325        80.6542682842446       -23.4906638338261                       1
        61.8554593299333        96.9298417094014         98.909680391877                       1
        165.502434180965        38.3641602291449        143.979906470121                       1
        113.990584961294        59.9745816757843        58.0351655955158                       1
        3.90109865250896         37.767952434799        137.016053985082                       1
        163.639183236371        50.0832853229133         85.555812136192                       1
        79.4260042608021        21.2648777810937        125.512470206932                       1
        348.638665374907        68.5563483525398        173.300948373411                       1
        131.142670684949        90.3104259506865        7.34088583558966                       1
        321.550609836485        95.8667578623978        54.8792922437085                       1
        283.873120676669        72.1976144553727        124.347966242018                       1
        135.887662390401        17.0373598705481        34.7810962538769                       1
        -2.8871941584934         31.564332464442        122.784043860307                       1
        197.548535595708        79.8718711530163        159.895610555832                       1
        216.766562296143        61.4152643455326         54.625050071143                       1
        318.821613288595        94.3324010867308        103.014924216146                       1
        185.307175427708        37.9358642845667        185.159109894996                       1
         229.31761896005        57.5151787440907        114.530064138817                       1
        177.713244504436        77.6105331687159        177.656777827544                       1
        215.744521503954        19.1659681683684        155.536272145892                       1
        161.751867206313        59.0845767833312         19.321222019698                       1
        303.811585959606       -6.21738693865075         56.339019912684                       1
        112.332504402971        76.6403818216956        99.6039171304005                       1
        130.231104129407        39.8916629459002        70.0406745116354                       1
        135.501256454504        82.8073515220104        175.580398723953                       1
        50.7849632379335        71.4569922737638        168.164145706791                       1
        107.594736938518        51.4879981570052        40.9912868285123                       1
        -28.363541853602        8.48222696985942        8.30844266454544                       1
        291.510076650739        60.8019096793093        5.05860674205759                       1
        144.597486602993        52.7265105828833        71.5945590367873                       1
        319.166051260662        69.7329838758798        35.7901497312101                       1
        58.9274581843028        71.0914012623022        46.7005817644104                       1
        194.395993765681        85.0096406198337        3.40352765654134                       1
        96.0535325723416        51.9406254130382        58.9955771345881                       1
        72.0966926701449        62.9774323939965         52.923604637258                       1
        176.036416664065        61.2692923319488        171.321435795094                       1
        218.720256853419        90.3025173200024        143.250264658068                       1
        156.951723417778         61.737129785212        58.4712361461679                       1
        192.651838753617        79.5869971986123        29.7047600054255                       1
        26.1353040667966        64.1012577609038        170.741377453058                       1
        109.729010877252        53.9024392940482        167.870156731662                       1
        12.2627833732099        88.4880586326279        93.1306672848788                       1
        153.237350499617        44.9497403827733        108.452388349939                       1
        15.6389817667039        71.6106142923433        37.3787620638045                       1
        266.827533949423        66.1732936909944         101.71174601108                       1
        226.508114159272         86.093212571363         109.21487524665                       1
        122.796024144918         63.433814776201        128.552876315399                       1
        47.2526109313612        105.527998352306        58.6325461731403                       1
        150.334886435798        53.1288045168594        151.753705147009                       1
         94.693214740112       -8.91828489949242        61.0552176254485                       1
        139.047350350964        44.6425597301011        83.8091609266129                       1
        116.953378820083        73.9696974279343        148.230766532263                       1
        29.5812604685309         89.840342548553        104.367610379901                       1
       -3.67344601446771          100.4960377993        74.3906720368772                       1
        34.4831296849289        68.3138471457991         134.82702861469                       1
        234.736920980295        48.7128448982709        148.374068288081                       1
        10.5516222368193        83.2989161029715        16.3341549418212                       1
        131.443123169802        65.2538010635657        91.8709627287956                       1
         24.986007731897        84.7684248130909        6.63752827102908                       1
         56.033501391281        41.2546214137173        12.7083654993138                       1
         46.479975150983        62.8382767266723        31.0726132310447                       1
        185.900144469837        32.1618303906273        130.727526508478                       1
        147.556965208832        44.1568606774344        32.0646100970258                       1
        53.5198954348919        57.4420480256803         151.20669061373                       1
        50.5049242671072        60.1351000241822        18.0234062483989                       1
        108.425762936099         69.363972324729        125.283555576816                       1
        100.486263522073         61.345511272307        132.288854638162                       1
        365.247899678371        106.102135558336        24.1663089459033                       1
        17.1077315675985        21.3159631016409        15.6196175180394                       1
         195.96571366599        95.5817116830589        60.4877688004595                       1
        246.091615859006        47.6116618439101         101.24900730497                       1
        280.786467616241        24.2220551126467        73.5088094603028                       1
        364.638935694279        56.5852727058202        95.3060618359571                       1
        161.962421926881         48.644129698963         156.56271772519                       1
        346.627322587733         19.372079643464        118.979820245415                       1
        107.508310412669        15.7279835356365        18.9977278492872                       1
        135.577119519983        67.6929490996391        110.677364126049                       1
        145.117452096305        87.0707688548121        127.355611290628                       1
        240.775642881167        16.2929875041731        75.4280559891191                       1
        282.450043097779        16.8815637747051        109.621625594966                       1
        134.552865979355        75.3186008504064        76.1395873743417                       1
        251.964088085379        52.7838464163939        116.840330208401                       1
        106.102757239316        97.5025327068894        96.8336664582198                       1
       -2.33703646837779        65.5245894177251        12.2446632570321                       1
        107.312669488831        41.2158383864755        74.8872274240119                       1
        157.683002917466        83.9637550114349        37.3157797343221                       1
        354.983557971528        81.7858641788181        40.1088297026569                       1
        211.161183259784       -16.3335527534352        101.035702484215                       1
        196.806500882454        38.1465511767406        151.853371003914                       1
        339.148596136118        85.9267350354189         158.60337275156                       1
         298.17829105575         83.871139442034        52.5714760342614                       1
        119.911636141152         36.002741455297          109.3342314219                       1
        4.06948619748433        58.9450928830706          120.7874826784                       1
         59.583019930564        23.0126440320555        92.3304902300663                       1
        287.911971499579        27.2031260722612        41.4268377717822                       1
        313.296170785171        84.6318844286655        56.1198373803627                       1
        328.455510428814        69.7476245260249        107.310721996085                       1
        1.34499887845522         78.332605941735        141.986971283209                       1
        334.327332823236        88.3158626539411        127.166549682607                       1
        195.348009928872        35.0058636939768        162.641126402786                       1
        253.964617026509        60.1194662998837        122.876425425448                       1
        270.187557746301        45.5560268442337         132.06080491196                       1
        64.2650300015325        25.0216420195558         108.35592756995                       1
        252.255429500918        90.6785042152351         73.348947340671                       1
        235.698473000358        24.0951301837877        175.243224850585                       1
        75.1158653838186        70.7580276757021        137.064555315133                       1
        283.782843410033        70.0981839980022        162.180967731467                       1
        348.386775841287        76.7182813005299        114.893451318252                       1
        73.1481764575736        56.5604759604633        134.005459808769                       1
        234.115823644643        41.0959092925458        121.200145641749                       1
        60.0024437426721        48.5084730533502        161.496533236613                       1
        251.270411416723        66.1059281176945        59.1622619688548                       1
        270.382948151927         62.369401667383        50.7238117922683                       1
        56.9353558457469        60.4103983324811         75.728733809402                       1
        224.864583135024        43.0427586954857         97.854028363137                       1
        149.021119407339        81.8382185804126        2.82251775100369                       1
        341.870935021132        57.9755903208146        137.564104006765                       1
        202.247777530829        53.6512283121083        118.012215118743                       1
        35.7761579650714        42.5311904698229        17.7362197536384                       1
        124.272523393891         95.053471997153         16.297153121107                       1
         182.56168088585        45.4190017113852         144.42162501305                       1
        151.973646226251        63.3700749458249        79.2049263404803                       1
        154.599712196322        43.7885475435525        9.39485913072318                       1
        256.117873861336        62.3810287164321         145.68412602404                       1
        55.1419148948734        87.6309029267158        45.0225878363336                       1
        154.722436801894        29.1160207622899        14.0471375612557                       1
        267.269542980431        59.8453136372354        37.6827273327861                       1
        333.169122222542         80.481680235732        187.146571854685                       1
        240.440947656562        77.7291489175614         133.66696947987                       1
        98.8220035422414        54.8386255600143        101.557478849958                       1
        210.847818054936        65.6041302860866        8.78146312976075                       1
