TEXTURE AT STRAIN


B  800
        175.926849528264        12.9421934384247        20.1498970599461                       1
        269.977895735033        18.9347346453867        17.8248668995615                       1
        275.729130234497        69.1176863448968        19.2081555065575                       1
         18.494549697735         39.371728779446        67.3625006801507                       1
         286.86112350912        62.3909253065032        110.879358888545                       1
        47.5644071984916        57.9187520175509        45.8841445655993                       1
        57.9578776699547        45.5830229386648        26.5233853174253                       1
        145.944646383538        67.5125179780111        159.693735884774                       1
        131.827190346602        32.4432050325171        173.164946795763                       1
        343.597939423788        62.4938315156304         4.2359497152131                       1
        7.62818223159158        89.7197754077071        126.182834385937                       1
        119.979866301209         85.648906428876        87.0306778569531                       1
        249.828310574282        36.6190912354713        161.571114846644                       1
        195.870955565065        15.5443698684095        80.9967513936588                       1
        281.957419093109         72.362994219456        7.94132420885279                       1
        192.280952642448        16.4917585758303        168.779272751705                       1
        310.565748149538        63.1724295155267        113.190877307354                       1
        277.451344758409       0.903172854848554        24.1024961549673                       1
        349.251767308576        74.2091279038713        132.082792110457                       1
        28.1412854021689        34.0193296111134        13.7805290668261                       1
        95.5132039252324        78.8009344619811        157.212534319904                       1
         354.58803554127        35.8623678607891        34.2855460348698                       1
         49.424831770192        72.7430577710377        10.7223251424794                       1
        110.555652871802        74.9907827180382        51.3791629477022                       1
         304.37068513473        77.9342181334488        80.3618318257955                       1
        350.558853216523        21.2633002400472        159.551679901918                       1
        192.829714493364        20.5766129711212        111.235763246474                       1
        114.408613275158        86.9940390763131         10.545954527698                       1
        269.667632110034        81.1431729064592        31.1254324838747                       1
        330.069587115116        81.8726798780873        157.165488771306                       1
        180.475907907592        45.1168849813052        115.723305448121                       1
        74.6044909504236        59.6593992820482         38.566852795042                       1
        208.468206754217        67.9228862679043        172.117882431178                       1
        151.541470923044        87.9370425579361         81.674377807097                       1
        40.8640350035638        22.0209305393129        103.148428072128                       1
        221.751550818538        43.5547665881652        76.6756636519773                       1
        257.691648181243        86.4430228935015        13.3684091462827                       1
        190.434940882991        37.3281039274896        103.142906731192                       1
        365.259872450715        55.7127344805998        69.6326436788336                       1
        173.114661201906        63.4968043404199        61.9818606901282                       1
        89.2673870923962        56.1085934179351        89.1174428845584                       1
        23.4722586523959         61.650956620425        98.8347096764466                       1
        273.977454559382        11.9671577770422        49.8675695006069                       1
        367.537084231062        59.4591669185879        50.2344465891454                       1
        357.503067721253        25.3096921414116         59.735176781761                       1
        158.696996952242        69.2249801094121        103.135583014036                       1
        104.990093395963        59.8673261720369        110.838119075421                       1
        211.434826580079         39.234718817395        104.310798320266                       1
        241.082016534251        51.7306243123129        18.0669932572224                       1
         8.1067859759622        66.3653289672789        3.93176016975264                       1
         331.16307930533        48.6059040949975        111.828067690595                       1
        155.439441793847        11.5991982897557         188.18003751735                       1
        34.1549580649371        52.4754571748532        137.398106262852                       1
        72.1069656851281         77.651180816961         66.559572556695                       1
        229.354717187574        40.9432969266798        73.6629577970387                       1
        218.540943896094        76.4035085487518        63.8829129671167                       1
        244.891593384158        63.6857407438744        146.126420947404                       1
      -0.202301752769432        47.4550928835501        195.270678404368                       1
        102.808977527977        99.6587016043439        10.4089340355576                       1
        293.761072075537        89.3285604444598        161.956531844753                       1
        208.676868848507        51.7599087355865        48.7797727445349                       1
        39.2516080387766        82.2277100357382        5.17918132693034                       1
        205.867441473097        56.2176978595486        89.2844048155981                       1
        43.1617876409444        61.7561905198156         15.589125939673                       1
        81.9750701017369        50.2391397021273         20.327567013889                       1
        290.632958384879        84.4132729250359        128.523877507833                       1
        222.684841604785        61.0000457684752        128.081462947738                       1
          296.0051558168        73.4795758734978        90.2837633236548                       1
        35.3098983057176        38.1500031297899        127.236803797887                       1
        161.521094087709        34.0172280141364         167.03585736014                       1
        22.0618387508605        68.0830816293864        105.410719989008                       1
        227.663223568763        61.8677038433824        185.945333265292                       1
        286.345813772318        7.75847675917304          157.5233684375                       1
        53.9822378263566        38.3824963329564        165.328280502029                       1
        216.465968279727        79.4101063249747          92.66794039167                       1
         124.32528347948         45.389531993431        18.1321091828734                       1
        221.848211092221        64.3945392434919        23.1799175559575                       1
        272.561835688041        58.0011324413219        73.2603688880442                       1
        34.7123735004305        30.1451622415442        59.5085278286049                       1
        252.752804430728         74.797999081406        82.7468098025644                       1
        74.9235564529568         6.4059889633521        46.0833735121853                       1
        298.929838101404         63.779822393874        65.2473374392145                       1
        237.270554488341        81.7112617507706        7.16939415083505                       1
        329.256474251388        64.3098472062604        39.5289302983176                       1
        320.441306441356        45.1564193437778        65.6827881045208                       1
        158.553964438569        38.8631725201277        140.898636196242                       1
        56.2345210987989        35.3971823741905        98.4522182475655                       1
        338.819725741143        56.7459360121273        76.0072265249593                       1
        357.710504921946         37.415093542346        147.888213293466                       1
        200.522083362432        27.1396934098138        99.5484589652298                       1
         267.68592501608         68.797625726226        170.766278933125                       1
        273.875438907055        29.6081643983762        105.437138761762                       1
        271.258107673735        24.0178794048223        23.2172982517561                       1
        287.615082744582        80.3349061655641         131.77173898102                       1
        179.897870944601        5.79758801792307        81.7922175720415                       1
        309.300681855047        70.9804558978519        50.3784182557372                       1
        60.9278554979343        51.7058702231747         149.49157309574                       1
        175.123885887137        35.3264208722712        105.093842666056                       1
        46.5438667705353        49.7395925142881        46.8318492714322                       1
        193.663506829321        50.7513999833214        54.7162389013019                       1
        244.923702523648        64.7759984162333        129.371207149569                       1
         204.29369202538        100.185051993882         81.556751192859                       1
        233.686229196132        20.5305858239602        10.2310215513531                       1
        106.073531321227        20.3157836052874        13.9532833745145                       1
        122.926981274155        71.5625263482584        199.360148356388                       1
        137.801364657617        75.0919865483837        7.19806945224485                       1
        31.6040775998194        48.7967986704386        72.3865789607926                       1
        314.285431461231           53.0921860085          139.7960133331                       1
        214.191625913145        77.1225718153206        31.8008227277525                       1
        36.0090863432837        50.3009347950411        67.5778306899625                       1
        279.610489488317        35.9489538637471        162.290844137922                       1
        339.631121727968      -0.807986827631597        165.120352825027                       1
        111.334657168099        20.3407246040449        117.522819539452                       1
        45.3196998544737        30.6775394719287        59.7907631506944                       1
        112.924550463153        74.7244776557065        27.1375454914798                       1
        186.406528299841        59.0184033984014        167.486718263996                       1
        158.111305642626        84.3633813562712        120.719089978183                       1
        355.385155761247         60.772872159343       -2.30683247303875                       1
        23.3176345360011        5.64755066094901        148.943286227686                       1
        48.5887582040176         21.159684562204        176.475565943365                       1
        78.9217901068366        30.8798541300293         96.451166874601                       1
        140.606718541485        95.7050528229742         179.57063031292                       1
        3.97371229045765        77.8858356124261        171.657733364224                       1
        327.697867303563        68.4798866957509        30.9198682761596                       1
         76.577545670311        71.2865860020519        21.1685498948661                       1
        309.802024092833        82.9489313756217       -3.32829951996323                       1
        300.380331460421        43.5477037390881        76.3571770334362                       1
        322.379144594649        19.3726345040169        12.6262203764643                       1
        54.1849357065263        56.2697300604344        63.9710702061152                       1
        226.646220473324        84.3091017531351         182.21885021074                       1
        113.452468749238        23.7019981491411        59.8165536245019                       1
        135.993049759538        27.7392039726938        174.737070304815                       1
        171.985593257687        43.5751487773645        80.8248855644447                       1
        221.174602937058        63.8727223574567        140.241997720977                       1
        153.882037463963        20.7412526372596        31.6918505518169                       1
        161.531836492489        54.5110788208854         86.621805280193                       1
        176.656491303865        18.6186529572052        151.033169348578                       1
        46.2272389449316        14.0835125398463        64.9894692959959                       1
        324.509948008764        36.7539382648933         149.10586488103                       1
        75.8530896331626        44.5052030955744        45.1017866948664                       1
        308.556208193077        86.0334864656766        59.1900827666257                       1
        178.755691739906        81.9811710453579        59.2045938573042                       1
        265.169302404896        46.7866087414765        8.50236196750252                       1
        193.909788507727        94.1187783628299        121.080315364442                       1
        127.106982503381        46.1083836876189        40.6113725412757                       1
        321.077410069263        69.2152557177748        115.840024972618                       1
         100.20396526204        91.7665164104989        174.889087824563                       1
        285.175675710779        88.8908309795774        178.769497413668                       1
        143.657305575881        40.9169696327074        9.93564723841586                       1
        10.8534344543124        33.6485322682844        83.0237358921429                       1
        89.1846105601935        80.6262856623206        29.0388349795522                       1
        239.683175246435        38.3376543126909         83.456464455751                       1
        106.790945682933        51.0129932320211        168.810020883515                       1
        85.5860129542863         65.435535521449        180.909925713359                       1
         72.725915258117        55.9877900725162        83.0197735575814                       1
         201.19449952068        87.9763823374782        66.1375185646728                       1
        371.253237703049        71.0913729536752        48.8905360374532                       1
        227.227787882393        50.5157793978645        16.8792760391377                       1
        227.505104093414         107.65834190305        183.528534460799                       1
        282.548804109553        73.1782636538568         173.10258172283                       1
         144.85220433642        31.6626455820861        22.9134690115295                       1
        223.102988386483        79.5447960699932        149.846001678498                       1
        199.268575136895        125.028258064839        153.764287340518                       1
        288.211099961113        58.4543366083338        5.17646415470606                       1
         238.81079768131         47.718044961372        129.258002391822                       1
         272.31453225031        83.2188996593464        85.9906297858462                       1
        222.434444727125        93.1690865901638        34.7004628197562                       1
         295.87360024631         84.673545528161        170.204436969733                       1
        141.761202708909        26.8539418180836        132.694674584636                       1
        359.879651416703        49.7359623241329        93.6791781236337                       1
        313.893516261705        67.5980827135756        165.148824327988                       1
        137.512667352534        31.1745527018747        47.4022145651204                       1
        39.9544697205114        19.1228740310322        139.807466346901                       1
        10.6847274178014        101.317946651287        19.1567426845363                       1
        237.060519280956        37.7305400025924        53.9719043524409                       1
        28.3588784633503         85.318384297182        159.552508757845                       1
        126.852501797574        46.3986960766981       -6.39174272461221                       1
        308.615635370055        63.4071066755916        37.1731379783915                       1
        328.079404084356        105.526043564798        90.2647988075062                       1
        281.832167444009        81.4916812940223        15.6984619792834                       1
        306.752496235403        11.6964110117364        137.243755402063                       1
         186.70733404564        106.628186601279        45.2546559407811                       1
        267.993791682369        45.7281905850011        120.903892790241                       1
        36.1972057451878        33.8890396646757       -16.1107995491508                       1
        14.9255771619275        54.7367696589685        67.8823055251265                       1
        341.343342946622        37.2052473999811        111.995974109587                       1
        359.215692071931        42.2764117025557        42.4850739268771                       1
        97.0889415687933        82.8571411709107        15.1719410813558                       1
        256.467444427703          78.99475514892       0.761227404760648                       1
          298.4039396348        46.3917174798841         48.127000652772                       1
        26.8068541426731         56.977968872161         139.09020024802                       1
        48.3327805543077        85.6785999400628         98.886177437554                       1
        197.614311537284         25.717558445799        85.5164749251325                       1
        32.8725584194516         61.546539631114          50.21211557443                       1
        123.650095205344        57.1310328841783        141.852772414038                       1
        93.6497927170061        51.6373550759842        10.8599229328383                       1
        314.470329316253        2.60911674098362        82.5253463292998                       1
        8.16717415432972        49.3678134834802       -7.07139514496821                       1
        289.960806402837        57.6835537608697       0.712689114714632                       1
         133.69735346909        80.9146044999025        48.1797049130732                       1
        215.726171825446        68.6964452984268        83.0428266288934                       1
        66.4197100522117        64.9735273210137        175.038565489977                       1
        26.7521492553261        57.1282309092562        60.0716538174045                       1
        42.3717799429197        55.5254729901484        161.466472340777                       1
         124.06156871306        13.2797277235094        128.027293964994                       1
        271.013688012117        89.0614204519031        75.2313398875267                       1
        231.783041116141        28.4202202558766        125.785211552941                       1
        211.634297134799          47.16861880726        74.4915260158008                       1
        250.652371054498        30.5256291859188        172.275578970904                       1
        224.408279248972        55.3760696016136        109.922058263355                       1
        65.6068963339378         62.504362691065        21.2297950577523                       1
        284.311115979184        16.5638589186505        34.1711369555374                       1
        24.9699475692414        68.6935660063396        171.034930607022                       1
        224.314545993827        96.0443441704678       -6.70627737619748                       1
        37.4863566910082        54.2118864157554         170.61184774224                       1
        66.3267185031066        64.6626935418546         93.908467399402                       1
        207.670625035656       -10.3408093531342        124.691583619231                       1
        157.470770806748        54.6377873528441         8.5414699534307                       1
        220.953613201788        44.8085483625369        86.7100760217067                       1
        56.8130628132309        74.2543051967652        170.152983970976                       1
        107.610136880822        77.1993946840826        111.684018810777                       1
        123.137714070234        62.9954425255615        57.7440729193183                       1
        289.754689452495        94.2907667420649       -2.92430459924931                       1
        5.99054021191246        36.3661896667266       -4.03197319011655                       1
        234.767101199867         95.795106303876        41.4538736946471                       1
        290.640726142363        34.3587650591668        163.239934115005                       1
        198.690327057651        99.3899150477194        97.4853371415087                       1
       -13.7278311469349        48.1546746404811       -12.9960286903211                       1
        305.103089734287        34.7314164024933        114.446433444244                       1
        172.459722974807        25.0207315276389        9.67854500697532                       1
        321.092968620275        102.644037061605        177.471581501595                       1
        279.004068755109        97.3412306416975        168.331043839956                       1
        128.961914846071        66.6736711754535        156.207717099966                       1
        190.361072574479        32.4214228504679        58.8643262691629                       1
        313.610696294152        67.9711749921479        151.769692698446                       1
        136.056104542926        47.0629863883567        135.193167167744                       1
        180.279057537438        36.4487760213468        179.422704780486                       1
        49.4682427837295        94.9964645076232        93.3265965083012                       1
         133.30220014995        45.9301009833451        155.516508398091                       1
        202.562655421373        18.1418732452024        74.7016425368768                       1
        328.766884462977        30.9303262295043        118.413254483829                       1
        281.743326999371        63.2068906637414        101.321591849781                       1
        67.5747352677131        46.2295232918261        39.7894263555548                       1
        219.438707713875        35.3723749411679        55.0759026425896                       1
        338.808220801413        66.9388051873118        114.783486969351                       1
        14.5713983831004         62.076143125503        141.446928085718                       1
        146.966617092922        11.6179674227186        128.399084742718                       1
        144.250384002339        96.3638163689037        117.494767571751                       1
        253.496675505836        26.9921294616157        63.1177022171949                       1
        347.901215881173        16.5013656476308        95.8623595089648                       1
        58.0091411817404        44.7590740690745        50.6509974134207                       1
        172.607996851949        90.0212166854297        8.24280889271624                       1
         107.49231190412        52.9290281051236        6.24347679801056                       1
        27.3251390011563        53.8873326238561        124.794644424145                       1
        149.625338014827        55.5449279582854        23.6983302366666                       1
        194.241084134685        44.4333401383487        20.5485306022877                       1
        23.8019225204149        91.9816024973218        49.4838561680947                       1
          283.7009172473        51.5977636692587        83.4011353445444                       1
        357.768594159565        54.7616472403184         31.072953893242                       1
        208.925592569423        29.5769443600797        84.1874806184357                       1
        352.705434043622        9.56665240727099        111.520166646649                       1
        42.6472200025385        54.3213421655491         62.347992785978                       1
        111.141742908814         51.387660723103        62.7725913506901                       1
        125.774004469283         31.529343712901        62.5041623109363                       1
        155.797152142288        99.8342008131523        129.656727419757                       1
        353.958902260397        83.7647121835675        16.9781206316887                       1
        167.932769167741        105.504125070548        169.056714613003                       1
        163.719763562952        33.4643244971803        109.128703385043                       1
        115.472535787446        82.7537851205424        190.346788956736                       1
        29.2150430142388        80.8890342661039        111.159247138523                       1
        28.9175196671889        6.34610811730735        104.463005095419                       1
        84.0526699340864         92.914420023134        69.4693307710147                       1
         49.042269468123        82.5209357186966        113.640552913096                       1
        292.079658534567        77.2310319377031        47.5958091221783                       1
        214.888931008013        27.5561364263655        78.2395295166458                       1
         51.936473303382        71.2772134120322        45.2170400253601                       1
        196.978626181891        41.0216977925152        144.429597425092                       1
        310.152055933141        84.1983060673995        157.099810610401                       1
        356.846783296561        50.1162095973851        92.9714538254839                       1
        257.864785428352         87.847727291392         147.58733089763                       1
        342.729243180608        68.1648912300133         29.666432907872                       1
        187.854590999554        98.4838535612775        13.1285861020242                       1
        9.02928752524396        33.1630628617673        154.605891022921                       1
        9.63121473340303        59.0739996056621        126.517372829124                       1
         127.42124338658        99.7623126264113        31.7824313566231                       1
        45.9570905415415       -6.81154393362222        61.7796792433787                       1
        176.312142274501        54.6995578841395        40.8188483167493                       1
        217.927212581309        45.4315724708179        153.888441836544                       1
        240.048695954601        22.1001331685253        61.0074491922432                       1
         197.49110523545        59.4771633839396        100.107202010477                       1
        237.938729019501         43.405558564096         123.86980351021                       1
        277.996463368692        89.7103843790506        66.7086544393226                       1
        98.3121528247629        69.5675602825896        38.4405286685548                       1
        168.363200854575        21.5393231215827        87.8673074481999                       1
        249.029034401932        77.1125837087295         129.63225685106                       1
        301.124632162239        36.3280799007402        163.274338170723                       1
        137.490069280482        54.2224559039946        47.1622770966483                       1
        16.2840790624473        46.7168551182287         155.00923682143                       1
        288.962914215619        46.4543946624739        138.521551085203                       1
        342.213445263011        56.6334566036523        116.447198390351                       1
         193.94952470761        69.0995584228799        68.9204728182979                       1
        105.938801915961        40.7047064537388        81.8540393183696                       1
        254.795159917725        42.8501217857926        142.766657760081                       1
        116.004122709314        59.5397312711828        164.917210187227                       1
         176.57209685965         54.197802258319        89.9972126901838                       1
        43.3614989636285        24.5070385625562        74.6435931776161                       1
        342.611890937649        15.5555598020092        130.614941195289                       1
         325.63408189527        64.8432360208588        100.845235492106                       1
          112.6078691412        87.6046598516049        30.7564585160312                       1
        131.410869523275        88.5337237743971        122.638022755276                       1
        273.628633698137        90.1214673331888        92.2689692628979                       1
         120.22135166731        40.5491056840271        48.0937655522397                       1
        10.6016714153695        73.6229563168842        69.9446070536161                       1
         347.97853815812        81.1018309336124        154.914923483243                       1
        81.0801079533459        47.3961990989445        110.511755673045                       1
        47.2973125232133        54.1981802290742        129.794387119917                       1
        123.936270482084        31.3832035786541        26.9199686465627                       1
         111.89806949903        79.0225754490398        168.275484006853                       1
        113.143392660442        11.3212340930386        163.570678068138                       1
        211.272462024925        86.3748350129685        74.2990474623573                       1
        186.039384704529        97.0022055930704         33.416191734729                       1
        36.5453196375418        69.4121565775214        47.4674434574764                       1
        217.340976612475        46.4997599107982        55.7920569160307                       1
        215.005650786849        39.2949592455679         102.07814034136                       1
        85.3536281252744        107.960473775859        128.077764624727                       1
        141.049692327182        96.8703124592374        66.7716797909584                       1
        33.0689011634464        64.2650208203736         10.643892481126                       1
        352.260498386619        47.4024788313007        182.843806168124                       1
        145.548923628499        15.5394452020675        168.430827766201                       1
        98.5017732104653        90.7640173466791         11.155927511701                       1
        105.340622598989        52.6778292562349        9.16785848719089                       1
        43.7444857137561        73.2570108236813        145.932237022955                       1
        132.984113296353        51.1444928059818        55.8621762940766                       1
        348.726226854405        74.9965512446261        173.936140128879                       1
        289.701089462951        82.0583723634125        76.4664370938033                       1
        151.969925852953        69.3577030228634        30.7779871823991                       1
         227.38043319954        26.1867202574375        148.470632110136                       1
        232.629924445617        32.8444039472542        148.100177387244                       1
        294.377734424301        95.3733308898862        8.56994641776016                       1
        103.532886070829        46.0665368856142       -2.66347228547859                       1
        52.1099736158261        37.7692403988481        60.5570246788256                       1
        294.883180685033        93.6383110662173          20.93621294177                       1
         272.94719255543        84.3501039065045        127.166905996027                       1
        231.301444901457       -12.2254916378371        160.086260449465                       1
        25.7138926845191        44.7634753265437        59.8082595719638                       1
        110.424688330209        39.5315047247785        17.2203746101674                       1
        107.642023306929        67.3248854068104        178.370239182636                       1
         310.41760529535        59.7498221692598         128.34121101274                       1
        266.232158833263        75.2536552073127        113.996606253988                       1
        270.645187669844        93.8312397786435        172.235208722397                       1
         103.00352243303        56.5926734401871        73.2511300401106                       1
        46.9741715468151         69.269137019324        60.4472652987568                       1
        130.227628599495        33.6393321895506         39.253640393394                       1
        349.144024427043        57.8392748337829        81.7045800535963                       1
        52.9244696939174        35.9220816558711        115.615418045017                       1
        176.809772482626        80.1277821889991        23.9619032826499                       1
       -8.75684127668543        52.2609486819059        137.772784939805                       1
        70.4537971855194        96.5416043394432        66.1099015885505                       1
        336.167285848689        30.2961209698626        16.4131408515202                       1
        59.0228269959884        40.7582194847972        73.7762120162894                       1
        308.327403106958        57.1328274553249        6.02912189830584                       1
        94.9640807950197        52.1622010127078        121.722639610929                       1
        278.883936228438        75.4289697867956        45.6208834709083                       1
        111.787208470686        45.7772022149189        11.8307540049477                       1
        333.973891278433        37.5935742179875        130.441400769369                       1
        109.986989224338        40.8066572194025        67.1625372272033                       1
        218.628419735947        25.5109213754175        140.511489662745                       1
        30.8502547076281        48.0484434917848        89.7801655338692                       1
        266.166972818964        111.317397561455         113.89949072711                       1
        99.6428311827377        14.2033770211629         91.082884653505                       1
        85.0456232428146        30.0103833212869          140.8053052258                       1
        149.288614341676        31.8124842431968        117.460274378532                       1
        52.2853405586674        69.0857131638732        66.4168517524458                       1
        313.777087450712        68.7455040362178        70.5108018551679                       1
        304.612642253118        84.4215943057274        9.30875946293364                       1
        305.206120731338        73.7419315890575        109.144105113424                       1
        26.6441299373646        62.7054817875832        151.619188879921                       1
        193.626174690422        107.852972105227        95.9916217361214                       1
        87.0728784585414        13.6794202019805        68.8771407852656                       1
        121.212964358068        82.0158651682298        4.86541815378522                       1
         335.17940362001        26.0316678254696        118.472808280043                       1
        291.874910487901        69.0996401814402        172.591496142703                       1
        248.575880975274        53.9082846717741        139.634901751154                       1
        124.872730779309        64.4821839275969         125.48967186006                       1
        297.310227264509        23.6716704895724        44.8754481962304                       1
        176.858385759433        22.6424314132502         87.772222734783                       1
        61.0219854344945        58.3882099417448        11.5406190502863                       1
        351.943691209389        67.7145871813057        94.0779594374569                       1
        312.197046560743        81.0866635590365        193.324518311173                       1
        44.3500766264883        45.1299668968033        8.58200764064323                       1
        109.961457221208        29.9978120944448        44.3013925577563                       1
        209.063182375929       -15.4933035612713        68.7791562472348                       1
        216.651044650972        101.223541249112         143.71563497047                       1
        335.671350330972        65.9607833965205        172.309251264314                       1
        45.3837908969864        27.8464111379882        130.278517816701                       1
        225.696722959187        55.8401407019947        157.163846236372                       1
        151.415039480043        46.0066964429628        131.049361963041                       1
        205.323823856642        59.9878069030159        131.686153240517                       1
        252.078967379822        71.2275411260337        54.1242012823885                       1
        91.4310388707797        47.8211646660014        139.039746426497                       1
        128.339293035148        83.4856005029484        171.200622235827                       1
        93.3278153066501         58.803598714842        17.1646569844469                       1
        140.291852082891        62.9960886800742        123.276075709734                       1
        369.048115289686        39.3007053258442        130.067676317804                       1
        109.207768658927        64.6050530571749        59.0175321160463                       1
        278.268598635829        68.8146038080876        123.709804549288                       1
        91.4876688141418        63.2044239488063        132.289014260536                       1
        212.666530709834        86.8878918453841       -10.8245980842419                       1
        237.112462612828        68.0363656070918        102.063548917793                       1
        114.777498238504        85.1837750388333         71.943786995592                       1
        167.555056663576         45.524096343642        34.0447028283056                       1
        32.9124345151127        42.6441660246045        75.2641959149515                       1
         63.992750238885        56.2861231741229        120.533863736791                       1
        19.2244946341556        65.5244642088635        159.261527079538                       1
        11.6163415118465        18.7671416831744        152.292973247153                       1
        15.0818390356293        39.3285318343318        82.3895419959382                       1
         316.51985103645        60.4330697598052        165.624206935832                       1
        238.955760654177         85.474321829974        105.485640455534                       1
        153.632972460297         19.103077215897        134.761872611158                       1
        284.915848825051        56.7860541755763        50.8865497525624                       1
         38.789700320668        43.9099046574899        145.646737860474                       1
        221.798887448656        20.6781287391508        105.238119172168                       1
        73.4244382432131        93.6528035647644        129.352521299791                       1
        145.339870039421        5.90692511506717        10.8734026296187                       1
        50.8216728938982        53.8932358411743          164.4686826451                       1
        87.5794050020603        36.0933744624049        180.158234648841                       1
        184.164739623205        55.7147519402021         14.036537257912                       1
        108.531455743309        79.6414188809331        50.3670128669754                       1
        171.688106629931        37.3994766558124        41.8008265286062                       1
        92.4849790638917        75.0289466833164        53.3204495874359                       1
        297.876879559054        50.3709487632784        6.55173394533538                       1
        177.019196279422        93.6681896681001        129.585779843631                       1
        287.998382917169        73.5931052045649         102.72214771116                       1
        38.8904202371876        26.5590456451073        54.6211461403376                       1
        36.2989615890417        69.9051874583826        115.439933249882                       1
        248.366386566752        6.62401946726733        118.758885101669                       1
        119.997406221988        61.0054618867251        55.7540350577387                       1
        249.013923652753          107.3370588927        168.161805842623                       1
         304.92346517447        57.6242202715923        21.4930457855766                       1
        25.9655213755132        45.0259324287521        58.4473606430028                       1
        119.830867674782        65.7632901124305        157.138257763761                       1
        208.364795066016        56.6457385346508        16.8958227333669                       1
        325.093957326933        75.4146935930306        79.2476238612707                       1
      -0.652547465423908        65.8528035657316        162.557648461894                       1
         189.10925036513        52.5191424339477        87.6411090998321                       1
        350.113712489308        74.7871835877855        50.7178859723429                       1
         106.58339053885         68.299191462042        7.98182066209709                       1
        263.867971148572        96.7494391805129        151.807846372024                       1
        65.9644929185174        81.1277819742149         5.4173078073616                       1
        111.679777306503        40.5812219857202        37.8432997622764                       1
        119.782875217962        79.9350174545547        19.4555712566518                       1
        270.515530776479         9.8130903605587        38.2424360932813                       1
         79.206264190856        28.9759492719185        21.6487978730752                       1
        52.5173285621145        75.0173560938259        19.8106038253495                       1
        142.984567094375        52.7898194275308          177.3431077247                       1
        300.102455285707        94.7746759086059        185.169405714388                       1
        328.224326840771        69.3474991884567        140.079044922531                       1
        55.5166187532573        84.7722968896642        36.3902343806267                       1
        279.272717937264        20.7494149536941        125.453624533404                       1
        300.157777658826        78.0997330760877        25.3846098002285                       1
        245.576703259754        87.5296944897712        77.5363336975709                       1
        122.755153481489        74.7902558127959        108.776269451202                       1
        300.988979936411         17.939923665107        149.753758190508                       1
        257.421386360443        22.6631084594731        97.9895288493906                       1
        239.089033021333        75.7889525995232        69.5645453279963                       1
        49.2307463413195        73.9727614085736        61.7264611696634                       1
        240.603106543814        79.8746571412605        143.275024888957                       1
        94.7456820181354        55.3244021719555        151.167760137413                       1
        292.706625907761        28.0106369400123        149.651563766243                       1
        269.303408877441        102.852155947045        133.171640938563                       1
        298.896104987832        33.5076787565805         183.95005740336                       1
        194.000427851861        61.7716153585469         144.57357836507                       1
        333.455208637659        49.8319681150377        141.290857876223                       1
        62.8579837855941        34.0803898690822        42.6637782563962                       1
        304.918155962844        77.3659692926638        99.3303357178761                       1
         8.0920643889585        48.7449159889197        111.277672575792                       1
        142.098159443445        37.1583594083552         72.612088471285                       1
        44.9966029337912        50.0394317732596        144.746186298013                       1
        21.0418275381946        39.5035214327702        158.223948958349                       1
        237.604381737373        93.9940316136286        142.272116705197                       1
        191.073860168009        37.3970293155851        92.1508973068136                       1
        234.251730468299        84.7678961177056        132.662619791603                       1
         44.914977887902        32.6105772474148        39.9543662167131                       1
        332.706919611984        19.1609692337061        74.7420608827654                       1
        362.170629483386        65.7397540438588        108.366943591432                       1
        161.402926117224        39.1753778852486        42.2693928036529                       1
        32.8616079151497        78.8961015935933        58.2288195788565                       1
        123.016309217968         68.291315568296        44.9088844282579                       1
        242.404301925127        63.0587032841314        39.9714738830727                       1
        264.509170126986        102.149872487325        66.0036181507738                       1
        288.031229415843        86.9931518117076        183.972760199844                       1
        262.845342384755        62.2284388244695        16.1717748487534                       1
        19.1858142504842        107.701712620971        96.8664090257029                       1
         231.31243385127         72.672641509473        10.6360377201263                       1
        102.504928083673        19.2923874517955        71.3502625798723                       1
         271.44779479216        57.7875383222517        97.2629228114496                       1
        54.1873455940315        54.6520033739072        177.895082610131                       1
        76.3653003072961        52.6043198628469        153.122907004015                       1
        356.061437474981        24.1369979256202        99.0995224753021                       1
        291.131618321673        63.9994201034934        157.625690284777                       1
        294.145053368478        30.6766242431705        92.8540308336762                       1
        135.309326390989        81.1357792761577        63.9530231833252                       1
        107.240361490557        69.6834341078466        151.112117957894                       1
        174.300204708418         25.130218490331        109.713209997349                       1
        118.620510045431        65.3808547640215        180.780330964702                       1
        325.440113379024        26.1985811932553        136.160964060734                       1
        112.440669625825        53.1657221752534        41.4589625140637                       1
        84.1935183773724        19.4830451252715        80.2053907601384                       1
        249.195626775783        57.4038193390703        156.148832718626                       1
        65.4342772640086        53.2719432267973        139.627000810769                       1
        354.357692180918        38.9544461384959        85.3661328009119                       1
        70.2143263866431        78.4006011396343        103.531220192925                       1
        28.6126187996589         30.862961900147        105.868758381122                       1
        124.248173152425        89.4975479822445        43.4310598734425                       1
        32.7910526122455        69.9566500202851        136.609513464562                       1
        22.7105188802056        36.6307869963168        171.972444753874                       1
        105.593158733844        67.8120567176767        7.86795718283919                       1
        306.266155417072        67.9533735068731        176.404222591384                       1
        316.556345021057        48.0956105133301        145.411043334301                       1
        332.612896042022        52.1506368785568         10.048438560736                       1
        128.683276411739        81.6885168034173        145.262693600026                       1
        109.370650872118        93.1732710456659        62.0270542323495                       1
        301.087026473992        65.5152894348926        106.767117148093                       1
        326.859038134793        82.1498238040479         91.669385325245                       1
        128.597805159884        82.8176725565062        18.9914239532651                       1
        177.406870947462         54.907020917134        90.0542332078343                       1
        44.0811993580297        87.6971663433082        77.3884539127821                       1
         98.409638731476        78.0297988680253        93.0018681119662                       1
        270.895791351059        62.3162675209708        3.31149350270444                       1
        329.016928679677        67.7048526006607        175.631639115301                       1
        352.109608480933        26.1736364313441        88.1921113567408                       1
         358.07309996934        24.1430691428855        164.552185904272                       1
        262.081617621124        56.7332303761091        95.2834816326502                       1
        346.192300487621        20.9489019239275        158.189992600671                       1
        5.52343739982659        46.7321119286057        69.7821353715461                       1
        337.554122222923        33.8847559364034        99.0055359470711                       1
         298.36452935204        74.7203310001611        8.36589211547133                       1
        42.9275449482507        60.9581426390467        150.407528581608                       1
        55.3440044215549        104.202070270067        155.645010932597                       1
        334.317194340587        51.8675272350907        118.857735159916                       1
        273.142149908943        78.5320642314849         167.78718815834                       1
        124.203010243767        86.8503151078871        116.994745890227                       1
        308.870526484205        30.4862511648297        133.073087410714                       1
        281.959433665122        90.9399861712396        103.636176660984                       1
        156.081960553792        50.3311016434006        16.5137612582542                       1
        94.7217881988132        92.3160175573269        135.133473012183                       1
         141.25497140464        22.5295061077354        144.323629792173                       1
        228.685440285294        93.7293450778756        19.9420113164077                       1
        86.0284201506618        34.6196840944492         50.870657909056                       1
        19.9408345709639        42.0306126919759        127.190898338609                       1
         177.43708876975        71.7360815240832        50.6781216871624                       1
        140.391548750195        75.5532261499061        111.533790155298                       1
        216.853125531021        65.5785334471612        51.4593782578705                       1
        315.467660131377        16.4355414914074         108.26167695951                       1
        280.269039466096         47.439302111805        26.5684598771202                       1
        62.8134632916635        63.9838157196695        36.8646817994719                       1
        289.952875929761        84.1717571747739        181.482884600264                       1
        173.758525853922        21.4636040651422        169.922105030498                       1
          125.6443031824        51.4543834378675        15.9196617747634                       1
        44.1860907483604        19.6268517419282        32.0136247759309                       1
        104.627726465666        96.2109279417895         151.20366400503                       1
        54.8006895717344        44.4896841568596        109.834628725771                       1
        43.3713561505603        61.5250042794286        125.485149715458                       1
        318.508767900769        70.5371878070826        11.5050484586751                       1
        63.3634826443834        76.3952893486123        22.5150313319031                       1
        301.704656774959        74.5991191840167        51.8520230305172                       1
        285.777939163754        54.6598962629607        108.053216543139                       1
        94.5881730711139        68.4048308446685        33.5766233527932                       1
        181.279881522442        43.3075730058945        186.786532244962                       1
         221.22614888876        82.9035941123153        163.051081245682                       1
        21.6292519629825        56.5682572215209        65.4313320379064                       1
         199.09196936884         51.870611270411        78.2407820064034                       1
        22.2118399202871        50.4453899812985        21.3891959445611                       1
        38.0324314583161        65.8086647464664        157.767235853624                       1
        266.823605759726        76.6249589571031        66.3477189097538                       1
        35.7486803417594        67.0080227960898         69.962274107578                       1
        77.9454249101858         55.522903423348        125.870771066324                       1
        278.568865653471        70.5182999533467        57.3888746083008                       1
        255.972583653688        18.7957724625033        16.2700237496141                       1
         299.10452429064        45.5915449328728        85.9553330900047                       1
        83.3118780446611        58.5609450079322          78.38794977361                       1
        7.62656773845023        19.1704580021942        77.9536818469081                       1
        213.195191423042        23.9980164482363        124.020467991417                       1
        32.8734585361767        74.6799345499919        178.275738676967                       1
        28.2833193677135        4.18792558870611        67.9030665812511                       1
        28.8475862942997        65.4481812921239        23.0753235007037                       1
       0.877639877329061        58.1128617572394        53.5744117794462                       1
        228.064527236924        66.3526595255616        171.453155083916                       1
        245.905418356952        113.279953932687         131.83636166108                       1
        354.053417500858        38.2127109768151        115.701361055807                       1
        343.418865027784        72.8352647641404        69.1176788371265                       1
        84.2379355515328        94.6351923232186        147.169698449565                       1
        120.952074855791        35.8494032910452        164.585142892315                       1
        123.913799163672        62.9539905239494        9.33779697247499                       1
          104.3572226048        50.4095520013678        22.2613015228341                       1
         52.380388179818        62.9866559643763        180.514508505684                       1
        135.680353351871        55.3261462037312        152.921928994998                       1
        266.322665664075         11.434938276488        76.0488961123103                       1
        298.410522037018        61.0072769612956         118.23032354048                       1
        96.0469799363673        41.4485206152082        100.018099480256                       1
        286.787578457983        71.8367154060409        20.8332237245029                       1
        128.793811759362         104.37790880063        94.1754260614739                       1
        49.9753247040756        52.6768488522258        115.801906011674                       1
        312.332335028276        39.9253415830779        94.5903249101642                       1
        88.2186079133384        35.9686668452378        72.7986768912431                       1
        282.603996561622         86.361256342415        151.564505633633                       1
        158.822870807601        41.2050793112064        46.8284218288002                       1
        104.909979892939         21.810200882067        63.5221692826955                       1
        225.232859303136        38.1239627807269        52.6633804323031                       1
         127.08790234125        60.3656018039288         171.33922584171                       1
        216.409140238128        23.6882566740148        40.5276958045434                       1
         334.56237066497         78.458438172885        17.9769431298167                       1
        27.8170425056248        37.9105859266354        132.633016151611                       1
        321.438111682785        17.8933900421334        162.677547932825                       1
        300.940519172341        74.5823755722002        127.587477868956                       1
        34.3166205261174        77.8846893667741        83.7996015499826                       1
        260.206126965842          87.42440799996        157.455373569903                       1
        109.073686817775        71.1464275444876        15.7211314938412                       1
        244.063661250555        50.1545398280841     -0.0198173191655067                       1
        106.310248016127        64.5126339542876        78.6841094699239                       1
        107.786405454841        69.0601114428391        37.0423203983165                       1
        23.4096626370232        38.5106899475904         47.309078761357                       1
        41.4300229589273        69.3005530142738        -6.8891853726848                       1
        204.918537795475        49.7106302484126        32.4566527646108                       1
        169.231554709853        78.5716082912861        183.557046628306                       1
        164.927742638292        57.4790955674187        27.3521525789539                       1
        129.657025036251        76.8099189897515        131.736722223417                       1
        27.7667347935868        51.4873784192816        139.503345993201                       1
        152.059238601299        90.8500545613505        183.035486194195                       1
        271.012927234965        44.3192824277639        20.9445478283522                       1
        29.2782042907008        103.265309787866        33.0609141623127                       1
        101.597041325614        67.3562058077869        176.678602171818                       1
        20.0055628331933        52.6464859830602       -3.78646869700696                       1
         319.02157376745        82.3450794032644        165.505003207471                       1
        270.775984905536        39.7218805843765        11.9316934810187                       1
        78.3005094990543        17.5457083997761        6.52593794043552                       1
        324.975059505427        69.1523575194054        13.6653155468387                       1
        135.672157129992        38.4313279774122        158.573121953162                       1
        168.319832520993        40.8089653622887       -2.25211886533253                       1
        285.322040638415        96.8188776895715        143.093316823156                       1
        150.308394991497        38.7939655955612        42.2361449411214                       1
        368.359536292699        100.928467959398        38.1402899633443                       1
        37.1391781944547        19.4470059065289        114.346608174564                       1
        264.584632533033        61.6882170308777        34.2877683770467                       1
        64.4517548802538        88.3027107577406        24.2483789815773                       1
        293.711611836931        77.0202305970671        185.091121289652                       1
        241.280122281346        26.1208945875016        33.5812605959374                       1
        218.206066489051         39.168045317614        114.211914934288                       1
        251.559856074634        75.8497050825892         155.55600559367                       1
        50.5418285642572        33.1781510824865        57.6495810008196                       1
        10.5369815132546        33.4166455548727        150.724487167286                       1
        45.0505036723617        66.4807079885446        166.433130158761                       1
        17.2588191595006        52.8720537542769        186.650353827216                       1
        289.852538268065         70.643909592537        17.4581504504184                       1
        60.1556884348914         65.946690895403        150.494745836844                       1
        196.659734275257        73.6696017197563        66.5234480620461                       1
         237.67374796855        21.7606423797054        81.9614756661032                       1
         34.640965592271        41.8176245962326        98.0895339257046                       1
        262.932997814839        25.7622754037104        163.523973835246                       1
        283.275485418586        69.3289468952493        34.6858482016814                       1
        4.42306254481235        68.7145220944645        95.4521945030194                       1
        304.723719088241        64.4881849327039        61.9747217418195                       1
        285.488719017999        61.5368816294347        5.21287059859021                       1
        52.3978564561844        79.2326190494637        125.236760812317                       1
        93.2949885514498        81.2819945280347        169.855176691679                       1
        128.672006132213         66.795133949214        105.804923937128                       1
        43.3761907754397        48.2816899424832        46.9094941511517                       1
        261.965109626282        66.0630445454267        107.868637937277                       1
        144.740628599992         56.473426695156         26.628834797627                       1
        207.084266234137        99.8343396095916        72.0490887703079                       1
        238.163332122962        94.3460399390621        157.047904553106                       1
        45.7494160350159        66.6207618805114        31.8806859454871                       1
        207.417342434788        17.5216935237896        44.0403616485783                       1
        30.7955160277531        87.8129112777454        139.178925730266                       1
         221.06801438382        13.3106150823916         168.01619893567                       1
        85.0370962590224        72.6909851776838        79.0321148128752                       1
        133.985366951979        86.1183372780632        78.8292925349513                       1
        14.0630997211046        19.8567775199699         91.806888282835                       1
        96.5257594686204        78.3357578785652        179.973566728266                       1
        360.027413502171        51.4302127729318         109.41301769835                       1
        189.140586518113        36.6168637183853        146.358874860141                       1
        332.999443472547        42.0975800210776        155.764814062106                       1
        258.694830776659        66.1566775355098        94.6818198283244                       1
        180.356984491774        38.9126029314063       -9.11808690063254                       1
        269.029780547475        40.6327921478677        82.8119983409124                       1
          151.7595731249          48.83096648916        106.509618992079                       1
        202.338486699071        32.5358717819148        150.786647347519                       1
        26.5662293366697        59.9411740399783        41.5790485157857                       1
        213.313168545134        26.9955569668813        62.7164204602783                       1
        246.954805086808        41.0862579229457        58.2877444883096                       1
        117.728698582427        47.6154491598297        130.658751396873                       1
        295.537051561648        57.6083110249625        27.7485488299882                       1
        272.981500312085        72.9563872114439        155.162615412603                       1
        320.262345717237        51.4954660926296        110.429112258859                       1
        222.648224860572        80.3553535821504        121.545398456175                       1
        36.2304504906722        20.3064850081502        150.114251046799                       1
         201.45509324298        41.5095379311957        76.1938725951651                       1
        318.581665641725        30.3826231783604        138.335605957358                       1
        310.913451562382        51.3036208364519        159.052537879572                       1
        11.5080216008647        63.2928351566891        93.9396504614292                       1
        310.628890320757        56.0103819484951         155.69384126042                       1
         91.248157594891        33.2441486059974        17.7607572470437                       1
        51.4665199458244        65.3294273970927         86.021627204152                       1
        234.154429997093        66.8062034804041        173.188597922427                       1
        311.331649060749         39.871588117837        61.9143425813145                       1
        31.9853448807235        52.6859325637268        178.863095353263                       1
        28.5754323933366        40.1965857772123        27.7541310032406                       1
        272.220190362507        78.9605536304025        9.28704920164358                       1
        326.701763592674          40.54885688913        114.562974799468                       1
        26.4722990945626        68.5358619377348        134.398687065541                       1
        338.540236771216        39.6072977460687        32.0442617961748                       1
        164.534644448111        24.8798928283109        179.519592840138                       1
        342.302741550463        56.0773273320091        113.686543383252                       1
        301.590599721499        75.9324595536965        31.7524403356227                       1
        204.513345818876        77.7649919902456        181.984348476507                       1
        288.035774664121        67.2897328891756        144.150525021692                       1
        49.0598952194787          53.29666158541        24.9106885830444                       1
        282.080651340598        53.2835255856994        93.5899178341485                       1
        253.866934358845        92.4461512483555        47.1952114425126                       1
        231.406136826713        82.4313274995685        147.610727390936                       1
        322.800660231958        50.1756349361006        133.276953382698                       1
        318.054618790078        81.6482250062992        135.866696127538                       1
        16.5637979952913        84.3973360126768         119.25671341625                       1
        242.367132142706        74.9170090803101        175.906664127065                       1
        21.5502135802058        74.1364819596643        152.748991112445                       1
        365.851382374418        37.2550738370317        88.6841481283593                       1
        292.316069092738        69.5974955859882        169.752362543269                       1
        301.556645154746        78.9373070678142        8.21395866813659                       1
         260.00460318327        54.7232727987732         117.64028193462                       1
        61.5434511607939        30.4861239763998        161.177362874413                       1
        193.970713600549        35.7251773087617        100.455437082206                       1
        195.326080258526        38.2380619812152        67.5062591564197                       1
        348.299517315069        86.6783426570785        159.409082335543                       1
        168.165475552788        30.7525623240714        131.272271754826                       1
        288.289238812826        101.284457155049        110.755574121346                       1
        61.5659546899678        73.0845379882081        8.43068220515387                       1
        78.2929493334363        42.0374703700824        103.113152164306                       1
        321.804362669343        17.1926917892942        135.263824896802                       1
        218.458705191383        92.9113100751472        50.6623127629586                       1
        152.590680924883         23.587002121652        50.9794010921823                       1
        73.2051153663969        53.8854163752223        101.772184366186                       1
        75.4369242002597        19.0087445754298        26.4259690508101                       1
        80.6240859263883        71.4862723553243        16.9875645502059                       1
        30.5960415147692        28.1963562941114        88.0148777450635                       1
         363.89885736307        26.8211781374507        107.684489374108                       1
        259.046724331607        68.7005486871733        48.0188327042132                       1
        300.038394980196         55.958529393139        11.6674632196088                       1
        367.433066851606         22.658278149584        103.154077237478                       1
        168.319417561722        69.2350265350486         16.821292190102                       1
        29.2459520810683        98.4344850405213        76.1418923726506                       1
        59.1190161316156        43.0628432115913        102.205759723002                       1
        309.138691666825        21.9844776304781        158.378698143941                       1
        235.901521674214        51.7619121308434        58.7539580266859                       1
        12.8664592813579        89.4422196341265        190.414033028108                       1
         160.55660420448        87.6143531535709        55.5494010377522                       1
        69.8320514722785        80.9697754222394        89.4385750148787                       1
        316.442333920965        85.2312653883145        73.1299259095946                       1
        298.194927740563        83.3926481691991        114.546829373595                       1
        258.704861358149        31.7522491331837        10.0244414617269                       1
        77.1163341774712         33.685145495535        12.6465724645021                       1
        200.945570443015        36.6665870546942         58.305176369017                       1
        21.9644866230935        68.8416477210311        29.8182160151773                       1
        307.033409023117        82.0663693806918        167.314411365589                       1
        212.482433809319        56.5856653958742        66.7151054866161                       1
        36.0887488502614        77.7966963701517        116.983891056916                       1
        226.776460512266        69.9751504629523        167.581017735366                       1
        73.5676305864785        82.5140973043271        14.1266980273927                       1
        252.853361779457         9.8471475845376        130.814431075485                       1
        165.932028448028        21.9428316409139        121.737375830199                       1
        326.017671517635        62.6826474961242        43.7839254109312                       1
        354.256600169604        33.9307646511017        101.370685737905                       1
        77.2028152271201        42.0129310719183         180.37543984657                       1
        335.813037740691        36.9911044212988        93.9301353916786                       1
        340.194025443287         92.485032120003        13.8062043073569                       1
        113.754943302561        109.479162794345        25.7237234436707                       1
        133.137780830981        52.3263822253261        114.012798304377                       1
        219.288842061337        8.15843456638975        68.6995480221035                       1
        292.141034394963        76.9480441908556         65.169667707366                       1
        75.2064390052559         32.485057246644        79.3161869153133                       1
         337.00240280405        48.4038557071475        42.9306059138443                       1
        270.518912728856        78.2885992260311         3.6476551615021                       1
        297.726215405833        53.4225053003818        150.562120429614                       1
        208.664328614864        98.1886005336238        10.9423195309574                       1
        11.4709060193081       -9.54945372630513        158.082386759969                       1
        123.964084318367        22.4800081361253        140.525490630853                       1
        120.546703011772        35.5943256853634        147.771175561392                       1
        241.262643368083        59.5962475415191        67.2506001541558                       1
        52.8856451242657        42.8613624949134         71.576062197361                       1
        273.102786642084        63.6633965628711        23.5648413908225                       1
        88.5620714266731          65.25835277686         112.34444136035                       1
        109.676227532305         90.963979111957        95.5685569923943                       1
        281.953384735863        74.3675916158941        52.5727679487352                       1
        96.7019912199215        20.7247341434873        116.907842730675                       1
         329.04472721498        88.0405450967738        67.9029025121988                       1
         4.9995642585471        30.9844284247364        58.7717619913001                       1
        316.972111705024         58.967556683432        85.4058483884207                       1
        192.652969515272        26.7582763749591        120.644569927357                       1
        151.128794670705        39.1738528099614        29.8911361679138                       1
        224.213946157565        90.8013585930015        180.347301893202                       1
        101.992953075357         33.995011469323        51.8222285600572                       1
