TEXTURE AT STRAIN


B  800
        216.949355962845        73.6780693707438        112.354366398228                       1
        382.788140481004        106.022986711095        82.0130897754722                       1
        32.2519491801516        44.5666607139559         139.02588228113                       1
        216.662471659355        42.8468449985452        63.1724150236135                       1
        154.513799904471        34.5242494931688        1.73190213754674                       1
        353.202119009132         12.258636437722        173.985184149725                       1
        54.6733116721323        68.6390003554792        82.7124017401293                       1
        169.020617669132        69.5100526038351         51.102241918013                       1
        223.647894194599        44.1851248484383        113.164653151538                       1
         137.77143482048        61.5099072736095        25.5417396578757                       1
        47.5960284847507        82.5058783207058        135.968167082534                       1
        291.211993509978         40.876453279973        148.859639431133                       1
        341.372769061195        32.1978908776765       -20.9735018957038                       1
         369.71528850179        14.5317892359633        131.825732054444                       1
        180.008184847033        74.7713239994441        104.115069114302                       1
        268.561817398502        58.4713766370933        118.833548836407                       1
         243.48859989211        50.6477007804689        120.626046039446                       1
        46.9604440079911        72.0718414188544        90.3215840346423                       1
        21.0065890411991        30.8889054914609        145.619690979298                       1
        104.350965000812        50.1632838808632        23.8623662551501                       1
        170.114953152149         52.317638518485        79.4684564693544                       1
        178.489024703948        86.8071202912363        68.7841558627146                       1
        11.5544749706155        43.2988584857579       -2.46223983184094                       1
        303.729793357535        87.7260778983813        139.731212776414                       1
        336.258115570074        93.3169008251145         147.44609896676                       1
        134.006011449331         35.729982828914        120.473081786261                       1
         32.267198172525         78.475153046951        143.637568190847                       1
        104.166885615386        55.5930882196953        48.8375318513642                       1
        119.654088107481        70.2300771143615        92.1643073653555                       1
        360.485453411437        35.8347340210936        70.6592573940568                       1
        53.3162707551505        53.4533505499648        47.0348778991087                       1
        153.413496190299        11.7519052163957        132.284535093413                       1
        193.239769045963        63.3107810211755        39.2358843391264                       1
          233.4671270357        59.7754156328424        57.0049895668492                       1
        254.929250256039        31.0521100146814        59.9534057081743                       1
        53.1275021401726         57.401945244679        154.618506000674                       1
        267.245336437299        91.1009668773438         48.415412564944                       1
        203.471827217132         18.860844748772        29.7490124107948                       1
        55.8116651861899        105.594568265905        4.47131322995621                       1
         163.37312595641        63.9106115851594        179.259791175482                       1
        89.5027803664676         47.746248011052        27.9170617707216                       1
        187.896481642631         71.352812387112         105.72459521107                       1
         208.56369735147        41.4254109817171         39.266193206162                       1
        206.254069618202        72.8956697605949        47.4272872976801                       1
        319.443598989843        61.1793163326321        165.167659506695                       1
        283.576118389724        43.1812986544555        88.3793285223284                       1
          42.96496329738        69.8167300090084        160.049237916366                       1
        54.4134351966354        84.2079873238636        62.5359033175764                       1
        187.039187650995        60.0913981141578        185.640989451747                       1
        313.745679003855        26.6835622682348        12.7658450880933                       1
        102.126541164777        61.3247132470225        9.09778041708041                       1
        249.378687443402         46.021677426894        190.388061097698                       1
        171.576091397517        74.9993649061893        85.7903978302648                       1
        201.555770964033        50.8462833275015        129.131179782949                       1
        218.407272367929         44.348883415195          70.93496110102                       1
        351.062772841764        21.0826171049598        150.250394982881                       1
        309.092037287821         69.090036146915      -0.132263209184381                       1
        202.665827987981        51.9579559181522        122.712239810393                       1
         16.843699552915        41.0087656489484        158.234892653161                       1
        77.5096311701463        43.7498379204218        76.3793291689467                       1
        248.886427364155        40.0490573400587        62.1315488293321                       1
        220.003148891212        96.0341674622243        107.465213762574                       1
        116.948962837354        64.2826008894617        74.7416905577477                       1
        129.769185168374         67.999805054245         65.863018421562                       1
        209.110804051338        59.5867283850671        155.123254142309                       1
        280.412897890135        103.216938041212        38.9951752718871                       1
        299.440736012389        60.7966454977983        108.716309636953                       1
        258.833458288851        57.0526530915781        146.559719042653                       1
        146.738763629986        50.5081151685377        186.494877347828                       1
        84.4769559910323        32.9383780485391        139.538020399467                       1
        146.644959984199          62.09681620509        38.5909092865286                       1
        219.928362295032        80.1284104180875        117.012395057837                       1
        240.988391856838        98.4664236275575        39.8246642377518                       1
        358.589105893494        32.9296498030286        85.0146898971827                       1
        330.900946359261         50.720243175132       -13.2608500267721                       1
        238.396753257744        80.6903943037153        68.2141399995111                       1
        124.023965449435        51.8543131948409        107.201167709941                       1
        348.849289716071          57.68550663127        57.0522751244594                       1
        191.720134851248        64.0577271124989        161.043428031731                       1
        198.533208702266        43.8136063733596        199.159125131511                       1
        232.861543167682        69.8272814119977         64.359769302585                       1
        65.9300652098217        50.9757269205736        197.720864483811                       1
        38.8931776601591        33.0902832811787        151.847119694956                       1
        129.077443283163        30.6510585713261        94.0070604613526                       1
        193.927530321985        52.2238962261964        104.760598889989                       1
        256.450743743195        48.4587472414074        106.421105661554                       1
        270.440704495262        17.1114042647683        44.3567147827385                       1
        373.132787206189        76.9834585307276         154.32062315393                       1
        126.894970501693        57.2231008327605        94.9927568271702                       1
        345.173974836842        92.4264713887487        182.588357837635                       1
        193.104898057956        58.9632772057146        89.8165943342457                       1
        150.266162711404         22.393679775645        29.9957669759103                       1
        66.8811570760137        107.876285713705        168.994986622239                       1
        329.493763841624        47.4019514175369        70.7430476152357                       1
        207.561379276434        50.4044406836105        129.653131193857                       1
        353.563130707214        35.8256414034915        98.4743998714446                       1
        175.848667235356        34.2337341297933         165.46964504951                       1
        193.831949839986        65.7902803845728        149.348838052585                       1
        128.441579200501        54.7281387840329        171.547524111215                       1
         97.048438186602        47.4493962458285         9.8694353572702                       1
        341.646187375963        19.6524465074578        119.316177524438                       1
        161.010493975826        51.5676814926303        133.623982669544                       1
        221.133301227869        56.6362262587042        104.371421663457                       1
        84.8175191865114        86.3479226318732         2.6757516867907                       1
        44.5079099526373        99.6622267656444        94.9784485685357                       1
        221.278991924819        92.2625522254883        115.160131800981                       1
        56.4124908815378        64.4258404332632        134.566387010652                       1
        280.144604038233        89.8907933931228        134.968466817734                       1
        41.2747868722033        74.5474666238728        50.3650680002021                       1
        172.636732101818        39.5026382468414        66.2833046571694                       1
        31.9934495553146        73.2906837450579        128.019758394579                       1
         95.922202682603         39.464389109637        141.728402858422                       1
        343.037787173499        65.4469795682586        23.5400941033652                       1
        106.380373952964        77.5786541155988        122.868346371808                       1
        153.830315014205        46.5001033947743         57.459792507276                       1
        167.591331772498        47.7245522678673        17.4974965788479                       1
         126.95004604945        19.6634603585203        24.1095468972745                       1
        209.028663280627        60.8004797889326         73.324051136369                       1
        250.979322630702        51.2751307571365        161.176204858655                       1
         322.78870016484        74.4409799743498       -1.73219600228393                       1
        156.169671919149        44.3068146383722        96.4946247160142                       1
        97.0553287383603        41.3528536998516        31.2355661357945                       1
        282.738483723664        30.5318536693897        53.3171225727343                       1
        198.055026552308        26.8651779047278         9.0863178149012                       1
         322.54599463613        67.4426850228696        111.885929752896                       1
        159.431543233542         39.563900503554        190.276004389713                       1
          50.93819619633         93.401990499986         149.53968364977                       1
        83.6963276707711        12.8045014139071        8.60556982290251                       1
        87.2990924348353         59.724659439539        143.506054685705                       1
        65.0103786525338        27.6783764400237        13.2991804984942                       1
        60.2707908651443        78.8304039641291         33.126563746787                       1
       -10.0922253283213        18.9576629122528       -13.4083221248106                       1
        307.032263246168        31.5764612494056        182.520860739539                       1
        326.344776822648        76.4467867807829        55.7568689968652                       1
        209.109638957749        37.7793442178115        63.2379371568618                       1
        132.320810861004        28.8461609057106       -16.4957059914352                       1
        81.1371433956491        26.2460797371584        70.8111706045982                       1
        65.3518533501703       -14.7397641573823        22.7716429197913                       1
        146.583300284831        30.1954087996948        7.82326561935782                       1
        186.101375425035        37.7528840793438        90.8689946208969                       1
        310.699384775373        43.9791689138569        23.5399474648171                       1
        206.969763937369        41.0199922839781        47.3147319927969                       1
        264.534509355212           21.5329331497        88.5888129441876                       1
        124.480461085543        94.3590754857544        156.809549454744                       1
        122.912252690646        73.2070260593769        108.977481244313                       1
        108.132755347604        80.4746697502738        80.3799221754464                       1
        337.951308228533        31.5910226276662        11.4956486803601                       1
        223.473096082875        57.6490742658275         44.322956425371                       1
        148.790846781181        85.7217504360534        49.5323364269498                       1
        126.251979853799        71.3839919425313        126.601549940026                       1
        329.449658991494        -15.530962977332        80.9191451091501                       1
        96.2144547932438        53.9731160014852        136.566626175527                       1
        35.0334619524495        7.26927236426201        75.8263924839155                       1
        153.421263778126        57.8251911041828        170.634111767372                       1
        42.8862068752585        58.0032072420697        75.0581217230901                       1
        70.1676605263193         84.980973489101        47.8181889895799                       1
        157.092047457074        44.4372981016029        123.578382462933                       1
      -0.478617280947268        98.2553946627364        125.558280880773                       1
        29.2855145092564        101.713891740622        122.797258229852                       1
        172.524500712199        94.8040452513533        87.4759089878413                       1
        215.873505213766        81.3816782039821        92.5803469629097                       1
        80.0930270175873         69.364442828249        5.45863098939874                       1
        33.9563671660697       -18.1304923529854        143.955714106515                       1
        62.8209122033042        65.8897577908962        135.836921721465                       1
        192.536263820736        68.9185898736582        120.948897851822                       1
        217.903334457378        39.1792790431565        134.014573033608                       1
        249.726581967565        79.1552093482469        45.9892396234943                       1
        280.677100162521         87.048512981255        89.3073179779343                       1
         230.95502128479        52.9487126938582        161.790552362062                       1
        330.020948230984           17.4600882242        114.399691855885                       1
        100.700924321565        71.2910174286509        104.838005112959                       1
        23.4306239798699        71.8615246472559        75.2758737289401                       1
        321.492107917483        26.5578233632782        72.3691009621926                       1
        265.621499676075        45.4853650779744        128.801773097793                       1
         286.55581181241        24.1811746501466        82.8152767564624                       1
        258.115367640796        44.8042037559454        81.4658233502162                       1
        117.504814148226        79.4880153013867        81.3265143249043                       1
        30.7189270732984        91.2801211876823        73.3413505429026                       1
        33.4154597344714        69.6996448037329        90.0157696267981                       1
        173.872477176107        62.1915142233704        2.07823185038626                       1
        83.6788882458294        58.3157153619345        23.6910398639972                       1
        346.434685676751        62.7481096850561        140.646922939007                       1
         141.54633184589        53.2910189828237        51.3238522955792                       1
        188.109017315231        68.0423816161647        29.8409759515287                       1
        72.6350235792652        43.6460403705183        34.5721070100499                       1
        224.615208281554        29.8861135461344          115.0362475885                       1
        17.8977784452419        24.9678425147832        147.386575565918                       1
        139.230732626033        66.1716355954839        82.7339513269719                       1
        187.137493435132        60.9938687305116        109.470424244139                       1
        165.656535156007         38.552645009709        133.644759596535                       1
        62.4109010776003        61.1736194019718        57.2260214165387                       1
        151.577896678015        35.2827982645121        129.267317451678                       1
        310.700907521042        81.1168521530067        108.178844786233                       1
        27.5298949219668        42.8561389540103         87.848509620904                       1
        280.697902069755        37.8044576856615        105.672073613777                       1
        16.2622363168872        58.3119141741586        34.5623378131291                       1
        253.313250533635        61.6527746836368          35.02182758825                       1
        225.867524013056        41.1281703153128        99.1365335442894                       1
        81.4445702167149        84.0925527740999        171.593497754698                       1
         99.790430000603        25.2193123119809        87.7607349152683                       1
        128.854572125402        75.3044424108058        179.742100648329                       1
        22.6172761045896         22.388549300607        153.209262997775                       1
         321.51264940546        19.7642218210058        26.5968036942389                       1
        39.2716548944091        81.8976065964263        78.2590109638015                       1
        228.300657237889        24.3840883574493         180.09894346322                       1
        48.8657381883346        43.3962013966125        38.6554665195297                       1
        129.752796004089         71.510811631435        14.3169106918574                       1
        177.148467574149        32.6695395998001        130.889713479282                       1
        68.2189269133476        75.6173923326153         100.51297233548                       1
        180.563912626354        58.4423007056195        184.334044930152                       1
        334.097844497169        3.35633507759998        9.81152485539948                       1
        307.187231114039          77.85337092707        141.605606699864                       1
        338.599139985002        25.7796528378324        9.01486624686278                       1
        280.726592267042        21.0643608979555        128.092996600536                       1
        151.221597251823        74.3079854483341        91.5445913145322                       1
        99.9302948472075        37.5925271955579        108.957295279535                       1
        162.718051475599         51.901651898075        174.920461181808                       1
        178.996564274589        21.3418725544106        136.528663384277                       1
        192.442771490146        53.6831881516533        138.459145160941                       1
        239.474533698689        31.8318171530308        155.502045761729                       1
        227.455757650826        43.9629440052483        124.382687011272                       1
         206.77050110796        61.4157799441872        35.6291877309075                       1
        42.1804681374463        61.3233778723747        126.481303184444                       1
         240.83596868701        57.7085566452274        84.7022015651046                       1
        29.0768905267862        50.5842872868526        103.406991197584                       1
         165.96962336527        58.9855294138464        100.653590631103                       1
        45.1708761064938        92.2430270003436        49.7581093815741                       1
        118.907788816893         39.541745651869        114.958388647389                       1
         101.83684968791        58.8024529807052        21.1326369446386                       1
        19.5337305002442        33.3708000863151        133.412717371841                       1
        291.775693732248        84.8471672934199        61.4151121862579                       1
        360.675088078865        18.1969328686251        114.630687640962                       1
        330.372149876819        96.5708425101021        71.6708246030359                       1
        263.173005579508        93.7231285151622        156.463844086188                       1
        327.565798512946        29.3355138132533        87.2841088668183                       1
         57.105964124937        43.2063585140384        130.612412447306                       1
       -3.08655034824938        35.6969894270534        146.337925537403                       1
        281.071686034536        79.0187528605465        111.281371417869                       1
        22.0864390775267        29.9060524974645        155.289896059802                       1
        141.811773040086        59.5226443663553        128.557848005016                       1
        99.8259217440992        62.1659627114069        109.810758331545                       1
         22.186818230863        23.6651148086086         155.43725043201                       1
        193.646100091526        68.5341941727997        37.5647753015966                       1
        19.3931772265154        75.1732692464321         142.11579213568                       1
        340.200866706249         37.905009903856         173.84153409404                       1
        201.314346662306        47.1958867412304        153.785194834553                       1
        23.0840613598855        89.4018224139917        127.827406838595                       1
        183.688701312813        53.1254836013994        40.0766168087052                       1
        317.268402204147        64.4563621806261        51.0174671135373                       1
        142.329013203527        52.3638130246458        103.272319983752                       1
        339.810149781621        110.210767009116         16.069464853198                       1
        204.495027972744        52.7325574503408        53.0045209462915                       1
        90.7673085123472        18.1689110413902        114.690853310862                       1
        31.7570109266292        88.9602647155757         59.644606264422                       1
        155.213652331609        35.1064135305781        168.791341992464                       1
        270.675051123616        53.2705418515233        103.117288813446                       1
        292.634734970945        77.9878748081288        144.713993305648                       1
        113.964680738524        61.4946530918634         120.69635008416                       1
         132.55151758919        52.1722497179871        77.8936678106073                       1
        290.058813242083        85.7188170837566        98.3899007337151                       1
        24.2653083088295        33.9522487549803         45.462089419072                       1
        222.710625934636        29.4168174263681        70.1603719730213                       1
        314.669212570677        18.4593798404642        82.3585894202776                       1
        228.331426575177        11.6586181703508        171.266200885148                       1
         40.297113035191        49.1822368246473        149.265637739195                       1
        148.221586095977        75.5860367941022        54.7278340593845                       1
        219.087761590471        71.0639063073995        89.4484208776313                       1
        196.303252546239        51.3708092384183        146.272789857281                       1
        210.212667756626        42.0076511715403        20.2570913372662                       1
        293.781847221722        100.693146035356        16.7174953168215                       1
        348.482712675344        51.6810344535749        92.3375920545942                       1
        144.902649852311        39.9605774172367        163.647230550569                       1
        125.608904315621         44.552708359969        68.7893309494516                       1
        254.359502884538        67.1876710577649         124.88628745445                       1
        191.595579636782         69.994519442756        70.2885323861122                       1
        193.984896797891        97.6080795869182        50.4116555386974                       1
        294.081106716358        21.6035588486055        57.3864841186698                       1
        298.868162161709        86.4171463211333        92.2546776403847                       1
        228.486214413931        80.6864198884323        76.5662210444506                       1
        132.687959054297        86.9185059934715        84.1080643314004                       1
        158.475111288929        53.3578358981593        120.503158531842                       1
         358.04161901745         22.694860437158         57.781014936975                       1
        337.403362182605        30.9865522300533        171.230217225903                       1
        38.8499877028773        16.6087280745134        118.820472627892                       1
        37.2940127547241        30.2717366131751         112.62323191985                       1
        341.873941611792        82.5377162541968        73.4987260281993                       1
        74.6738555761852        67.6021844187332        36.6850916767108                       1
        242.540598412028        60.3644835576102        97.3983036662227                       1
        296.761966990627         81.533479112515        114.490098727603                       1
        148.739054234734        69.8060245446635        163.154681053224                       1
        374.258920945136        41.0409533230165        121.504941933095                       1
        41.5844706337782        57.9326537218869        159.456954268475                       1
        275.821080770338        18.8193908268876          58.32534157804                       1
        71.0863191351354        60.9625949873176        30.9296568986003                       1
        330.093776917326        13.2295411427873        87.8798573951081                       1
        205.816731651017        34.3561265947684        122.764054911618                       1
        230.263986613427        35.0198516703174         62.231164874885                       1
        324.682951638471        42.4710330176809        17.6774695358977                       1
        226.466887130992         55.252312549378        122.554794067213                       1
        15.0801310939053        93.6313714311126        92.2907988429263                       1
        79.5807018923211        20.6847030959132        167.730934926188                       1
        373.373375701792        76.4901627044199          166.9231781869                       1
        325.995558420218        94.6042073207645        110.740145837528                       1
        168.945040300985        56.9228115779502        116.115424350567                       1
        86.1613997591633        50.0586537574316        40.2809988345163                       1
        219.760665725333        47.6513509717013         109.98507083615                       1
        316.191287232805        49.3693109749941        160.195911373855                       1
        201.185822979066        53.1492884346589        37.8734832045842                       1
        237.101652045927        58.8438225706536        2.99253329879814                       1
        6.06477707545991        10.8309453551339        22.7920359375768                       1
        49.3156742884815        75.3821936345283        120.080206067493                       1
       0.659714360930235        24.7952966574298        156.187248224438                       1
        185.541451343551         42.314956603661        64.6361561085116                       1
        98.4353990969779      -0.311684146973078        121.996631132345                       1
         181.25691183763        53.4761833963793        100.167642912672                       1
        182.848105850447        56.3198973073083        118.772894274586                       1
        195.163192787594        68.7010582661846        89.7794559331759                       1
        182.130541083763        45.7601261181085        145.604652063616                       1
        174.720553048684        46.3722762889389          151.5684380739                       1
        81.4916988894213        27.7189526113291        52.3469154927354                       1
        69.1792607300758        84.9553060592217        165.013636656173                       1
        15.0463180893117        54.7395627615714        54.5097364428602                       1
        157.784496257139        37.7873428435591         166.14632356578                       1
        53.5746390320958        32.6532636710131        97.1063994767452                       1
        364.326194062411        76.9865619588426         25.310160312296                       1
        125.461711427407        29.8953332469118        122.480329823629                       1
        202.883481199737        80.5156178343925        32.1964259316401                       1
        130.185550048041        43.3473248169925        98.8261825314885                       1
        239.397305919017        39.1254434470958        90.0553988047496                       1
        368.137936124529        60.1906670734764        96.5713412470913                       1
        70.8002849978801        73.2646584767692        20.3645054475612                       1
        118.209706314147        91.9885450017377        126.186849238363                       1
        22.0060339326976        23.7130610843756        79.4410589096271                       1
        146.084176659662        58.2179529913763        175.085091774223                       1
        300.074691237155        72.6011936650326        125.186156282773                       1
        66.7365475900967        14.8992803595987        74.9205412687626                       1
        88.7793989928089        94.4442594758407        64.7620939212448                       1
        36.8401787845541        36.0744378226495        52.3550615327323                       1
       -4.54940377329255        42.8633312251514        158.158859469376                       1
        114.611894368096        34.2375994562899        165.679712428388                       1
        331.956579188237        87.6061394879121        12.0364414179544                       1
        291.748447290907        35.9060090164718        45.2579373153116                       1
        206.907344039177        51.8478527453194       -12.2913181168124                       1
        155.652251823648        71.7765883075546        175.923690316661                       1
        355.017513351525        42.9376223671346        134.827780413675                       1
        133.386921705627        17.7160672080089        74.2678541746675                       1
        210.744046988118        57.0610524783811        71.7749914478887                       1
        162.431368205516        62.5055528056453        79.2125806448169                       1
        220.807767938708        75.6574659181249        49.8871632627243                       1
        289.914787311965        68.3512679701393        117.597647282836                       1
         260.64780937384        25.4570165121516        65.1603592689064                       1
        15.0241589266513        89.1688215688841        115.043738719443                       1
        114.500326785122        4.64304674490026        116.044525533096                       1
        179.597326382513        44.2010836950474        122.503314073664                       1
        344.375318137326        21.8558069120053        181.611665479609                       1
        357.517613317662        40.5252515670718         167.38700591446                       1
        312.053193269482        23.7283271974919        24.7974736013351                       1
        163.961047247127        54.4306775250559        149.869708073905                       1
        305.841835077757        61.2285990055728         155.68418480064                       1
        112.842278096899        89.6698811662653        59.5713513863864                       1
        82.1968352279325        72.0098767480612        135.492187513977                       1
        134.738228379382        43.9010506003205        16.7533071441271                       1
        194.579585076949        42.9741430034915        99.9982742549677                       1
        7.70493278078811        52.4809710982259        130.513570492361                       1
        215.813562649801        51.1312026564541        30.2119785603667                       1
        331.527820541307        28.6383192521523        161.444851100675                       1
          59.99919198825        59.2746314050935         93.245476164672                       1
        315.401533713383        77.3733347198918        114.027272079993                       1
        29.1566676938985        39.3910824525624         137.45963950854                       1
        186.098921695764        55.8072606315344        171.338658537265                       1
        333.861672369741        77.3235057563132        137.960377391165                       1
        110.545136442866        37.0127218203359        51.2322633496413                       1
        183.059656320042        63.5542431917846        75.5408569539724                       1
        219.638865977935        24.1216578482685         58.279751391645                       1
        336.092880754844        51.0345445947777        134.309860306497                       1
        233.552908862215        37.9434204168868        14.1919540309922                       1
        272.553961722853        34.0169070279587        35.0185889694732                       1
        255.257338309547        61.0726601819555        47.3871671445011                       1
        284.863143133691        11.4172515770308        139.935633003896                       1
        25.7166001906819        54.8288524787645        154.756034693045                       1
        330.063357624897        3.83826494761973         177.24091113204                       1
        295.674755181395         54.510614400434        88.9247191167851                       1
        59.5473166794353        72.6711688329336        36.8552033603493                       1
         289.74652624568        67.9283375812572        67.8913619977143                       1
        330.306172403255        31.0908524993965         143.18098943579                       1
        134.834055531292        59.3764282405889        2.36187372632189                       1
        212.828787586541        18.7416092210557        62.3109756419776                       1
        321.959428414217        105.371565799856      -0.778158931255674                       1
        57.9456354543821        85.2271534828238         101.06373531263                       1
        22.9846436593215        19.1445459487746        167.405840872384                       1
         47.188903353978        72.3177355302056        114.320398262493                       1
        103.959601304805        36.8725666780862        41.5787756745706                       1
         246.16510798521        98.2856314652128          76.78458716038                       1
        207.744076647815        63.6684755324776        81.5932590924257                       1
        261.976208330699        31.3714338960563        194.910983864141                       1
        234.607444683471        15.8306516383541        70.9367207827541                       1
        24.5018225006416         59.588533389397        163.742110813973                       1
         185.12049536868        36.5226720247321        60.3805661678482                       1
        181.200524632111         100.12647947133        26.0619439184924                       1
        51.7862573751949        43.2764872951867        133.362950162215                       1
        84.8310517591389        70.9873225980073        120.467135649251                       1
        74.7162004549418        21.4769082017931        96.0824121251898                       1
        81.9595165391739        44.7203293287659        128.676552022616                       1
        371.940213334713        78.0555203024047        74.9621557744407                       1
        132.518784046283        52.4890506164733        35.5481877843228                       1
        220.374374551274        90.2016809060549        61.7749259695447                       1
        116.075667387499        23.5995639499175        54.1337222241007                       1
        334.840838301353        56.4756327544989        183.764181386848                       1
        318.594956908908        33.5257153787526        38.5791982048812                       1
        33.8437528008111        63.2486053482125        156.854443258136                       1
        173.630970731771         40.704003248459        44.1747192279572                       1
        150.445245831592        39.0043786748309        22.7025973189137                       1
        166.566349353218        75.1357115960755        3.64235002793545                       1
        347.147290891925        45.0327294909737        84.2773525377845                       1
        309.538684281385        37.1176208636907        199.025173364147                       1
        186.487317938852        29.3858522551734        40.3215638619715                       1
        34.3268896827432        81.9861299974188        114.946459959946                       1
        106.429832968485        83.3210561376714        114.914901764561                       1
        124.726930432387       -20.1306714405195        123.955453662986                       1
        59.6471676413669        32.8693109710202        71.1486814800396                       1
        210.475919295858        50.4270368509826        146.580642659742                       1
        93.5263702061449        9.28644599970122        187.461780688529                       1
        251.287884780049        43.6089117280192        21.4695153242146                       1
        190.720249603293        39.3894064872266        157.986509419106                       1
        43.8411054907369        57.2363676981251        38.7220918938562                       1
         320.09766863239         76.091704519929        128.729417530654                       1
        127.550914859127        52.2779634664622         12.291689882631                       1
        208.747996822747        64.2853861378647        133.679832802209                       1
        368.363067987736         58.246056788892        143.194626568817                       1
        74.6218483775857        42.2856602455897        63.6710732847433                       1
        139.581248752201        61.2736162866558         49.284587432219                       1
        55.4351579139032        22.1413975846727        100.600215883585                       1
        157.000804151978        46.4029971155877        150.945494413461                       1
        306.202738741271        93.9578879938104        101.038771564592                       1
         260.90708020373        37.7032538045508        158.324752881814                       1
        213.041306424957        66.2387504844202        146.502997873904                       1
        25.0761245424103        71.7090365486703        94.0614452006573                       1
        340.806281336967        107.027802205182        13.6425809392665                       1
         180.88312167092        50.1421498069027        59.3061716002921                       1
         292.90742351917        40.0473262918072        108.489094529654                       1
        157.708131262636        23.9210594952745        76.7697574055801                       1
        149.406399158326        60.5213095446368        161.749521699123                       1
         118.45181473517        57.9912173547284        111.269451289491                       1
         225.18760045048        22.9568339850742        79.7167432503827                       1
        124.690446600512        45.3346285435972          177.8233122839                       1
        146.063988655988        40.6445100319972        91.4099600415154                       1
        299.937175219592        117.089530394852        91.9932239182713                       1
        299.245988901597        71.4629122668627        125.519078751576                       1
        53.0234188236922        99.4485556239226         81.139826724165                       1
        247.011010889536        87.0369870434582        153.617017506306                       1
        178.584254441303        77.5981756877507        52.0323892464702                       1
        143.048767669727        67.3881020849479        16.9339332549483                       1
        141.382741384562        67.4264259281563        121.453267646408                       1
        266.634865135785        23.4978027792481        49.0585041505347                       1
        317.384861359363        41.1232218259316         138.77913376052                       1
         86.523309399555        76.6953812108073        105.189243771877                       1
        113.649724878303        54.3665729837066        23.6158029532213                       1
        231.316410864292        41.7500019851644        65.9025121352801                       1
         31.239968418969        88.7125636817028        80.6995879555035                       1
        200.868460613352        61.2903983755486        54.6333113478473                       1
         389.67201488707        79.3977381701065        83.6679008160877                       1
        201.307493118366        40.1870110803669        26.6505507364926                       1
        124.837067897751        47.4627999791409        49.2185239768047                       1
        170.468498094824        70.0504766881435         110.36512501799                       1
        180.596244464519        55.3551080064596        166.104141375373                       1
        178.191002591216         55.829447641983        147.481422056393                       1
        143.883540305149        31.5471841144629        177.424724673252                       1
        124.572365021812        1.24494722404527        54.4309024713744                       1
        196.783159485152         69.405939607464        134.418633268145                       1
         52.421558588925        76.2752423309367        52.3905733675214                       1
        251.555940951281        39.4330612306681         181.52610132379                       1
        155.088258441821        46.3993083295799        97.1420580003812                       1
        204.701032932248        44.3483636891965        161.979562290848                       1
        72.6031627988916        40.9401653064112        49.3430549410782                       1
        194.901257529534          28.86777492111        147.099904160257                       1
         205.80444700223        19.4042655520843         16.270931969517                       1
        81.0122231283801        88.6897351511347         115.30979376885                       1
        88.8281035990372        61.1041967453525        52.2037908157748                       1
        25.2176121151535        79.0956464484793        78.1331082010878                       1
        152.534539471276        27.8802589709964        153.297207711121                       1
        43.6984819857552         81.847777862816        99.1375630725633                       1
        222.003921532603        31.3081445375729        37.4913482568941                       1
        78.5847757299736        25.0113798302143        12.3830698051261                       1
        89.5325914703463        20.6089405715613        62.4429897776578                       1
        44.3147117033347        67.7891335544906        83.1251389272083                       1
        151.392843540243        22.8387557793062        56.7868104792736                       1
        22.0632016367198        105.069045870589       -9.18179794488367                       1
        284.672811053792         92.819515634233        52.4249428843265                       1
        24.6612635541193        70.0808786946172        116.478734710008                       1
        367.636666073826        64.8606940773768        136.211482119987                       1
        93.3941139952039        82.1833874897318        111.381998816994                       1
        181.043055817852        59.3167814162132        42.2889100519617                       1
        24.9432333297879        67.1548334940602        104.081833922432                       1
        142.257597024944         43.985372452556        82.4644558022828                       1
        215.336120022639        50.3315306636355        85.9865953744591                       1
        305.358208237986        29.9433246103199        113.042574295266                       1
        111.038342201114        58.7675567590466        76.4535558532678                       1
        307.281312380343        58.8899548679976        113.846257455349                       1
        115.427881586605        53.1014880034547        139.041234170133                       1
        174.292367832817        32.5307380515994        34.4610224337703                       1
        142.928638700001        57.8300013032353        95.3070073384469                       1
        217.742715549642        31.3857734858035        36.2757251045173                       1
        187.304834146612        35.8536262274562        185.854900640506                       1
        177.062937081727        52.7609333144825        135.060105247303                       1
        169.513950335657        55.4602598060391       -13.9840771131881                       1
        142.606511759463        38.5061989363381        78.3916127355622                       1
        210.592767777734        61.9370795838486        34.7346609306904                       1
        329.518365094145        70.3402477936266        155.671206317972                       1
         366.48044719076        78.1195694089554        113.217762820613                       1
         166.07128501443        65.3981135746656         69.630086799996                       1
        224.023903465783         53.513011302813        15.5937805157234                       1
        324.431629851566       -8.07020279204044        102.609530797078                       1
        125.429772621381         52.620986501567        97.4488614424994                       1
        228.822228127122        42.8636996939686        122.541364503509                       1
        130.050594979593        17.7748725161371        133.051315708721                       1
        23.5124371129545         93.229481993361        6.35231685988012                       1
        228.857478564954       0.128003228033472        74.2745190146339                       1
       -9.98499707200577        113.885890267735        113.245431155209                       1
        321.334293187251         44.538089693419       -6.42977188202286                       1
        214.974546890779        79.2703071594469        33.0529293890712                       1
        305.994833169689        78.0703881056314        42.3200218415593                       1
        188.503865525709        74.9285512910939        52.3047162096184                       1
        343.410414189691         21.341720746357        21.0674002550895                       1
        341.514485325431        95.1911138098788         106.74167226104                       1
        222.582338192795        67.7839485735786        124.324062635528                       1
        186.316320544166         57.713445691811        155.489868823951                       1
        238.262269547773        54.2352327293859      -0.908361774303033                       1
         264.63210897058        33.2272773077632        95.1640518018112                       1
         314.07252326271        99.3950643908343        157.394363986124                       1
        263.395187683206        52.3065360361839        63.0846874559769                       1
        125.609794892089        72.6107045048408        138.733776765963                       1
        242.577618257258        44.5512979476022        137.298333256118                       1
        151.080167116711        54.8889662331541         11.941216025888                       1
        222.648322454079        68.2753507219774        39.5127847378471                       1
        198.547076512827        31.1212177524969        94.3364596697969                       1
        279.860324907792        49.6654148398181        122.007260900989                       1
        183.134303540204        82.5891905992163        97.3279944593651                       1
        27.9730190853423        62.6622743055126        65.9010053543739                       1
        72.8197999813959         68.184946626903       -3.21625813850806                       1
         252.51219082782        22.3641983985315        43.3341186913828                       1
        170.049803309141        45.2090170349857        171.544723592822                       1
        176.663255909322        41.6830955511511        180.529236418548                       1
        211.018514724224        44.3110124849151        104.499707496377                       1
        95.7452906730218        71.2474799407267        43.3576170388398                       1
        235.290223898835        45.6978112403353        39.0297739423214                       1
        238.311606802666        43.3575685296585        74.9429519289423                       1
        296.324845103912        34.3272386560371        76.1757199975234                       1
        10.6805824071589        31.9312706125015        88.0251050086009                       1
        351.447002472213        103.964791982837        147.296716168103                       1
        187.817487804938        104.846550113523        42.0579419929153                       1
        329.647131279846       -14.2109962786862       -12.4402213203443                       1
        212.196049100246        71.4570459810956        111.307357591185                       1
        186.957376532115        71.4248623636478        114.434148614181                       1
        298.046698512473        73.9170588872595        105.065389202533                       1
        159.138006622697        51.5798666814657        65.9677970506876                       1
        217.503382868491        67.5164095564262        21.2888682275415                       1
        194.004850372586         35.597405406913        138.682801202692                       1
        296.905604908662        36.6337407605108         139.12565133373                       1
        160.117420081742        26.0659313937388         60.456213329939                       1
        318.641349307574        91.7147750221324         129.18133654868                       1
        149.079000785839        48.2037260280717        86.8728790309087                       1
        271.722897644918        9.77646199239979        72.1653541058591                       1
        199.649772139387        88.0368248842906        40.4661812462011                       1
        255.007717896991        71.5169073883959         112.38357847874                       1
        12.4221349956573        96.2464833304551        85.5116587863089                       1
        42.8984426140495        15.8552453052079        127.677596497829                       1
         263.47436567194        39.1778610370444       -43.0918992062892                       1
        303.026093361253        18.6703124745266        152.957378494092                       1
        213.519657383818        73.8194057833011        34.1093124019666                       1
        252.332386018616         52.358759912575        124.722994696849                       1
        276.214971618004        42.8543184497511        85.7708308761531                       1
        308.932256877467         76.580502694926        119.466457504876                       1
        100.471425482859        52.3869533813328        111.177658965583                       1
        109.675970577557        32.4243254652999        148.952154431563                       1
        277.698681532206        63.2677888245482        88.1572558250179                       1
        19.6309910592212        93.6435991315754        64.8005760837779                       1
        164.314088000081        69.7373231673947        63.8268648774814                       1
        240.927901456374        33.3392680693372       -1.97018313050908                       1
        223.760447760652        58.7323265576551        95.9460386359031                       1
        7.92589393670069        59.2582819145852       -22.3595780198437                       1
        134.136213521682        32.5014267633194        74.2702610799559                       1
        117.002376285575        61.0583292128588        19.0714466183565                       1
        31.4985792258222        52.8181815273799         135.03203158045                       1
        99.7615229590012        70.5800374390361         126.64873149894                       1
        131.983990848397        54.2600354894433        21.4714900501187                       1
        148.848313330854        75.7653369075626        64.4898833075168                       1
        281.440750564721        15.8543348813315        40.2796200290011                       1
        174.416406042379        36.5786368967497        41.6545909714961                       1
        111.366706584077        50.0000729904055        64.9737158415555                       1
        68.4326821493962        55.5683239114645        118.954850277083                       1
        28.4859978209714        78.9533439799373        109.198852186496                       1
        110.305340353787        79.8522605855266        81.4824689079874                       1
        186.220743128225        46.0672907936391        75.6284336954982                       1
        32.5139776450942        61.8399104478335       -2.65724458113145                       1
       -1.23607284963898        25.3576891329579        156.330760661075                       1
        278.689793679904        21.7576323641136        126.870305792423                       1
        172.454191143534        66.9979518735215       -5.96822380511692                       1
        91.2089024555436         56.257427263845         151.86891666499                       1
        173.326717376973         74.259249449839        99.5900473369796                       1
        208.371777594289        80.0262313218781        145.563428840359                       1
        307.461523616802        99.2460346079071        114.716415093201                       1
          14.06914083598        53.0851377963247        51.8255137893014                       1
         269.36569880667         105.76522177651        162.928542588646                       1
        357.855324310543        57.1737406799919        150.471526501777                       1
        23.9842348570227         23.975527371387        110.517609667907                       1
        138.108823117857         44.830706783582        147.881337156197                       1
        50.5027340833751        16.0740817016655        26.8398356969309                       1
        32.9447015974972        3.58467667144618        85.4082695304763                       1
        178.392991911339        19.1933724915288        57.7101971885676                       1
        16.4784883165725        44.5980696139662         83.119168578113                       1
        180.819673913065        42.5556419188676        128.189979675994                       1
        224.388484454289        41.9025272113222         177.56588469694                       1
        98.7947216872452        95.0472041274939        104.276420149396                       1
        282.761544969966        50.0573062012759        76.9299822593762                       1
        142.765683279193        41.1410495428525        70.0916144913234                       1
        262.838608700465        36.3461493216731        63.6667226610027                       1
        300.743273687839        52.5085831651869        128.950788759989                       1
        150.643419741253        44.4375309885623        26.9491641507541                       1
        194.644396989467        55.4530515124276        117.106034251713                       1
        322.204185321783        84.9804047451341        169.735018593689                       1
        212.640101204709        69.6328127231362        116.345192539689                       1
          234.5424482151        56.2376140388232        51.2397382690438                       1
        127.130783619424        21.5911159894269        140.965380373098                       1
        231.113355397652        42.4976194596891        2.41461039157871                       1
        161.509359785853        36.5487252509559        37.9784300394334                       1
        133.583661848086        36.2445350685316        27.5806269226071                       1
         145.74010513288        51.6830773507194         177.81297435282                       1
        113.427911020886        50.9059546578653        36.2352472764727                       1
        51.9453026291512        68.9607753239911        37.8531443838232                       1
         314.76068149535        28.7212671411286        165.825523742162                       1
        127.868748832224        49.0655651709164        116.040295216644                       1
        221.945559304024        56.4315134939244        181.253403976392                       1
        105.383164657606        20.0596175004535         59.468754801993                       1
        206.638301400883        64.2558085737976        48.7354549759154                       1
        95.2508478135016        73.3558076541408        8.56908530608897                       1
        245.888068157645         45.588452959719        156.349144923715                       1
        245.534839596124        56.5809210010212        35.9830191947516                       1
        191.082630334487        57.5182509103805        81.2952693378392                       1
        275.894827759892        24.2819684724817        10.4093919521893                       1
         225.30395262446        53.7339896983092        31.0193550996757                       1
        110.966822264463        33.1210766175866        105.206024226632                       1
        54.8979905898238         106.53737477922        164.210575321854                       1
         214.91801143507        47.6647992019722        123.835750969195                       1
        210.943437903148        64.8236405842754        11.8816618820991                       1
        164.716984739901        32.0966902111058        101.768123868081                       1
        239.342124554233        58.8121553217045         117.75827340716                       1
        322.961521110445        22.2254939333254         59.139227098365                       1
        117.661695010016        35.5678673576416        73.2203678092262                       1
        100.766944225219        26.1201404459203        68.1370018469224                       1
        10.2103793050571        97.9347720576117        64.0879623198089                       1
        210.834565441936        33.8737740288639        122.369029697727                       1
        369.113346486058        89.1007344973428        69.3533191054108                       1
        202.104531810523        56.3103512991078        100.371324444787                       1
        360.163242670883        90.0067185907879        78.8745227794102                       1
        290.755679008225        110.883348820665        123.612522611233                       1
        347.125549635793        33.0476787240218        160.964571534294                       1
        182.483451139394        68.6423455197689        161.391727004705                       1
        20.6270542957497        90.9068207221077        76.5666642381472                       1
        129.407212539468        40.2053082610621        151.074357451832                       1
         42.716529758221        72.4733786424242        160.225877082102                       1
         317.73089838234        89.6575502094246        37.6218787300919                       1
        281.668201293727         78.788395485167        56.2933971948479                       1
        244.152260450196        40.5052817804655        99.8920182489786                       1
        250.399089295418        30.2837598784561        102.128063995269                       1
        296.521982674916        87.2143115169273         102.70168896694                       1
        226.953007208075        58.2038135741937        109.403415592417                       1
         272.02286328539        83.9003161558395        172.807713642511                       1
        144.793266014857        57.5877568072183        137.651888465572                       1
        184.901612340053        52.1538113544093        162.238352250526                       1
        38.9085762934437         88.512870840663        89.9812541658035                       1
        248.786229258622        54.8376817672454        50.6598221160558                       1
        151.708142177446        67.5953847381482        184.597701461115                       1
        126.264512993626         73.697638303042        89.0461330495662                       1
          203.0451384006        38.9239239890706        112.912487510109                       1
        61.5461049293827        41.7680480317807         8.3296172565145                       1
        321.134582322004        66.1686626031792        151.958709990808                       1
        236.402434452001        57.4294511140796        22.9511898907035                       1
        108.336429335796        61.0692533995094        40.2053873935208                       1
        30.7368822160738        41.6819637618345         157.77014999018                       1
        310.083988959153        14.0015806583313        172.143421520848                       1
        170.971148540715        88.4930925660501        17.8998113807783                       1
        316.549553430062        8.15335115908709         43.454559168094                       1
        17.9696028927235        46.9041661805628        73.1495019174798                       1
        207.088455646187        12.5973422262921        121.386284866844                       1
        229.580960162764        13.5872248681187        119.973885047946                       1
        247.763862348683        35.2028763989159        31.3281319466779                       1
        42.7630184469727        46.2866383523898        119.609717050107                       1
        187.258130813731         24.796670547073        102.973338823914                       1
        68.1312694359097        56.9443632134567        107.110325514994                       1
         124.14167701274            37.889093564        29.2962227815112                       1
         71.338905659683        84.7596567968606        40.2145017567804                       1
        166.892655331126        59.6643594911399        84.2702306957639                       1
        204.023649273153         64.070317119847        112.454496406201                       1
        55.0621523182415        16.2212412609024        104.196219151624                       1
        88.0340222028359        75.8705754322333        101.318018525015                       1
        168.205541626547         60.417341511791        149.246985959546                       1
        204.443187019981         94.219039229366        119.577545641874                       1
        341.657889705888        37.8334163039371        61.0674416572616                       1
        269.656598220119          25.08652663786        157.500535310367                       1
        116.926105524311        19.8667509112785        179.543850697709                       1
        227.024540920008        57.5256360369159        135.472061759489                       1
        19.1144040898358        107.342734261427        52.6493115926035                       1
        19.5891495980262        67.1245867390128        152.158754002371                       1
        101.502453544007        38.9038027391035        45.8832480350913                       1
        344.091395915621        112.752373893375        91.7295961644986                       1
        15.0076520569134        19.9015960951147        66.9343365362357                       1
        265.385090266607        49.0452749726772        23.1375636777451                       1
        208.786784873703        73.3139978985082        75.7636332444766                       1
        76.1135730649704        73.3752529180743        47.2172885680848                       1
        223.669927319078        62.6647281401974        14.3666380537257                       1
         184.02364999164         63.810774012157        58.5794149688617                       1
        278.557766202218        64.0593534504339         112.07420596919                       1
        118.917863208305        43.4853454804555        168.458648925446                       1
        361.983690606891         38.662923625917        181.986335206231                       1
        235.639061262442        86.6829969810882        132.092627964482                       1
        28.0701946948214        69.4016580354887        73.9698154786075                       1
        185.559794265027        30.9914060274654        49.2286671051361                       1
        184.133171413894        74.7588461048096        92.0746115682045                       1
        350.873216094375        70.3546533527151        160.933269804073                       1
        185.618045896707        44.9677141275852        143.893409465412                       1
        241.441694243317        34.2763526013416        44.3580365887565                       1
        92.9336339520694        32.4759245124023        98.4460795849674                       1
        1.49230562139061        55.1390735615516        8.35477631559955                       1
        26.7435913581587        50.4952385045992        126.794356218065                       1
        202.997904412847        72.2298919606708        58.5911237302399                       1
         14.375105931745        59.6345327227585         115.82596297396                       1
        100.089930484984        42.0223366948009         11.178301826773                       1
        136.433493662279        93.5656400637148        59.6823117806313                       1
        225.665806963096         66.348615873826        30.5859224514135                       1
        114.907037855418        36.6342247370428        85.4379684839999                       1
         54.769964398282        117.400190301965        102.848355390614                       1
        207.272458451929        54.8274695020471        116.575279903785                       1
        133.090575518245        38.9086749136605        122.009805208651                       1
        193.385964644784        55.3685110134603        121.787153931575                       1
        93.7215665738666        70.4662644214874        32.9732457159541                       1
        195.636395123276        76.5007749793502        43.5864127012143                       1
        275.156461182945        95.1663989273942        53.7384077068538                       1
        278.786953886003        73.6232901953041        133.849655451987                       1
        56.0284011583585         30.265951213448        126.748874635615                       1
        310.566431835592        35.7410445323639        140.574094863588                       1
        156.116473600618           36.1304639609        70.4934012532072                       1
        314.840131269354        86.4670907932824        35.1750959470804                       1
        175.704926803365        61.9847117448994        182.798960045817                       1
        335.824333137796        46.9789606833554          175.4737624874                       1
        182.617192081721        78.5579324765084         77.792006135698                       1
        275.287126664624        37.7466023594084        69.2892823327393                       1
        131.603085035496        85.5727861802452        53.3675481662071                       1
        26.7691878474216         17.024492933972       -4.56306876841239                       1
        80.9531741460976        63.2348781709389         39.935682271178                       1
        324.873848789924        9.04627775842695        94.3398444793637                       1
        16.3587417686485        96.0018816089939        118.620325434522                       1
        159.856013792417        52.2814338538688         9.5825788695409                       1
        173.401583242371        21.1187879930905          47.08582893048                       1
        353.594302088508        43.2677078170737        169.433012410022                       1
        124.239721614874        28.7295444832749         11.445937009357                       1
        61.8184551396419        107.176550990756         142.87858048821                       1
        27.1337951403856        91.2127471469562        126.339566235196                       1
        2.28000980765527        40.2470394122517        104.860798707311                       1
        227.180169592054        43.8391750359562        15.2979289007616                       1
         164.58835911328        47.9675855776419        2.74409483783972                       1
        234.804498065527        26.4117023289101        140.043221384016                       1
        202.995859255509        56.8987840232897        101.039467550472                       1
        112.861609903118        81.9288220842526        95.9863277944736                       1
         155.93444784358        50.4636245370664        68.3389493931508                       1
        233.851571133847        26.5751141040654        105.460391386981                       1
        27.1154412369615        69.0222491642978        129.237257924645                       1
        180.715143851399        48.0920936296651        179.391885334637                       1
        285.285738037864        103.084881981373        131.092878587106                       1
        63.8446750281553        61.2461860226799        14.5048078241176                       1
        62.5628614590254        74.8155073982916        122.352782427314                       1
        231.808890964028        61.0700015619089        120.729101655397                       1
        79.0300034429337        63.5924282574168         120.09509817948                       1
         202.85920309137        44.3588610682708        140.944898714579                       1
        228.338980765363        75.4779862379713         122.25239815764                       1
        278.374026822846        28.9907031793041        69.2150781834831                       1
        104.068771572141        63.4753021901123        115.976581511416                       1
        168.696726399249        54.5933020915688        167.574123112129                       1
        151.729480655606         63.197684663609        14.4404053827803                       1
        38.8355418017133        57.9800647413565        82.6301894705999                       1
         337.94870532517         76.669634468786        154.067537567675                       1
        292.439421234596        8.56735300827354        173.569098084963                       1
        91.4458300440009        48.2880418757017        106.885020655907                       1
        208.909687028512        60.6509515840585        132.144927978763                       1
         152.39898815473        23.4444395374527        2.92896879226306                       1
        104.630094822724        42.3297872148825        26.0913933529372                       1
        45.6555569365293        84.6535255283008        93.5202203550346                       1
        267.516813900393        72.6289358573627        80.8160037514903                       1
        219.941140696608        56.3344748424805        141.077317366034                       1
        33.6017411763904        99.6742832601855        105.881513579887                       1
         257.90031323102         76.347574304314        159.941701617033                       1
        122.364979047087        43.4269575571293        12.3632656935886                       1
        186.738101592073        41.8301412052462        45.3837524595715                       1
        357.433004955139        66.8398351017582        72.5094482277329                       1
        45.3517742858906        59.1556242169637        131.866469991372                       1
        48.9026431263684        29.4124822562312        83.6034665016135                       1
        162.218702776292        54.5888341176986        27.8578053059775                       1
        98.9725056128428        2.75274016445068         165.63144725466                       1
          82.37945245595        57.2929594364267        187.649396050822                       1
        49.6567900932458        108.886053103408        74.3223409758267                       1
        11.4822659421648        103.990563512504        16.3678502193081                       1
