TEXTURE AT STRAIN


B  100
        45.7404211712479        57.7718258005415        124.427588332951                       1
        3.77901527569781        139.411093639202        64.3125412587206                       1
        345.487505003846        112.940519305837         75.655587906216                       1
        179.347801345384         50.606118639107        97.3886303779658                       1
        248.075852423467        42.5553140367669        111.997052253845                       1
        126.793863853073        85.7482796346652        1.17667172488522                       1
        238.776664279218        42.7896342929125         272.31624366007                       1
        160.101572117301        44.8467321394067        123.561199081802                       1
        1.56532676855643        122.745290898975        72.2405526874026                       1
        150.734324760992        69.8872594036259        107.993336208276                       1
       -16.6179562063806        123.748407554707        76.4707414265592                       1
        9.70058541019412        109.375119779053        89.8766848557307                       1
        179.256714635358        65.0873881169429        107.062098510543                       1
        194.203514375877        57.0912326901113        107.522702302389                       1
        270.557528332553         82.567258919824        225.070905754432                       1
         174.18448873809        43.6213495510137        104.651528713942                       1
        23.2353763178649        112.676303995639        85.9197125751143                       1
        184.674640569164        55.0010403891464        78.1396247209954                       1
        -65.813106521565        62.6076187064034        63.4965796618733                       1
        7.45965760848689         139.74305997265        99.8400129723964                       1
        219.127045396729        32.3810256137177        81.7418219458498                       1
        134.640709383221        50.5703000980882        59.7709207681943                       1
       -36.9579220225271        123.368221434568         107.34617378023                       1
        226.937781225627        56.1066827082704        70.9088801850071                       1
        145.815518791183        38.2065965917738        30.6061253645043                       1
        158.713687219289        48.7892294365351        102.622942092689                       1
       -33.6841912731367        96.3869726258331        61.7371020249546                       1
        148.991692042219        64.7467324365212        140.471290223658                       1
        171.442062529131        40.4742900607183        87.1315625639329                       1
        274.721723970982        66.1045829138112        56.7776094075299                       1
        77.2536584844432         149.98125800182        113.727684245602                       1
        2.18921651658647        120.352978723323       -105.541418451851                       1
          207.0995340085        24.3905133700509        79.1086810537769                       1
        243.522543484374        59.7241137668719        100.408585250267                       1
        146.521227206939        43.6613102104942        8.16885730011493                       1
        294.122306281238        109.590609183666        74.9712206081387                       1
        340.659387282242        116.196077410262         72.802504439732                       1
        192.283484068388        70.0406686283389        110.834276705427                       1
        254.591304785288        65.2557971101121         231.91323563097                       1
        319.015166115695        148.264535433999         226.10008608574                       1
        326.333726790935        123.732234872395        55.2495203713144                       1
       -67.8212468067018        79.9604868145806        51.8432745231258                       1
       -153.313634667313        37.3305809954441        109.917399321834                       1
        325.124201606061        117.460130952842        228.136979139877                       1
     -0.0976994295682459        -48.493406797486       -47.7639425533974                       1
        230.434491661722        83.1685078601546        -16.327177587725                       1
       -175.820778110076          32.36504948173         106.02064658734                       1
        202.790906374659        43.9883110342605        89.5107443882889                       1
       -48.6335255281248        77.7474415958191        59.3771030117211                       1
        6.44337785067614        145.106020477038        75.7167573756411                       1
        145.760330964939        20.5011152285598        71.3174984117852                       1
        89.0988877484267       -49.0886075817598         71.168070437334                       1
        204.386221701204        56.3292930852409        72.8592241251175                       1
        298.030094935027        87.8383249380623        196.900613497021                       1
        341.291550110412        160.360409505139        58.3133647664352                       1
       -5.88771701462641       -36.8095823615264         124.46292756633                       1
        180.403735576506        66.3535598405025         129.48353347795                       1
        178.313342935584        42.1980049502043        99.2118941856808                       1
       -46.5341024208958        116.839068868601         169.20440995282                       1
        203.727812623574        38.4269675371077        72.9869791155098                       1
        125.879383563275        37.9276354720578       -96.3753665135714                       1
       -9.79178853943868        109.665729322092        87.8540064075862                       1
        167.975770145946        26.0038604237471        100.908188476963                       1
        168.456399780287        81.6130245890407         108.24318412831                       1
        146.933766562676        40.7545609924551        112.685547969968                       1
        23.0499823876353        72.4127418065644        216.132599044731                       1
        125.071324762161        27.8566607480612         31.879310677664                       1
         312.87149367861        108.701423409939        114.638556949033                       1
        297.634778078776        122.140654836575        94.4376470581802                       1
        169.502759527543        54.6812652994074       -55.7631742845554                       1
        159.249458025071        36.8214880446696        143.776385348135                       1
        7.10459066279731        136.765479870673        70.8326123022139                       1
        139.902064123155        49.0827452256039        147.118586327821                       1
        105.986142009472        89.2164719977378        144.618033468547                       1
        10.7745358704218       -23.2316489761055        115.675141535113                       1
        263.549645207572        169.856289378633        35.2907624257637                       1
        157.241753997052        54.7339275769035        90.9968490942502                       1
        349.220778201073        124.854246126049        56.5025389455711                       1
        150.828649489973        33.8032620609764        140.212861187061                       1
        156.023627217741        52.1082962206528       -40.8403697803797                       1
         198.18262976931        51.9312033979383        92.2368043705199                       1
        175.034819045887        74.1777638250555        119.626626295106                       1
        3.10023587696757        103.892300938097        77.6777680125801                       1
        163.344469972756        58.3796040753483        139.193014239379                       1
        362.026088697837        119.877062865808        88.8940784676867                       1
        252.983608742433        51.8574037683226        67.3438828843456                       1
         160.28068340718        45.6043801219184        122.272756175125                       1
       -21.8164779051115        105.189029221395        233.632219907274                       1
        129.106450822028        45.1840841506924        138.530493666602                       1
        157.043504174011        51.5239206952573        118.578666231242                       1
        171.309845501234        33.1695280723166        105.117676374252                       1
        217.535725923872        46.1005962762915        91.0793565767337                       1
        179.485438181503        55.1135162604284        94.3853987248763                       1
        156.893459391059        41.0009401462041       -56.6521427059145                       1
        201.362083162747        54.6048057793714        263.673362162019                       1
        169.444988098405        54.1803046984551        124.883310496994                       1
        190.368277309632        49.3889488060951        117.720960781154                       1
        344.524805180135        149.993659001174         177.85654583548                       1
       -11.1895098188879         113.88022037721        243.122656521151                       1
       -19.2126239393691        112.624959114149         61.888192990625                       1
