TEXTURE AT STRAIN


B  200
         212.67227387199        66.3108066685691        85.6819929103105                       1
        207.040173745983        45.1477640563176        14.3886268169074                       1
        206.713493498962        126.753138444667        101.108287205073                       1
        101.209738566296        92.8157628056493        59.4127262019616                       1
       -82.5090844369249        68.9206943684131        30.8017886275658                       1
        145.042414659477        66.4681044615567        76.8403069066614                       1
        240.839068083831        33.5613745059122        74.8294258831983                       1
        210.640724844041        40.0822646505116        46.9873033215211                       1
        345.000135083546        76.4841943228085        95.8031496274789                       1
        9.08868878583365        25.2761601885655        173.893482115532                       1
        219.569833566859        93.1772966554603        54.8335076518076                       1
        149.530243418621        77.8930470286723        64.0802317272358                       1
        268.594420805433        88.7391351497658        157.855103932835                       1
        287.252303937105         14.680527739512        183.988160203437                       1
          128.6157822282        64.8149638369719        121.099602904313                       1
        289.026257685034         94.201541356328       -23.8324388362609                       1
        203.558300067732        97.0516067180128        130.653081872772                       1
       -38.6079890424582        14.3197515213039        122.734600791882                       1
        79.6060232804857        62.5974031642696        32.3714220014097                       1
        97.1916897447137        64.1832228092248        29.5312042704076                       1
        164.132896393456        89.7796514255173        30.8012537498415                       1
        27.3665897470882        14.0875658801855        68.9066930945631                       1
        197.467521410172        17.7508287102611        49.5188304171492                       1
        216.727486165143        25.5630158123657       -88.2463073946186                       1
        184.774071424002         30.898760985641        27.8252769030428                       1
        285.233334657259        57.0346976847368        194.195024820936                       1
        292.473505260341        21.8456961953037        148.553293379357                       1
        308.961779718004        31.8281390173018        116.474479667639                       1
        162.363227091861        68.7051656441472        32.7471124626418                       1
         187.79022408464        43.6406470112503        43.9551832075173                       1
        115.186980053549        75.9408465228553        150.819839974729                       1
        118.220584518254        82.2492726611025        34.6821979489114                       1
        250.963019970455        123.757084758826        164.428395125945                       1
       -43.9692289187346        112.221242449318        146.053760366869                       1
        149.666663918212        89.4996613006987        93.2445177438116                       1
        153.683597740074        87.6876384467895        49.1065686876014                       1
        69.9960298813348        109.458043720932        63.0317488687247                       1
        251.473472915686       -16.2495976667157        124.041173148707                       1
       -81.7890917512564        6.24645799662237        146.288788011144                       1
        140.498219685052        74.6070147059699        106.678660552207                       1
        136.885266890616        82.7720553958889        65.1711463998571                       1
        330.004583918329        65.2159276924906        85.3560486928983                       1
        213.382677873941        61.2260519177434        6.92493372046848                       1
        124.331649297405         77.712310426818        54.4738985844867                       1
        164.413159428173         74.660514441089        131.122322290988                       1
         329.55111579209        42.3463062908964        112.225382100617                       1
        186.393538562295        81.0818894733362        121.508463950978                       1
       -8.55940671885749         46.099851130758        74.9694521959918                       1
        185.702291042609        78.9487467618238        104.109489112219                       1
        49.5720424414031       -61.9664995961715        136.150355371848                       1
        324.189134350046        97.8455607797663        232.521231675759                       1
        114.760051049279        68.6411248710967        192.216201291638                       1
        169.899657604123        78.0502441356094       -24.7082889023254                       1
        94.8442065206767         76.977471796248         25.595743817145                       1
        202.281572970926        14.3766313763065        120.107937190282                       1
         370.00558493694       -28.4073699789477        59.5553372652138                       1
        239.604165062955        7.59377166784544        197.463409670445                       1
        175.489008729118        76.3019150938382        14.7144427802921                       1
        232.718751718234         45.176406907136        65.4635695572317                       1
        239.448942662404        79.7851689547022        152.663950834999                       1
         263.13553142316        66.4729762784319        166.540055347384                       1
        43.3489456253301        62.2316429334748        87.4308431132924                       1
        53.7944435170447       -10.2791017327522        38.5380494525182                       1
        47.2135704202293       -27.7674750321313        33.0921859940097                       1
         143.16856079081        76.4914210446573        48.3614350315845                       1
        299.015105635681        78.9374637883968         127.95044806574                       1
        95.1360592911826        82.0654290793299        37.6446217920444                       1
        320.397596091268        33.8145303571815        223.891135551263                       1
        115.544037758976        9.96021476445862       -32.9817300124271                       1
        80.8084475880862        79.9241363231929        47.9970562405763                       1
        80.5667796580628        49.9585731678529       -5.20017639552425                       1
        160.138903927157        21.7197082433336        104.454835569485                       1
        263.063402659549        27.3631855616477        168.084115723127                       1
        156.719723052015        88.4622819496085        68.1268825012769                       1
         226.52838683745        89.8693901425805        107.746379520505                       1
        156.517689458967         77.558054891408        10.8568759124279                       1
        168.833432533413        68.6196201514559        111.651841500441                       1
        5.86039759391006        115.949289980897        151.489384990685                       1
        213.938384114829        94.0848681141916        166.633207388938                       1
        272.493645918009        124.974076849413        180.139015561762                       1
        154.983738380321        105.378733593258        82.1574292685621                       1
        123.912136834575        45.2695413332593        87.4382263058452                       1
         230.12273133618        36.1999789528282        196.262587235095                       1
        251.636698795779         66.088903458993        157.237614419991                       1
        270.696668261482        65.5589126325005         135.18073749927                       1
        104.688698963716        93.7174133739899        36.8558403220581                       1
         172.68227708349         85.678647143711        47.2783145776964                       1
        190.799710966972        23.5827556287147        80.8256779446565                       1
         159.11776537541        28.8669681966822         70.583921461464                       1
        209.125254401973        12.3609534243165         82.173377409594                       1
        124.051989165147        24.4426968611787        6.47242980358099                       1
        304.446731556607        44.6983592971336        103.360048157295                       1
        216.602919721543        44.1785255451996        23.5226600154385                       1
         208.50291953948        109.791873940174        94.4643125061384                       1
         134.24089661794        64.2403456900138        68.8780426864464                       1
        188.858415790546        101.318866795132        102.001804105479                       1
        106.564462598285        66.0966837928719        6.18899719657901                       1
        86.8667042763553        97.1472331930393        41.9231445627041                       1
         150.12476780577        56.3275633964426       -29.4902650793198                       1
        195.506130304096        64.6760169229317        117.733386857202                       1
        2.33908645891108        43.1997664560826         160.85618852808                       1
         157.01276911512        65.6218855500787         54.151840480452                       1
        223.990527263251        27.6320990302455        218.710234619799                       1
         21.182699144494        101.220346536578        3.67523407412548                       1
        30.7085700698743         118.61636388288        209.221692189341                       1
        241.197296222474        22.0928427081845        238.674246305844                       1
        74.0769050356844        49.1424421927907        155.125697876931                       1
        214.604601716184        106.731099574817        117.816833809916                       1
        183.291496730087        88.0209222235608        70.3457232722502                       1
        117.628226798598        19.0258587104614       -19.3125458947583                       1
        74.7035547467306        1.30683663058785       -27.2080833783698                       1
        231.965281380349        54.9621139050404        180.272949533303                       1
        115.749127291886        64.2187648480531        103.951444801506                       1
        354.088365441257        9.46517401002871          188.1029394701                       1
        104.394527367553        73.8622769503346       -18.0621859136981                       1
        216.514274652023        81.0985016312178        77.1358172125819                       1
        108.994860143076          54.43324337669         147.14826658153                       1
         131.50303282645        80.7736127882732        83.0643016439469                       1
           333.636146158        36.7678688933199        69.0489065673957                       1
        152.508550830819        80.5717542415642        146.347100341251                       1
        33.0291767036623         94.116191325543        176.904199611297                       1
         323.05444813197        45.5951722278217        88.0798615363597                       1
        108.488523816534        61.3405327495056        166.984538768484                       1
       -94.4126277338045        18.5645931448414        114.037375219448                       1
        23.6483902614888        102.252953897625        57.2511985044073                       1
        205.915463576924        74.3435463839326        70.6110959015592                       1
        192.910416795915        83.2683617875584        60.9400279232819                       1
        284.201289327447        68.8868698889487        136.773385714868                       1
        191.151812045839        63.0334319770378       -14.2123798509722                       1
        88.3891556535174        66.4934717523585        -6.1295452116313                       1
        326.139651801143        54.1710446638998        53.2885742944918                       1
        254.519679650577        91.7551129228458        158.580535154592                       1
        83.5758710943055        80.1241723842802        94.2695638370678                       1
       -22.7884096230836        5.26091756548761        123.483028728099                       1
        53.8259364886273        51.4867614516074        69.7863660206562                       1
        332.390152250499        52.6323542265083        94.1973644378782                       1
        142.844905002946        100.194773558995        62.8946339471084                       1
        257.085088900757        81.9134790735838        140.295081778661                       1
        18.9615500425288        85.4973251786209        113.039554386506                       1
        67.6299739129527        68.3517702705273        81.9649776182576                       1
        315.392939910814        61.8508547102535        108.290851860711                       1
        206.610306563417        88.1543330168453        89.5950515435802                       1
        328.787359726371        113.310512851448        53.2824878422631                       1
        423.242296300941        14.8545919962152        182.852426809727                       1
        223.764880577725        75.5587834415353        15.7280881880795                       1
        93.3235221627865        56.6459006641961        76.5496081444331                       1
        97.9258665642517        101.447985329758        30.3936365175788                       1
        79.3716876455574        67.9441269539147        136.005845340315                       1
        271.212301437971        117.467004960926        164.192357928621                       1
        134.809475685001        91.8831416791227         46.133556141971                       1
        85.7740741797349        74.5236860276408        12.1172634438203                       1
        164.823137955428        20.1446099807515       -42.3221217048547                       1
        95.1586494251733        79.4720077891118        3.69187824162641                       1
        236.626268703263        22.3675413133749        16.4338887966295                       1
        179.634065123132        23.2637748425454        116.721257029081                       1
        215.482922088809        27.1351300359817        68.9843606299749                       1
        207.665559302551        60.4041245734953        130.448075481465                       1
        156.894511331261        11.9856133326503        125.754870096083                       1
        193.065678374266        79.2934323091481        77.8411908996392                       1
        216.767632501465        76.6846401912706        100.538599631771                       1
        127.746449093109        81.9719421280593        141.413444923819                       1
        149.542694775845        7.40225690984916       -92.5204293739757                       1
        407.754109263268        106.224903663235        186.442376582978                       1
        181.985859636095        97.0427298156434        165.044121756254                       1
        162.306050866561        122.501935075169        86.3874994534615                       1
        213.338432432591        78.1169052279538         135.20590911693                       1
        19.7925102120417       -33.1321849732518        94.8616225983139                       1
        126.784621320955        61.0878853100938       -9.85744711762867                       1
        143.068611001555         21.541034040325         107.20236559301                       1
         376.45257744862        61.5708675449014       -1.33632440806794                       1
        167.011124946987        91.8041686631097        141.586572952589                       1
        3.60875274833649       -8.43655865804974         80.227291485304                       1
         387.81809790567         -24.32996906045        26.1815467568756                       1
        355.845272823975        29.9929222662042         84.487311350038                       1
       -5.86164932668199        60.9863531120535        69.9949599223998                       1
          177.7719929001         8.8395448337808       -51.0404258815958                       1
        -13.476168160938        40.3776265136771        185.384119431266                       1
        267.382258712731        77.7524436968884        148.657633828904                       1
        250.832022079318        145.215816685997         39.523735765348                       1
         122.69977475146        4.67435441699461       -12.5532477797694                       1
        380.543601329197        103.197813437318        33.1767155512104                       1
        270.798070080198        17.9859099709712        148.466082471675                       1
        177.963112988546        36.1540883717006        92.6639383392331                       1
        140.793378881929        100.983909520089        112.430237462473                       1
        229.878574641534        67.8699019890255        118.356035490443                       1
        248.067196490766        15.8999772524931        206.881439171535                       1
        269.078345366621        83.4122920953394        124.639952816837                       1
        23.6442457902632       -13.3473800358151        259.997581303501                       1
        335.224187645258        -26.487309857678        129.912482441776                       1
        202.601693158837         41.733641284908        176.277194934254                       1
        100.043713545709        45.6602677916062        11.2150779853259                       1
        154.971124746571        155.427878886589        167.612572230952                       1
        202.366343409912        90.2641340847309        109.895126027612                       1
       -29.7729305428754        18.8526925384762        126.449422704816                       1
        378.116399797794        83.1965036028041        96.3274130323846                       1
        95.3783161631582        35.7968215379697       -3.06949961745951                       1
        110.773458844414        17.7027005538616        4.54727262297535                       1
        311.437598439689        58.4297678573765        81.1712486800271                       1
        194.042696117593        21.3628506631044        79.5233619149777                       1
         281.34546124539         102.81987812213        130.846500310058                       1
