TEXTURE AT STRAIN


B  800
        152.997706365856        37.0507970507987        89.2916224674719                       1
        123.560150374162         87.940153182729        42.9764455069393                       1
        363.683875949582        4.01966638060922        41.2725700690252                       1
        205.332036408373        54.8890830345894        117.186391939749                       1
        42.5979249844918        88.9279019647919        57.9232495130825                       1
        108.146628473735        73.7052704987499        104.222556383745                       1
        188.689235742964        41.3324384915706        100.085569168099                       1
        22.0265438866579        64.0219397768034        15.6593316333232                       1
        92.5515678317167         77.641892275889        7.32879243195292                       1
        82.5683989264728         80.234698958665        101.268000621441                       1
        162.042721321561        63.2931898098852        158.035566001138                       1
        77.7659781621387        84.5676214751616        167.229582899319                       1
        34.5667257194695        76.9285383658991        83.2064326499726                       1
         80.580473141299         52.727771248211        138.309700789971                       1
        351.610474308449        61.1477514106203        62.7809413162881                       1
        220.210774313465        76.6398122039285        12.3169086750345                       1
        247.003949782495        90.5134068379356       0.107728184568897                       1
        323.877298754917       -2.16876823415285        33.4930630614253                       1
        71.3257972643614        102.681842717574        0.94355291783819                       1
        8.98470664093124        87.6359288679519        117.845157060501                       1
        28.2412043949384        74.6840101240916        61.2587745547447                       1
         67.414757564255          23.12047719832        104.447478564335                       1
        346.046718421871        52.9884245146087        153.187466680714                       1
         49.041397461525        45.0598937381648        176.226286949937                       1
        347.087491796183        49.0872572500229        135.529693112432                       1
        339.583846593162        18.2900233154332        137.547372241021                       1
        174.417757177017        82.0977741562916        143.628462429865                       1
        198.357746784299        65.1355587756999        152.351301444945                       1
        321.364835340165        50.2818372468459        8.76405099440981                       1
        277.864738123382        73.2336981126895       -5.96239724449324                       1
        159.184943527945        56.8777682734043        146.556160149432                       1
        38.1470930675441        69.7196898875197        10.2713232585051                       1
         64.395462647264        84.3641768360196        21.9990238213101                       1
        153.355244441014        27.3446181784549        86.3528703787948                       1
          39.26081277442        73.1773867558621        95.9453456939701                       1
        100.042052597607        33.2599372978662        42.0546812836454                       1
        217.157811119479        86.1149457648626       -12.2969886152632                       1
        89.5325333265925        54.2901813764538        55.7465887501449                       1
        47.2359010509911        52.6931398319912        70.8884668438298                       1
        222.909231089058        84.1373809908961       -10.8189191108661                       1
        165.725517712118        84.1434771095854        36.0148972982466                       1
         338.71676541794         31.005761731831        153.733121161981                       1
        266.509557856626        37.2517388740772        130.944728643635                       1
        121.801160527085        72.6980728307724        30.1806693650115                       1
        357.553002644671        29.9625434162186        51.5497190602054                       1
        231.403822326774         73.657814983792         82.099405054081                       1
        101.313103047846        81.1748417743007        15.4760955324783                       1
        313.117647684807        -1.0630122902944        112.246933270842                       1
         105.83408034446        78.5522392117332        165.366388963122                       1
       0.857602970765719        46.1767860813778        111.616404916665                       1
        240.592027043867        78.6986829466853        124.331444837799                       1
        113.419141163664        26.9424834148661        19.8079317295775                       1
        196.480935027354        100.869378831903        150.031309728255                       1
       -0.92815503357931        25.9601151861312        46.3562595659558                       1
        134.134763953965        78.1428925851464        170.648164689195                       1
        20.4624235870233        55.3570344138519        62.8199736706187                       1
        20.7986618969907        78.6192650832649        170.207030485287                       1
        210.148137350621        65.9133133242553        78.7163774595424                       1
        251.993159875952        54.0954985414609        156.026668963944                       1
        29.0720334726814        37.7349656512468        129.072272412143                       1
        32.5533608625214        65.5210082688465        155.194708725632                       1
        339.493120415624        64.9689621458399        134.167877563176                       1
        169.944439794825        73.4503847097945        181.069441796526                       1
        299.841694788451        86.5380172077509        15.0613131221002                       1
        104.564905329952        53.2412876346643        142.963829069599                       1
        75.4658147062738        54.1545957506574        65.7647491783172                       1
        228.271975527826        64.9013737395296        15.9228296228818                       1
        258.470480493992        70.6544106608223        164.934265278896                       1
        265.613683971279        61.1005649133947       -8.98584237567227                       1
        132.408403482129       -1.84411503889966        54.0137786389172                       1
        142.912093913183        104.118475932661        50.3864974671756                       1
        256.958252447666         21.737883282522        71.4942552211107                       1
        265.105786369069         72.826478724949        95.2697569499516                       1
        287.780143334881        86.5123289799926         58.002981842918                       1
        176.750182331948        68.9001017130073        32.0029332511013                       1
        339.697041227464         89.619292349919        157.390706015317                       1
        202.535772370831        82.3610000951018         109.16296534804                       1
        179.454619427998        22.7836069330141        97.8131071624984                       1
        136.001921154939        98.1223315628597       0.588820841140554                       1
        17.6079644526184        48.2146284765383        29.6521201556729                       1
        261.011065500067        61.0924309501549        13.6037104662863                       1
        104.557284876563        90.3364016315066        95.4724416876032                       1
        177.339193840787        19.2997105900777        88.4851890462575                       1
        176.790557885737         51.745996870153       -8.45958530303801                       1
        37.1559692201341        72.1923903518988        11.3557353808226                       1
        252.751346055567        31.4789758162544        38.9607926907409                       1
        32.1472205280547         63.927174246732        72.6682464357828                       1
        2.83400301102424        49.2010797996069        127.033356789886                       1
        303.950051513398        81.9890183625089        105.853570812334                       1
        279.467240627208        74.7291789109436        164.472050767471                       1
        246.733768657446        45.6832070097346        13.3565657450207                       1
        28.1564457797554        77.7267177575513        60.9521745682335                       1
        212.160862878935        61.3967081245333        91.9385982362629                       1
        175.490620609341        94.2708714561028         37.201080661529                       1
        4.18898863126657        74.7842569974248        155.262267910033                       1
        145.324557118609        79.8774790019789        85.7888859779696                       1
        162.958086292023        57.3224782134574        137.020891360979                       1
        332.106151596431        12.9030752125009        179.271044462582                       1
        271.347865504334        55.0274645810344        147.614442172258                       1
        94.4259883529375        78.6503525623174        22.9157986043757                       1
        91.4532137424582        50.0476169194938       -6.17980570265745                       1
        316.409959463807        17.9167408170253        51.7876377623533                       1
        168.447000217159        13.7076562936621        40.0224011545715                       1
        172.618063154261        79.4346791332874        51.1231718805815                       1
        252.663884092665        23.9871796657181        156.051025727651                       1
        29.1293186469961        80.5539730801437        138.667670929697                       1
        111.214756604919        61.8289994489591        37.1741028653515                       1
        244.488873274934        69.8077086027862        124.841090659804                       1
        159.210086068131        42.8319198109715        151.800261159695                       1
        93.3606563181642         28.901502155997        69.2354573381207                       1
        90.9918607510944        61.9126137853527       -5.28324536452874                       1
        338.256819866967        79.8856654534841        57.0816553589227                       1
        335.983356753439        90.8983005854009        33.7263005631717                       1
        203.055183761061        45.7879701758359        100.649475654704                       1
        181.632508388992        16.3637012041215        47.0861829134932                       1
         265.67466836174        79.9550223864548        155.029936465433                       1
        319.199646195473        61.3821689135777         185.41936099657                       1
         96.150602181872        41.8788505013374         52.083214438117                       1
        17.0632921338724        57.3303026925947        97.6107814961392                       1
        308.932376726864        57.8984686741324        112.631818392705                       1
        140.140068730773        67.4733942698871        85.3259664308191                       1
        349.345519856904        76.7606737217822        53.7096112999141                       1
        181.527004650702        62.6918316243168        131.153919956644                       1
        70.1569338326299        62.1474448439985        171.702200626763                       1
        128.292255427246        10.6998524102666        89.8272838230424                       1
        187.547233381863        14.9900308502756        138.285978450367                       1
        214.144528233488        94.2038358469183        118.550761346264                       1
        28.9543162159668        67.4375809545605        50.4723293734065                       1
         299.19945960008        49.9346516224358        4.78773701305266                       1
        304.353708116841        57.2686637439169        83.3939149590058                       1
        180.367646423453         45.748803112418        152.358285751616                       1
        378.526747830077        66.5226048518408        30.2812065160106                       1
        160.495718214608        27.8042492497366        105.170337981038                       1
        334.770463229788        40.0406512027768        88.8431458628794                       1
        84.2890727850575        42.2634580540954        107.452232059362                       1
        91.3817592584859        68.5279608009989        57.0625550782076                       1
        262.975618144984         104.62175719719        134.047239244014                       1
        272.568149413197        75.6073648142157        11.4920090148171                       1
        334.144401443197        78.2021218386936        160.296678080145                       1
        79.9738654189227        82.7334829860098        72.2694319970885                       1
        295.505972163509        66.4457584576688        135.231514486445                       1
         328.11463151155        70.6203748901787        74.2146869571309                       1
        60.9167897601058        41.1968977849877        2.64995976451835                       1
        345.434898990782        27.0267507413314        159.698927282657                       1
        159.405038585731        71.2286723797909        12.9610752485041                       1
        256.766694475785        91.1514096765168        79.4501192946522                       1
        258.611781625813        12.4976045360816        118.792635797921                       1
        61.3959796928957        99.3800691881394        36.0111449440011                       1
        331.339060704316        51.0794858037129        81.4226406359361                       1
        252.120503457995        91.6812207656383        134.000703066071                       1
        34.0174597512338        20.3646649306049         136.96547179789                       1
        316.237199022278        29.9884274256731        30.7460611711206                       1
        314.452706451072        67.8487181976161        59.8980591817119                       1
        45.0289260972993        64.1576307833105        74.5250993496422                       1
        51.3934346831203        66.2861475392963        148.442404197926                       1
        138.396834011189        30.9558388152427        164.126508254387                       1
        131.773535963255        39.6539455223294        156.084543804415                       1
        264.713971542523        21.3931117383229       -2.37161154228333                       1
        211.450360479253        70.3135436240136        1.26083470164518                       1
        136.439175354557        90.8658047016121        28.6580967949224                       1
        328.067622355809        68.3868320419157        15.9959602411846                       1
        238.031478626463        93.5664941004744        94.0935231703579                       1
        105.373061898593        64.6042959377108        127.939697841002                       1
        296.643541430879        52.4289024191358        71.3885554251853                       1
        188.724358597549        72.5724149398606        141.404401600259                       1
        122.283927326922        79.0092944727649        85.5480684396214                       1
        145.640351405848        11.4849521045134        146.267610598926                       1
        232.621160308505        59.0134262165982        23.4319221833196                       1
         219.34541185987        50.3698175383133        89.0619024359242                       1
        341.502999031806        39.8714767284067        162.434139522499                       1
        244.223708566231        16.9259856219415        106.091562665476                       1
        296.661251583077        24.9189735339844        14.0923647353688                       1
        211.841457331835        57.7783573849256        26.7573712499138                       1
        15.7777267529297        52.9043606409968         113.46021797597                       1
        316.105417297984        21.6753634189676        24.6415076675179                       1
        253.295056604176        18.3807565121922       -22.9386128385123                       1
        325.433878497848        87.9903834872439        7.32821775494831                       1
         127.98118280927        12.8352469296116        19.3684109841631                       1
         13.867556564531        78.1215067507281        40.3435759101081                       1
        285.825943264023        55.4832680155669        26.9643587059396                       1
        137.885217940583         65.461143707185        71.4821926166282                       1
          40.58647061502        56.4508124365688         192.72747292041                       1
        314.709177412442        45.3539501867024        12.3827525711086                       1
        108.960675625088        12.3849684254559         16.725784303979                       1
        268.569390059192        61.0891522875242        142.981868037575                       1
        307.494340797675        75.7461304259802        72.8581166900736                       1
         83.769279897817        46.8612256433825        37.4270954337602                       1
        156.866922777302        73.3257123791834         152.35955895196                       1
        48.4561161600816        16.9997497732857        113.277779630024                       1
        59.5639287575204        71.3336491152699        75.6374734670551                       1
        127.917948832123        40.2941149431787        15.9879688188748                       1
        42.0491845707655        76.7362871293478        27.1507420328627                       1
        40.5682652446839        83.6557445681288        44.2161179676884                       1
        342.707756102715        57.6631037116057        84.7993869440353                       1
        54.7684193774374         67.352683594258        177.676747639126                       1
        218.072170721873        87.2975066384222        179.770939887286                       1
        152.422058897739        14.7766846495976        165.091987260958                       1
        290.876683208773        57.0634389146636        85.7966694247886                       1
        268.682331128711        49.3636825243484        111.461374626928                       1
        230.022395847993        70.4004356357483         169.84285279049                       1
        31.0585832671715        68.0645817127596        35.9446861127478                       1
        5.37042511759915        67.1200939842371        109.190314378528                       1
        201.213142610852         24.034774702804        51.0239381369622                       1
        112.756344649966        47.8778538501116        78.8332736997711                       1
        96.7147349848066        51.5667924866021        69.7103470353394                       1
        48.5828253247149        22.8648875234616        104.106366976489                       1
        154.925381002818        61.4783826967267        174.480355021447                       1
        271.479633324951        58.9774383987959         50.341377670913                       1
        176.102103632258        53.4014982403933        40.2608457444165                       1
        294.227580505154        75.1546177655286        168.643571154255                       1
        196.200277841279        52.3661434706317        28.0240848320349                       1
        321.378840180469        71.8700753345784        118.577754404702                       1
         73.636151836775        51.5909788625721        95.9640631953802                       1
        35.0837773953637        16.8821222152383        186.348019154199                       1
        315.143565098627        41.4175676002608        92.6258951751801                       1
        23.9687541723215          69.87879261398        115.661204285718                       1
        23.2094355196707        80.9667217399659         187.98017383308                       1
        266.890259945177        57.5478475134729        92.9561145518096                       1
        137.367676932922        99.7679066303919        37.8905376725246                       1
        3.55972236871065        42.9988491239435        56.0960276706914                       1
        10.9116100779026        33.8425976202877        125.587336218855                       1
        231.840753883818        47.8401417661366        12.2697970693052                       1
        99.1790695309162        87.0009713026954         22.878885737314                       1
        289.401057607751        76.5425977684944        91.7770560962206                       1
        148.517917351992        30.1371021098801         173.00074410338                       1
        95.6900206104025        65.9438179391479        156.994392507613                       1
        308.034361208245        69.8340540892757        -17.696545589978                       1
        158.298225291847        64.1361634286962         116.88260678327                       1
        389.278646403183        75.1929623477122          20.98207998766                       1
        32.6501271451068        75.8834254919509        169.858974922052                       1
        251.008888619976        64.8616052468892        14.7154161081073                       1
        308.346199896262         40.720833607522        95.3217012249114                       1
        215.859453170919        52.5535502810835           69.7782026897                       1
        204.978985878949        2.49657492840666        22.6291247457191                       1
        176.210478659308        40.7653189370005        123.955572626688                       1
        203.257886432598        90.4570541998167         142.88009123312                       1
        154.872447927667        71.2535089306238        77.9183690693367                       1
        236.555503089282        49.4441977135226        138.287523621108                       1
        310.733905313248        74.5739217319771         44.395719875128                       1
        141.903482012256        53.1815553714108        81.4306544157523                       1
        141.468167565009        8.97731314109606        20.5247936824541                       1
        247.580459817419        61.3865671845313        146.402378090656                       1
        189.739288554761        65.1277534606833        118.007166550721                       1
        298.785324820279        21.1020924283271        135.320767466589                       1
        277.188951453618         83.215506113668        74.4776382524633                       1
        255.096831289719        75.4884161796392        80.4710226723575                       1
        122.768031851969        40.7076037972119        2.01449197477169                       1
        12.3354214733929        60.2004343031322        47.0666096255601                       1
        6.15949171794149         45.904506653324        147.850693574366                       1
        249.370818230096        64.6521381023086        163.196445921502                       1
        202.070528758862         23.363012856911        37.3933073708736                       1
        79.1985646045131        10.8080748604694        169.438667228786                       1
        63.8213603207275         65.589179234687        114.050211420844                       1
         104.06709378177        16.0199618781645        112.574433576664                       1
        30.8538963406595        84.3916847991338         102.15911315565                       1
        174.760910080283        60.2717242739981        164.953464426992                       1
        250.490070276065        37.0371665990027         104.79666630315                       1
        351.696267024414        60.1700977369083        126.844994775005                       1
        283.189619466054        78.0018073877023        115.548720245882                       1
        337.995005541841        80.8983829162139        139.418697210012                       1
        205.048451504361        97.0167887017297        157.717641812782                       1
        107.906026163561        78.6977754364504          37.85341792873                       1
         363.30291439043        71.1517130123846        117.720043548669                       1
        183.066244609302         90.888178698731        80.0451687583011                       1
        345.125179845422        8.58822935105313        127.111466745331                       1
        95.1148446798221         41.051323693435        165.902955897259                       1
        361.594049573211        70.2113105843809        71.5252835819408                       1
        78.3164247914875        46.5714672760277         168.99149901443                       1
        120.929062086929         94.017154199955        28.4499848078881                       1
        253.493870003591        73.9504671400131        153.175988069183                       1
         267.31748206678        66.1702739583655        152.903048273667                       1
        20.8001337008463        19.2942351001241        12.9728299620436                       1
        292.876972759734        64.2838090116982        30.2868977663518                       1
        268.855073522945        63.2946904795854        100.540395864809                       1
        45.8610964805863        68.7965304559195        96.9927774163241                       1
        205.554774612997        36.3644444105517        89.8794585009103                       1
        255.410224083724        61.6097335475513        47.9516881351019                       1
        290.592726218115        32.9151823825524        145.746472086786                       1
         136.19052703782        73.1145092487411        19.5942174104081                       1
        102.676240500934        90.0981327189057        159.054406843589                       1
        31.5990953477526         82.525491736224        119.674450926147                       1
         334.71540688812        62.2741430457326         123.14677943463                       1
        360.803010955446        86.3869499383443        110.353963209088                       1
        149.966075529204        73.1230339135778        150.042600545447                       1
        141.522397660658        29.3161219461552        11.6004795350394                       1
        145.193638984763        49.7891242760253        17.1752177580403                       1
        362.971195660042        78.9557185868498        116.917916968925                       1
        155.738961321949        88.5973711656959        119.147930410677                       1
        21.9106463495231        64.7373579677875         106.31725248555                       1
         78.046398473343        68.5206474087309        38.9586746141097                       1
        315.865488795505        38.7328714709801        14.7365267891152                       1
        325.201914996497        87.2423147012178        64.5201002476947                       1
        222.650790275605        88.9985285882086        136.585958148344                       1
        249.488394505072        94.0028569390208        115.824445191199                       1
        126.667014809855        27.1953289102739         111.34789959883                       1
        140.530017743952        67.6837624765851        159.006705781386                       1
        169.700649468897        95.9547680092594        160.061807481886                       1
        372.536524123463        76.2423398751268        166.748638599381                       1
        311.756454417531        90.8403875401597        82.4167271597044                       1
        140.116937069152        59.2585759010046        162.634453653123                       1
        128.385476621873        56.9765615901931        78.9817040845047                       1
        4.71105368180434        60.5662298060832        138.829287203009                       1
        207.317808818657        55.7216378883903        67.4682678082738                       1
        97.6327609542179        53.8043737624797        194.472631687295                       1
        62.1518563656274           31.3947248088        71.3867516612888                       1
        333.787176848106        5.99877222333517        191.876563169707                       1
        228.711421413946        65.1420819152898        96.6432909133324                       1
         60.467567160817        105.132504037759        33.8696449800931                       1
        160.585321963182        52.7948806087592        31.1970745758926                       1
        265.836032985495        58.8218729491505        161.664923592863                       1
        88.0092292400984        58.4311367335018        68.9836667385788                       1
        106.932234742529        101.444540454163        180.489617107973                       1
        173.990104099856        66.6162453686735         114.87249026546                       1
        136.908861449584        60.0730127934971        179.128261051219                       1
        208.474278752858        47.2727016019956        79.0179893600589                       1
        106.934070266698        18.4481275060693        117.963527842644                       1
        33.5201907443029        50.3347830765386          21.76597834258                       1
        157.508484122639        9.36629585808161        126.600543408366                       1
        20.7235363100756        32.5308627644288        163.579743919371                       1
         77.306811396907        14.3346799282762        73.5184764271972                       1
        309.553698389537        72.2102249816708        13.1384652107386                       1
        352.128055306289        31.3542688091599        117.978917599075                       1
        345.612370836187        72.1093512569268        117.678417760334                       1
        316.346195878853        51.8854425125141        34.8024664919595                       1
        194.781382381544        102.639432500029        22.7711026594735                       1
        68.9005596958032        75.8238425631236        55.4817985380568                       1
        205.108923488063        80.3431684918305        174.122348528555                       1
        345.721527048592        60.8946034447113        60.2631540696237                       1
        136.695575428273        78.3570316834572        51.3222150286674                       1
        315.759287507816         39.340619901355        119.849177127949                       1
        40.2159247917827        83.8275896813616        78.2528312560995                       1
        228.001631724946        47.1122396758006         64.765504520746                       1
        21.4265110328458         71.804338712411        92.1122081454003                       1
        204.578855344255        27.1074883484215        13.0575879002394                       1
        252.793987969921        67.4996742371598       -7.26176940446353                       1
        280.474549315168        69.6715977944419        52.3823932897643                       1
         236.71195700144        86.6998843807475        162.086711578912                       1
        54.6793765329278        95.1549342117145        176.109465614324                       1
        231.930551200746        104.943042769085        18.9949876136022                       1
        143.587428393255        60.3515139190597        4.47094305654991                       1
        241.721829716723        54.6398360311184        62.1074914328809                       1
        227.515171630569        64.6570380056025        70.6042390596089                       1
        222.422965413947        33.3392368639441        18.8246325572748                       1
        157.870398883574        12.6778911016633         76.966976184184                       1
        34.2536309709612        88.5684240290871        40.7401969385157                       1
        268.853029345682        43.5740538967131        172.620100591779                       1
        227.927923640277        86.1379405113218        64.3370252400916                       1
        280.136876784916        35.1523400955189        135.565745056048                       1
        112.679397411785        59.6004784362262        44.3846176851852                       1
        96.7178257049732        37.9696352512207        86.3627505642982                       1
        203.510511233024        81.1089390516489        42.9153725782459                       1
        107.069692608523        19.6900118123515        143.138370649265                       1
        164.956224234011        56.2726861338659       -8.19267681661706                       1
        272.661718997026        11.5937847079861         35.424100708029                       1
        196.926538174684         66.961529764163        23.8284542519654                       1
        7.59630596394608        8.43820208503871        156.077170336399                       1
        333.365538475924        41.7129069876849        75.6565173476409                       1
        332.712399707594        63.4683065658917       -2.49766349039277                       1
        98.7642878180773        67.6596779578212         154.58953195875                       1
        263.892141803766        43.7620838733196        163.902738250183                       1
        199.464514559835        47.4090697925965        36.9715440683361                       1
        309.185663514624        60.5113619264471        87.0492397887309                       1
        93.7606269789579        83.1875769849019         145.94179249736                       1
          59.97867199003        58.8845202877526        73.9375584969075                       1
        219.536635260932        94.4082923225657       -17.7313554577784                       1
         133.33214697255        85.6594249490256        65.9716781509874                       1
        75.0566516084498        26.8365743425297        176.269290159986                       1
        255.469956325666        17.0489076984481        166.583198776556                       1
        167.099273574114        54.9626808586826        122.075676714992                       1
        168.167244442087        15.9328989355116       -2.60378152391105                       1
        271.737855263728         85.772485265843        175.199725588113                       1
        173.772237521898        55.3383069099805        136.314679606967                       1
        187.585949851316        93.5378816397789         46.212814526662                       1
        347.224810315558        82.7014372088385        123.909373350817                       1
        192.468228856079        35.4790299867245        48.3687264406782                       1
        20.7409151967613        64.1814437887314        120.645348837958                       1
        83.6646476770604        62.6668248473273       -1.00239932689733                       1
        139.456948243183        68.4802219148186        70.7368186042012                       1
        41.5021132251835        75.9369847311806        108.204373513092                       1
        305.102070637442        85.0510705999909        127.573834603011                       1
        300.807539113003        6.36932368608878         130.31359749258                       1
        301.942250744307        54.3400144285749        34.1687441053454                       1
        187.971619848334       -7.44630447511361        118.019333461389                       1
        19.4460788790474        41.6110455756257        45.9829156432074                       1
        121.324769311561         16.926758378153        51.9958012455895                       1
        213.337930743376        24.1099361561187        89.0705432980835                       1
        71.6586016161884        63.5618898042626        60.3371433852612                       1
        168.758133070652        74.1251568183866        114.858902784079                       1
        206.740307480134         41.982825132155         20.313574509403                       1
        133.472402788465         71.526800451584        100.896060427675                       1
          78.28398267255        63.6049408835438        23.7848824253241                       1
        203.738687012723        12.8497178341943        9.46736976791352                       1
        329.618234299626        85.1003630030207        120.619372769413                       1
        122.509174270488        22.7067790213443        163.108155033057                       1
        13.4729816941148        63.3882035305555        61.1564147472533                       1
        348.073319042665        44.7979909181768        145.333133405294                       1
        102.239074309585        60.4728112258832        15.4734384806582                       1
        77.0477753079351        76.0698940407695        122.155213375334                       1
         166.65010080799        31.5701162223537        84.3615253970613                       1
         51.843747788552        83.7757768503356        54.1349123523421                       1
        89.5832568677177        16.9387672097949        49.6031795959078                       1
        56.4405145438249        42.4301384566625          97.61894412131                       1
        204.386761523617        45.1727817058381         113.49454977056                       1
         244.96681152327        31.6281439748344        172.255865892929                       1
        241.315637893093        64.6482498374104        25.5972496244263                       1
        220.495796377996        52.8924015466442        164.655315538271                       1
        75.0851261936356         36.577324509209        50.9434153889138                       1
        214.777850035281        66.9122711825261          135.0137663604                       1
        369.355965922988        95.6669991421576        25.2916920308286                       1
        373.352369152302         62.940462115732        18.4058142617021                       1
        64.0698325949912        77.1954638028161        112.138860034202                       1
        357.506554197341         68.756411523661         45.433889748021                       1
        332.800729745635        23.6734115269389        169.794802727293                       1
        126.336013328575        22.7541129939586        83.9965432516604                       1
        144.367277759001        26.1855189813437        29.5029557044154                       1
        53.4954433975663        49.6849085515162        54.3218723333731                       1
        325.868258354185         25.728201627873        85.2539683960553                       1
        82.7026564891422        45.6468515045422         82.235606713044                       1
        140.489808601327        91.0967210989064        132.692685902345                       1
        312.284579539744        18.3232527088547          82.12416891608                       1
        163.012593468928        81.2728903162783        133.589837401424                       1
        263.993434097963        80.3166901636756        134.833737930412                       1
        358.598996750041        42.2365700942742        104.659500672112                       1
        133.343021343145        34.8195745956063        83.9997702144812                       1
        90.7370268057804        19.9612985346237        143.009917175199                       1
        307.004812412284        72.9809723056408        34.2406479690565                       1
         299.26231658868        15.6322290284229        123.145065550711                       1
        366.724936796603        54.4120031443741        189.693144775441                       1
        323.988116736903        70.1143089465142        42.2203546322054                       1
        206.697799061788        83.4879457105634        99.5813368863764                       1
        160.256667678869        67.7442702904418        134.230081306029                       1
        26.9564255917595        78.6366447098036        45.5693093652521                       1
        277.929222773421        52.6330558188441        65.7568229524594                       1
        151.988592956901        45.6540217882804        72.9830255199372                       1
         102.01738581494        29.8301257711365        49.0110938556541                       1
        229.792971368739        72.1487040684444        42.9590376206907                       1
        304.250832737921        81.7954775399717        162.397004038604                       1
        315.979316268261        56.9767709530353         123.36508397547                       1
        270.389389075931        75.1006525758949        103.309373323983                       1
        249.862974593988        85.2463292484914        96.1418644601268                       1
        14.8356347678256        74.1663431615602        129.464245654983                       1
        287.736896591819        68.8712314793868        141.710603066639                       1
        225.860666897977        44.4070529282166       -3.35094186499285                       1
         256.23117638191        57.6808050774756        71.4915757775388                       1
        25.9469299528648        50.9868029537278        69.6950726400756                       1
        30.0119973227939       -10.5208107764442        20.0792825285854                       1
        228.139100532565        67.8407314471683        125.253441660962                       1
        126.091454627318        55.6082375606708        119.676123183495                       1
        118.626617136683        65.6250552938959         76.805322894261                       1
        290.843075576508        38.2249370518442        110.103389516208                       1
        376.611925955131        17.2118832998964        30.0926548967296                       1
        33.6283669835669        58.6664268334829        49.4165813504392                       1
         188.18076751296         111.65613951051        69.3128180091542                       1
        160.418323173534        37.1582906015108        72.6267688925085                       1
        183.989372581365        61.7094825397217        113.060716960215                       1
        347.903261874487        68.8518931243997        -21.255729498906                       1
        155.933086612935        74.9833948253184        47.7252002507115                       1
        249.065776783933        68.2094696093174        75.6172202130307                       1
         343.60280189977        45.7904734324956        169.043126959442                       1
        168.462253660345        85.7313811616422        33.1888085382609                       1
        193.992319814207        69.5337344733416        117.207469038224                       1
        155.834421683262       -2.63727665311408        160.295016076918                       1
        121.194304542964        76.6339477087126        101.129530421117                       1
        186.036305451592        77.7883725917897        129.032404322745                       1
        334.538916192102        4.46144050300923        71.4415859959293                       1
        19.8233149350052        33.9475676725961        92.2230062440242                       1
        295.150706743569        80.8725755785579        144.177843018653                       1
        31.2000285776956        50.8486781282382        122.798453417847                       1
        5.01866166469596        95.3276119099862        147.491870124633                       1
        196.247015242993        58.5778223470736        89.3688841951467                       1
        156.333869280625        81.0715399725125         132.50813195987                       1
        183.715635981833        48.9082288877943        129.721835654761                       1
        332.980785922117        65.8309669640828        147.515398092731                       1
        19.3226118049643       -2.14894096980102        182.903582128444                       1
        146.899208694987        52.7471083411504        138.359139590307                       1
        4.14262565913838        21.6823443493729         59.016556842447                       1
        193.663795172629        38.5764656434051        30.1960008114527                       1
        86.6416199725035         61.410551147772        152.887649267262                       1
        357.140895576422        19.3098962921895        66.6063122548858                       1
         19.817376512199        92.4601577856204        170.822641049191                       1
        23.0377241058246        61.5991245392837        52.5933863367904                       1
        58.5255908810779        26.8119035323567        165.514042555175                       1
        28.2258460461375         66.913475470642        29.6678938625774                       1
         232.90950644674        78.3465967635054        7.41325635546159                       1
        246.567278243619        97.0269233217853         134.22192964837                       1
        293.197692128057        15.1947456316244        128.559906688024                       1
        181.462821203461         57.512768119281        45.7807064051692                       1
        241.746795736096        58.7104400159343        180.163592388972                       1
        230.145393147634        9.46639210732863        59.9664776490667                       1
         227.93975834207        56.5844644944503        125.384705037644                       1
        192.490739751064        26.1541260261669       -11.7625437126333                       1
        117.654692320706         37.701759982844         39.105024563255                       1
        340.147593328542        10.9613146686234        74.0117709796789                       1
        361.906636111495        60.5904538341034        106.819798090827                       1
        296.736853355129        22.4606982327444        91.2632437460418                       1
         268.27865736867        92.6336665388679        117.107769128935                       1
        265.518002125614        72.4536960230689        136.705222676458                       1
        319.133318691155        7.72365758204884        12.6959881854538                       1
        275.390777886914        67.1996230153954        39.3075145825538                       1
        92.8553480029317        69.5584892472691        50.2534244084317                       1
        166.124135721624        86.1581028570328        129.302307576097                       1
        124.073885442576        58.7977682635099        31.0696933248635                       1
        155.867165514076        94.8495457653086         158.23948191245                       1
         231.99077189268        46.4083757434166         178.44571609052                       1
        18.8936801212166        54.1903235656967        80.8365526919308                       1
        222.962507131269        26.2107397159789         113.36316487247                       1
        143.421185617613        73.5568153252369        8.16259719898113                       1
        117.570302724278         86.825816853417        26.5009877963603                       1
        274.117021843179        59.9083597078826        140.429543510532                       1
        251.706102358452        22.1778565949296        149.233104003055                       1
         122.83183264297        53.4726046182509         19.322147799485                       1
        256.023798850842        56.3922500961612       -5.33487056569925                       1
        223.648519128201        56.5751649913989        48.0725492069388                       1
        144.510723219422        66.3727782663228       -2.17670248149199                       1
        101.400263600349        53.5881184362933        171.330823124527                       1
        155.509647296972        7.62704560854101        83.2401659153299                       1
        283.923530621325        16.3466205833248        39.6929440951347                       1
        261.204416420587        80.3848235214871        143.896401988306                       1
        59.6108975772714         56.549418442501        153.490722354707                       1
        258.510296410666        73.5190845968657        60.9343020414348                       1
        327.867334533783        54.6804621403032        10.2216167434807                       1
        368.360693658899        70.2753586461725        124.038966380028                       1
        14.4909406334025        54.5480705165752        123.863139902947                       1
        75.0283456582007        17.9541199316183        51.6193453288025                       1
        327.600458740104        57.1888887529165        137.603921903849                       1
        324.704804721824        80.7547730824533        158.325488980182                       1
        36.3661869186738         52.751672322471        75.1807615444758                       1
        238.181299188815        50.7980076335987        51.7806256701401                       1
        234.777743837392        49.4991708398473        41.7428252379053                       1
        273.343656770501         62.283522351957        123.700128156392                       1
        361.386392054653        60.9162429119839         147.43864193436                       1
        61.2406929371463        114.798690501424        12.9709401343254                       1
        197.553605211809         94.611524780327       -7.36977196290225                       1
        239.451748928307        113.902403784104        91.8927725632641                       1
        51.1615030926437        74.0959559496704        15.2133806362339                       1
        282.534430831155        71.8730078674752        26.0560377655113                       1
        371.847124596422        80.4828185416782        52.6827373937526                       1
        221.397559011598        14.4289645848581         25.765637293404                       1
        63.6826947014481        58.3034922775061        53.5085029739328                       1
        150.201654748569         48.348149255452        168.850198467621                       1
        310.415561764362        30.5083896587207        8.70281495833192                       1
         150.59447499855        73.4983404441421        32.2522322164613                       1
        180.716729474301        80.2805441439091        69.1644522685321                       1
        8.31326885872227        72.6942614962619        120.614421673085                       1
        57.4149717828046        117.729148174682        9.27236711975125                       1
        121.064953093968        43.7694511203209        12.4780558285664                       1
        195.600145780456        79.8906277812747        182.218893104238                       1
        33.1771725212592        83.1457884193075        189.571091986155                       1
        134.976226826679        54.2552690608416        89.1503486147663                       1
        238.121087524626        34.2590621342528        100.649575100774                       1
        113.196299205918        86.8927471973529        60.5973904272636                       1
        360.485850272589        64.3168578471388        32.8454893161115                       1
       -3.73674812791527        72.6348449567297        135.585381554968                       1
        91.9644594414486        63.8044057263819        173.553042044578                       1
        24.3050404315534        95.4635870193578       -11.2692889574174                       1
        31.4120709994995         14.244147140459        27.1344290531186                       1
         79.960323817037        33.0214197935314        152.293481417768                       1
        227.920736935323        102.408380626234        4.57969583395198                       1
        19.3261117989836        79.2934177606475        51.1251547905629                       1
        230.775344191078        59.7620461487294        82.2921117047751                       1
        247.343849749651        49.7710457006407        82.1560276896178                       1
        293.859936382373        37.7021416265075        97.4670294528863                       1
         193.15031045004        42.0829713374314        135.173950149207                       1
        111.476518766884        35.1780246754308        160.807931896881                       1
        72.6066436643742         74.241096359489        13.9322835719704                       1
        291.211753437629         51.426641461227        128.462688062202                       1
         44.533438462255        57.8237428147698        87.2934190620722                       1
         70.053403117508        70.0414896140966        146.267123125478                       1
         59.758544909103        8.45897285382572        156.699265891785                       1
        95.7283491100078        96.3899777702769        29.1102980802477                       1
        223.128468335814        82.3005046649272        143.806884281412                       1
        261.697041294377        81.0974974771298        52.1419530746421                       1
        271.935474248392        10.9602065520795        35.5951515770837                       1
        17.8537920847046        66.4829928299449        76.0756401869737                       1
        302.334423179712        62.9340950495291       -5.16691314969199                       1
        312.698474450773        81.6580033184928        64.9126034625858                       1
        326.375454129878        49.9422202558808        18.2243929396084                       1
        289.001599236721         48.299187633287        149.533357470477                       1
        287.154679174599        59.0256706260869        171.981343684855                       1
        313.453355065822        25.0890252135249        95.2660452653733                       1
        71.4359095126673        50.3714568317516        75.7756371068197                       1
         66.202325394159        65.5517858604671        49.7508629685938                       1
        182.219618878944        69.0654500039918        175.434185902284                       1
        252.076864151939        85.4972611912516        27.4905388067514                       1
        6.33642560856131        91.5872799012208        132.003322656951                       1
        17.3550736424829        76.2622796672135        126.697322400483                       1
        337.928070153645        36.2683643380552         126.25000905544                       1
        45.2656078639436        53.3471635256856         34.114765853405                       1
        168.493672178221        64.6773921527394        78.5537446524973                       1
        105.775523174366         18.049207527292        126.251243522228                       1
        199.044765349327        59.9141086585489         86.708777757439                       1
        311.942038530457        56.7252650036619        24.9173861736391                       1
        317.834601826336        91.4956700792872        161.416693893861                       1
        20.4026212221728        83.6137659927542        40.3711785955377                       1
        76.8067655685754        68.1664999579626        93.4514100019757                       1
        214.299528022122        85.9702933452091        152.568614837464                       1
        78.1292943172408        35.6233301411574        80.3475474356079                       1
        325.581727717753        81.4058267133478        54.3085568219186                       1
        38.9570825043381        34.3777943172201        107.797457106588                       1
        354.065504250428        53.7311271823141         157.26325764386                       1
        42.7322676116913        59.4795871774909        171.505978603322                       1
        147.305180491323        74.8070736673986        141.663669730371                       1
        338.840854232403        54.4327889721364        164.628051660469                       1
        277.998872393197        78.5934338080549        133.766065084951                       1
        216.748632558392         55.634409742765        9.85689389391031                       1
        101.558791046289        59.8525966328963         74.585983186394                       1
        338.020242657219        1.33214116849004        73.6764423456031                       1
        26.2739921861339        57.9989576055717        98.2943930058444                       1
        173.432945041066        26.4479178274733         51.218502624505                       1
        96.2257318476641        108.636017578343        32.5902929034042                       1
        45.9341873013009        72.5932738760001        117.818700750604                       1
        130.012523699095        87.3614197955449        135.065194671301                       1
        361.867541471416        71.7721275050395        95.8383659469649                       1
        376.453262585035        61.8297375223007          69.70608007883                       1
         288.85679290711        84.1963547591294        37.2555037859976                       1
        49.8712988064391         76.226614671201         27.168277917712                       1
        180.184262633611        32.5204587421198        146.333626672706                       1
        154.794011921571        35.0013435101756        179.454385431514                       1
       -2.23582715938362        56.8096736717412        164.297578675039                       1
        52.3338097724407        59.4911454195133        44.2691508847647                       1
        125.536715636151        72.9348585180865        42.3624628897893                       1
        37.8476671551873        12.5536049026413        88.2197097328007                       1
        119.514653042533        49.9227806204514        151.517427606555                       1
        214.874613420764        36.0792459706311        149.661589131216                       1
        281.274773881681        63.9348978576035        72.3708766102498                       1
        58.2186194883795         51.014777571404        68.8839951957971                       1
        211.353947964627        72.5415142059134        94.1776833231423                       1
        257.285886392151        51.0990630139376        34.9413186112121                       1
        25.2611900439306        96.6944191688437        153.184843401062                       1
        147.626700133425        80.6331993457417        194.825487786726                       1
        168.770422588926        78.4827164268183        110.965218172667                       1
        224.860049934876        15.0239936869235        98.8364241993058                       1
        17.2822942175971        66.9567861875343        68.5272264305639                       1
        323.033203734145        69.1149282935433        170.550443506626                       1
        55.8618157683734        89.9687162576592        66.3386140111849                       1
        205.164037351889        66.8327628604295        11.0696456464607                       1
        174.043861133506        41.2731125389542        36.6112223518554                       1
        150.634925554416        82.9874671703082        67.4451055802495                       1
        86.1141111021418        72.5483425897781        119.106554722356                       1
        331.027546504383        71.3159659972188        68.5609509233673                       1
        230.262893461481        32.9606329325483        26.1821405626595                       1
        163.049428081649        113.178284417394        6.92976142375923                       1
        132.309505634667        82.4747368489533        179.286074202368                       1
        160.426956723365        65.4138370283724        133.959361823576                       1
        218.759397553413         69.428194582796        110.468989336043                       1
         168.98487130246        99.5524609252774         55.287504417453                       1
        85.5431023203868        85.3823056395501        118.884870847786                       1
         330.04398929122        86.2052670552845        104.016999860736                       1
        112.308212033832         17.725650181082        132.331626415336                       1
        159.688477235892        56.0524787488073        64.1252900761163                       1
        100.184360314597        47.8369538444907        103.103501673573                       1
        18.4528568935692        54.1302429128699        83.7284883541406                       1
        73.0762732682649        45.6061162376617        61.1301027981176                       1
        249.966649807178         64.289132202799        64.9410559630492                       1
        288.193313901176        18.1984425727275        189.638473492985                       1
       -7.92401387176084        74.0632605759578        137.847757135302                       1
        355.273231849424        50.1729259046873        74.5015608324403                       1
        253.234170053966        47.1509962982353        94.1457301569281                       1
        136.711885306001        84.9312951544256        78.7182505571887                       1
        38.5057851134127        59.7077206998168        24.9247645354745                       1
        283.887160642469        39.6953748038746        67.8371856191332                       1
        342.594213997965        77.1964727713783        88.5439281257263                       1
        84.8058714733802        86.9250750997907        64.7222618602144                       1
        385.494835134132        81.2686818573759        25.2619509271083                       1
        248.822103717404        77.4665328550077        109.692414467891                       1
        317.426964859586         26.260018544981        115.138283997748                       1
        110.006066944182        50.0444064087589        20.0252281608546                       1
        164.911728401671         95.273188657556        49.9194527090397                       1
        225.812778887683        110.818614337813        119.723227909191                       1
        68.1057837028981          69.25294863572         78.504327886664                       1
        190.747524568946        93.4788094365971        140.592139887815                       1
        351.124094896004        59.9571522218128        131.043966232077                       1
        235.930575019971        87.3290635699948        50.6898988713668                       1
        338.133497301972        21.0809163428098        115.502501709538                       1
        71.4688003956157        53.6635411920464        89.9285843948202                       1
         196.61647597977        98.7969865977824        42.5514815989223                       1
        107.959361064795        68.2557089706434        4.64066930380244                       1
         164.22584993616        47.3086933399401        152.269348981903                       1
        23.4060185094762        44.5616170360783        113.949219917292                       1
        296.615560268259        73.3156178822368        76.8889789434435                       1
        351.296972293827         35.291362216358        169.299525164775                       1
        261.561118235272        115.717090824064        81.5259962886372                       1
        2.24471188962555        43.2626318466841        36.5691945728951                       1
        118.408718438883        35.7885694042932        14.3970586482174                       1
        69.8851312668965       -8.76964249673194         135.64701082363                       1
         60.447220818231         58.098472612088        169.086521490355                       1
        363.940883103353        72.0862556893354        30.2792776104311                       1
        218.683928533037        68.8464991891369        159.179143261057                       1
        132.356635390311        67.5903834795595        148.270784025555                       1
         228.20862938824        35.1657177473654        120.526746714476                       1
        186.230074024118        62.7478831116934        11.8852152170644                       1
        22.8014918165981        74.5287327898088        104.382304326619                       1
        218.762783270364        84.0231385243252        81.5386148993896                       1
        102.459708935494        38.8807945649185        136.160222238256                       1
        121.363601504862        24.9068664118742        178.101056438469                       1
        365.461799435343        61.5550986329538        87.8560793442437                       1
        43.0627027652778        64.3379849739231        39.3052655048726                       1
        220.347971377199        44.2401703889604        117.985550962146                       1
        152.624911852044        59.8024109689758         50.125192629377                       1
        333.665948184163        27.7634048921211        6.68315959579296                       1
        298.792378311399        67.9830874314915        154.240334995927                       1
        158.533361130817        77.5524934742464        115.581383885562                       1
         162.70398595605          23.15515880124        70.6737743260535                       1
        138.524711553486        80.2734816581542        40.9645925140809                       1
        240.990297615823         62.063744399323        146.556269054147                       1
        79.1572986101213        20.1055584550351        30.3416394221392                       1
        262.293007820371        36.2616588577091       -21.7219036689304                       1
        21.1981817752656        10.1348733779234        9.56929225728066                       1
        238.852297279968        19.7366131600779        158.267071444514                       1
        81.1270217200745        74.6390549618964        162.291468819248                       1
        65.9509079021946        60.8335573711608        41.9501297880902                       1
        281.795739188389        23.2483578642514        84.4763435348782                       1
        35.9516973414034        63.0369977734089        169.444434286654                       1
        88.3189427888638        59.9660681307358        99.1546618589437                       1
         294.38545072978        73.3968550543954         123.14721142002                       1
        327.180747872672        94.6023754991028        123.848844182355                       1
        101.152130132807        83.1625073883176        112.930501308559                       1
        101.627625637249        38.7074608935623        123.678628201618                       1
        179.964075661268        51.3934036435053        84.2209961448211                       1
        154.624003265524         51.285181460079        179.893373895492                       1
         306.31366094964        67.1514099803649        144.735442018785                       1
         178.43349402836         41.182582752244        51.9706553117206                       1
        202.362208573324        77.9988862971896        131.763533305156                       1
        330.767031080158        42.9724654255479        118.260061161367                       1
        345.115428235777        22.9006303173331        42.5773741755461                       1
        57.7792887189764        78.0746189961739        35.9223782619498                       1
        297.248295983414        20.8280552910531        55.4014127608463                       1
        150.951091010485        88.6001444978004        26.7367113470767                       1
        342.218967116128        25.6154526155595        43.6063079231588                       1
         28.998631429025        61.9595659878746        51.9579365271442                       1
         247.15058124523        77.0777201701712        67.7433614281545                       1
        304.187590122712        35.8978178519292        112.078278360938                       1
        93.1219385630464        73.0468275584192         83.398161326198                       1
        216.540205587303         33.218593466875        112.817610624467                       1
        45.6953397918832        84.6141242024307        132.744947362362                       1
        34.2132764075963        75.3446713543981        38.0926007704015                       1
        329.226143527228        94.8974174260582        78.2538271349663                       1
        204.048476593716        56.5159893083841        133.969783498193                       1
        176.167153357045        39.9183337510938        129.273936086806                       1
         207.63661347455        112.699435883208       -1.44748349454555                       1
        259.456809977259        70.4326732817849        147.971861701672                       1
        264.411544857226        87.6308578990629        10.4852673301055                       1
        233.699322282431        105.175102044212        123.110684744103                       1
        35.3151626528799        58.8390180622491        29.3181398391074                       1
        78.6344824763972        58.3115610562561         165.53772066043                       1
        33.6380793672546        9.62918820237904        100.687685126601                       1
        361.307140999614        86.4582337838357        55.2389582381818                       1
        341.991913257032        40.9677636497995        7.88000714898425                       1
        79.5494919818756        48.9444509928786        15.3027662595115                       1
        114.049118618809        64.7898930701674        138.748192327085                       1
        267.074167074532        82.7576316132006        174.816604099503                       1
        133.150788700471        51.6904523649456       -7.40143246406294                       1
        150.139225878713        70.9879575851052        124.865228801311                       1
        93.3276345565118        37.2534703681666        62.4009742167247                       1
        320.359330733553        35.1678560498564        76.9652355021367                       1
        87.7217221154945        62.4490857085378        127.675126384139                       1
         350.25694854777        77.7114014829563        50.3415566717761                       1
        151.996061129358        77.7415528302634        33.3108469273844                       1
        147.283904862258         41.890378036778        149.490728202066                       1
        74.1033850783546        24.9160996675695        52.9620623095233                       1
         52.448248231775        77.5650510080552        90.6507599287257                       1
        318.875713491989        45.6090772647644        173.256302744098                       1
        150.749735086122        64.1495336945737        185.043174013659                       1
        169.335521838569        67.2280146788894        99.5641742441141                       1
        44.7067117537653        68.6336094181278        50.2524115981432                       1
        281.309799392573        30.9842678904803        125.353370510952                       1
        247.135918418593        49.2928695055984        172.602684634959                       1
        321.484733799375        80.7847503365174        114.049046081845                       1
        189.088653241005        50.6315018707867        107.847689454302                       1
        338.944937167327        63.9163092926435        170.300435681697                       1
        284.879390355415        53.9779791013556        128.219225771124                       1
        290.739171008511        66.4655314421617        4.42371982522675                       1
        195.206077808425        20.9453860972416          106.1546011989                       1
        286.349424522154         60.260655929402        154.027924581699                       1
        262.263505313194        45.6377215828661        175.976317240498                       1
         212.23390895661        12.2989687516193        128.840434692409                       1
        202.325826968817        27.1520043894426       0.926477031755405                       1
        27.5421145215774         17.069454212457        116.874350288729                       1
        217.169281113071        74.1820921197712       -1.31717386239676                       1
        265.475045609268        81.5779973283371        155.321196192135                       1
        70.7256151841809        75.0441690423977        157.851191116003                       1
        290.047423127963        40.4468510659872        34.9756693390074                       1
        154.840874879758        53.0403738602063          158.6231186249                       1
        104.735513577802        51.4566267875002        180.137890306292                       1
        118.435611138424          73.70253341056        24.0719674360018                       1
        139.900369895332        44.1841696536636        160.120860152321                       1
        366.407510857562        78.0691140961479        141.674677595762                       1
        315.863938130789        66.6002426125852        159.703353114484                       1
        7.00509884000814         57.423116578488        116.625192307126                       1
        6.77557428195444        18.3643498764209        127.431659576285                       1
        237.684423290435         75.281233576192        131.237558836721                       1
        167.401435505082        75.1927050831303         161.98234712515                       1
         323.03132997828        19.5569175305108        79.6168718922932                       1
        3.82497236895891        25.7714688471515        -12.626757468924                       1
        90.7904024456137        79.1827817715482        180.320283720056                       1
        160.748605964837        19.8316609370663        55.7107489255206                       1
        30.4830935146568         69.751705911329        121.138080863434                       1
        221.790498750891        70.1242716286942        145.498013352266                       1
        200.150076990246        85.7272845645046        144.006852670122                       1
        170.815398887741        35.6679597347844        137.939516491465                       1
