TEXTURE AT STRAIN


B  50
        429.970213897584        120.685727283884        108.251849294459                       1
        234.747670345898        52.7965870743804        105.549748289338                       1
        222.165952413941        45.3544141456719         119.79618527214                       1
        251.543900070442       -120.255218851082        85.8626168138165                       1
         73.663178271351        17.8719652412688        73.4287081799628                       1
         136.49910814226        23.0543133630496         197.51820244225                       1
        247.580397820119        42.4073647148194        253.200596728579                       1
         235.77192838362        55.5199704431351        93.8524973928681                       1
        212.209005465033        56.7736155450928        221.097396771594                       1
        257.048415624297        53.3765966918688        105.072078859216                       1
        241.389470177173        37.6295362167564        116.341040886607                       1
        412.101257680095         24.176285776797       -79.4528105069768                       1
        105.481288098337        26.6514479400662        32.5463241736623                       1
        251.031149828995        48.0021530249426        90.2507121032923                       1
        440.621759264459        39.1182452446682       -106.475866401531                       1
        256.824522930398       -16.7116182253893        57.4444954341569                       1
        109.393450160186        31.7042938642461        50.6493025908808                       1
        136.654306244457        27.0460758990507        358.726428346013                       1
        211.654364819335        56.3985292667091        110.022163851849                       1
        401.462687539214        140.482331580357        76.4506686127013                       1
        61.7370148192788         107.24171889908        75.2839118027278                       1
        119.665049800821        9.56248118239392        43.1776896018645                       1
         115.93653149338        74.3568308058934        65.1645522540713                       1
        238.239488224939         72.050342060046        86.3306039890849                       1
        259.779886240994        142.945694738743        127.084398435682                       1
        126.434666750381        39.5841835759264         201.69708087348                       1
        200.597486670526       -23.9682090306578        115.840132084359                       1
        42.0520963569458        109.034345606554        79.5805661900526                       1
       -29.6102044901513       -10.8513914170518        172.655183002405                       1
         57.731368770599        34.8239951473168       -97.1805920088631                       1
         408.67429756921        24.1531001650622       -104.380240380129                       1
        271.140186045148        40.7526551370729        84.2741647289769                       1
        65.5345444807677        144.090339611271        86.0129331347845                       1
        266.894114446378        -21.766964712606       -101.200164310245                       1
        229.266063990754        53.1722525633672        87.9821605687192                       1
        206.933664813245       -7.63574320705543        123.050694244983                       1
        420.459351827441         125.42132022382        60.9419780637671                       1
        293.861476932648        -14.587201597858        188.718846992907                       1
         100.73299807647        44.9335066954499        45.8181555297568                       1
        109.428192504446        62.7461015441103        84.3254093897322                       1
        97.0510357319419        25.0478619490585        229.633767717609                       1
        85.7389644245512        131.357758630485        108.536835302417                       1
        287.259821124769         142.59790526311        157.082179752996                       1
        226.077333439457        63.4454824724155        115.365058931439                       1
        54.3434685790053         118.40882420696       -21.5191799089854                       1
        272.407108355537        58.7929368760538       -95.1250308855002                       1
        82.9046691402704         27.894408417327        33.9667203728164                       1
        438.589182129214         114.30436094257         100.32528760382                       1
        97.1376224370222        77.7491688082979        81.0638222756865                       1
        368.916994259105        7.11004939867317       -58.6078451999506                       1
