TEXTURE AT STRAIN


B  800
        340.165605895151        51.4085026874743        99.3853924212242                       1
        95.2326093526312        -3.9360864302512        29.3595318974769                       1
        161.579152979482        23.1662529251154        32.9949974902218                       1
        273.708381120425        71.4361754501105        14.6529912891279                       1
        220.251594087178        42.0421595124499        157.947218215488                       1
        74.0936706515806        83.1585413343385        109.566407224639                       1
        153.322749223528        81.7781842769617         85.952486841726                       1
        322.066619447645        47.6130097991812        137.355701146995                       1
        330.378610140794        87.0052530276285        80.3427889948415                       1
        94.1316076707417        75.9314841176328        94.9883348956431                       1
        33.1036023893943        32.3822270277971        1.87815532290213                       1
        243.817427380146        53.2747790850524        153.101776755286                       1
        97.2287086392879        44.4225452377726         155.11120289256                       1
        276.956978594248        86.9512647845213        171.885881022981                       1
        361.854713558441        42.0954214470973        123.696575393219                       1
        209.612116658435         78.289859407802         36.611089255047                       1
        17.8747579028659        51.1580717789623        132.611172451171                       1
        265.955836898092        76.7596157414425        75.6698779236174                       1
        246.234596921328        57.2687730831461        60.4548222981913                       1
       -1.58415178427926         49.952793325625        147.345408377512                       1
        261.261455212678        28.4921687992383        24.6210365978241                       1
        215.996881166741        56.1637667892072        118.658752862111                       1
        139.728726207729        54.2354994462763        178.455180569271                       1
        282.911053646048        68.0061251002572        135.967207370312                       1
        281.392482999895         75.910672088175        54.9319577940842                       1
        174.841689141567        81.9757438656997        149.097602418217                       1
        311.417591724777        23.7600645902391        10.5593291518193                       1
        155.654420732905        66.5041861348792        103.542841322014                       1
        176.031546547571         90.136321717359        50.6103154721516                       1
        261.137424438089        16.1768410814647        56.8042199852624                       1
        304.523089398747        67.4234073881633         134.10797634037                       1
        161.099284016306        80.2408192901112         17.332400082548                       1
        287.531546249696        51.7618408709801        136.995585286702                       1
        165.146547677677        66.8143530187074        158.537008134648                       1
        56.6433746347059        49.7030404127705        70.1877444859739                       1
        248.058705934344         63.731991684215        41.4788023087533                       1
        24.2912685060204        56.5988580929279        182.940098280726                       1
        176.928753452018         60.693654131458        51.9752558657506                       1
          30.20754077534        81.1797344189273        104.132442229982                       1
        18.0616145265293        67.6787825856948        156.484929875882                       1
        216.437458903174        54.8905008733613        74.4644561177946                       1
        244.102879359134        41.8782585231285        95.1321446175309                       1
        332.442590945821        18.3102830853432        162.006050441063                       1
        222.844719606467        61.6347455899954        159.610975763348                       1
        67.0812503583445        54.9530963241922        80.7306460886856                       1
        174.872039495443        70.0625026884109        120.799324817312                       1
        347.632907353446         69.942189836735        75.6027561636961                       1
        315.360972634927        80.6709734248132        148.650497442248                       1
        89.1743977086957        77.0056717064752        125.985992075667                       1
        287.115014314156        64.2947836511051        91.2885400887996                       1
        259.068407148783        71.9549184674884        93.0396113044969                       1
        170.726190912538        50.0497745904094        158.460005173353                       1
         143.03231381874        38.2967011501683        125.697095110546                       1
        122.112335256546        38.3990251671862        158.653312898464                       1
        258.923900698912        81.2592656326304        126.464154892688                       1
        161.662120162167        89.7560168480602        37.7254303426596                       1
      -0.808481975915686        16.7023600553659        6.58188069940254                       1
        40.1452065793927        19.9316534057889        100.467431346013                       1
        191.670210601974        38.9926282943079        102.124514040808                       1
        88.8547554945673        33.9289647465177         100.86524488831                       1
        247.359046009717        44.6783112402664        54.8830614532111                       1
        54.6001146222243         35.922027245988         39.733181334223                       1
        152.488251976085        84.8371629148302        132.939422591689                       1
        168.570235425485         75.688782169779         136.96872419424                       1
        15.2133413229142         57.918952081395        12.2312528616411                       1
        143.951876673922        67.2522231413166         143.31308518892                       1
         311.84642579957        44.2317053660259        35.5556360401343                       1
        267.732616507524        69.1584489282651        159.761513589033                       1
        165.360842775238        46.6375018809179         61.973694719904                       1
        77.4218656898194          15.95242375664        119.526100187302                       1
        75.4795017877071        61.3451906570114        35.5241685677454                       1
        158.824162379616        22.5709216870778        82.1010035578805                       1
        47.5596031599052        66.7983106759072        58.1314967571949                       1
        161.738103025038          82.40435391718        91.3525568185543                       1
        280.057233635744        41.6673249257041        46.3716825913772                       1
        226.115886704038         67.707618184526        178.851707885567                       1
        57.4128458574177         24.569540224256        119.174945554205                       1
        316.692437478297        85.5247549878452        134.498218143009                       1
        180.234340872304        27.3491080566075         84.565619995029                       1
        200.920219933356        70.0787534453432        65.6622404913169                       1
        58.3885580985254        78.4472026039518        13.4795209832132                       1
         240.85824181309        43.6096056864601        144.579646237343                       1
         99.369501001795        89.3018775751403         172.54039922405                       1
        122.581644926173        58.1145796031807        36.4371583198381                       1
         207.80242913569        60.5959428668896        9.59325459781754                       1
        86.7561725610831        84.0445309350044        131.432151321962                       1
        182.971453838011        48.2531438869739        94.7566217230043                       1
        12.0219387710316        53.6860812301131        145.022785515333                       1
        182.427447036194        73.0045629613108        72.0375400169698                       1
        165.548467117205        72.0498330737731        66.8591348301883                       1
        57.9628970591835        70.8510785500429        107.247740571538                       1
        159.125277835625        19.5132415893365        63.8803143107176                       1
        189.252912381127        79.2999970623566        124.856227048895                       1
        16.7468104175752        78.5863065822735        136.183572932211                       1
        35.3636694526816        5.96918423688326        130.774843975604                       1
        20.4744740920167        75.7944412820597        18.5986545994414                       1
        95.6247089562259         81.381925142403        144.906340599189                       1
        87.1880003303143        66.6787726281879        72.1429491383613                       1
        72.8820163966255        48.7385935352655        17.5870144823067                       1
        211.862277709483        71.0602945244679        17.6210616414594                       1
        209.903090852558        83.4917046827807        85.9896759425633                       1
         67.543708525008        75.0952768292651        4.12916078421391                       1
        241.732273718331        51.0644026668504        106.402444220903                       1
        176.643868869051        60.2027831026753        59.4177590101319                       1
        354.057272286014        57.5986135321704        156.608460730223                       1
        79.5559521659228        85.5986780286675        170.865657573894                       1
        116.878248871575        11.9563844370278        58.4554653127481                       1
        15.0174350849457         32.606475202854        3.08155724947689                       1
        161.093287495426        41.3465806529195        44.9300566524149                       1
        312.938326496013        62.2810287679232        116.423186296181                       1
         227.09732043802         28.503526061075        143.687907583535                       1
        48.6797460764199        47.9977037169793        178.274375375539                       1
        200.364809710064        3.97336064268262         138.83611685825                       1
         333.70893480347        60.4284928069141        23.3251810852109                       1
        197.879012938524        88.7595641267507        110.031491385429                       1
         297.55775189705        85.9640147614605        127.801717037351                       1
        162.934516283377        67.2625527151567        71.5559914888054                       1
        333.028334887059        72.4849852816737        72.5723105721979                       1
        126.478424684708        7.16848641364459        65.0992794989834                       1
         130.60735587401         52.891002448818        19.5631975031443                       1
           164.443858547        50.0966434338449        156.417996947187                       1
        79.8247907676063        78.0005267313798        4.29128077827084                       1
        134.505155074874        36.2453608348366        164.593108304649                       1
          158.3293891486        80.4116983750919        66.9377289627969                       1
        178.334020281378        61.9441783820036        111.696077953655                       1
           82.5770967109        69.6752042248851        68.3862192608029                       1
        315.757921286809        43.6441249149195        146.064411139069                       1
        216.171162049435        80.6257916978368        125.379761157558                       1
        146.557868648294        49.7322138812288        106.546074046207                       1
        297.476651782714        35.3826217105111        53.8309413951268                       1
        103.345014489308         78.470280383484        100.163935426083                       1
        271.171956528796        69.5733177543128        62.8764991222206                       1
         220.84748345925        22.6506757570857        159.346476360854                       1
        342.125500168526        83.7775236305583        31.5112282737928                       1
        253.461052611008        71.8609247412624        7.04348553565944                       1
        212.877778765068        77.7319271766972        136.000134952757                       1
        136.274939227149        49.6807580480452        96.3151752460656                       1
        277.830231966159        70.4778776762379        81.3920021920284                       1
        266.506178525858        79.3933400863442         42.387440877653                       1
        16.5120755429129        15.9241397002552         138.37785184779                       1
        317.002666220012        21.0628303632222        163.133576999486                       1
        139.391044548404         64.362210103766        115.071617552811                       1
        236.668345243157        76.3826548678244        28.0742371105668                       1
        311.712368744205         51.836346506853        59.3595242966155                       1
        260.067898529601        69.8014032970584        140.243083468531                       1
        290.598679781902        35.4773373644227        12.3832762899556                       1
        250.641281354287        56.9975463680342        122.738717434979                       1
        69.4999867158134        56.0960160785212        56.9322551352204                       1
        155.106044533653        55.6621980739041        132.234915375219                       1
        149.564478381979        73.3937046682557        150.274601775053                       1
        352.171493551222        40.2375628597969        167.408246117046                       1
        262.109142227896        69.8568437873858        12.1892060678859                       1
        19.9970408447492        77.8304543294414        39.1431030895409                       1
        159.119164423553        57.4893287715215        6.32529899786055                       1
        74.3959384420528        35.2469673828869       -1.04661139499769                       1
        28.9784135087912        43.8060594351058        122.038378323238                       1
        95.6131179316431        48.8438481544217          2.984527342855                       1
        320.648620226011        77.4636707557849        120.818199169369                       1
        193.059586661613         20.647317234734        152.229788448659                       1
           133.201436067         70.390371646635        63.6269680359254                       1
        138.770985046369        77.7221771069097        76.4086120388029                       1
        189.283926621965        66.7398542224048        11.1154234638259                       1
         248.36034519712        29.9145439395696        42.6569669080873                       1
        70.1028453202797         22.449230817462         148.87273368686                       1
        98.5632167873954        70.9988026080392        150.466311185799                       1
        313.379482456472        77.6994687871753        171.322656928269                       1
         26.329130187688         65.592594700417         13.324628312015                       1
        131.664491880639        56.2881932818279        124.692195531557                       1
        345.020605170639        27.4532568299936        108.481060874276                       1
        15.6743926952746        76.8680725721003        61.1628806774756                       1
        339.736408220399        85.3098713736749        153.843912725738                       1
        298.998362356351        36.8145487599587        60.9173850082769                       1
        271.614680762163        50.3447350382494        24.7816328352815                       1
        99.0639845550947        56.5872288999093        162.968759219036                       1
        347.893764895008        54.0376636586891        34.2337566758136                       1
        319.380385777532        45.5976530049248         119.17810382756                       1
        58.3079567825136        55.3314949117674         54.398953974956                       1
        340.852787347279         76.020063997121        52.8401747903719                       1
        134.461056540708         61.894211761183        89.0261867958126                       1
        120.964838076761        46.8283541745547        124.681941719462                       1
        280.882486576576        88.0098872614275        26.4167987511983                       1
        197.604884453058        19.0005554028921        141.499330566841                       1
        268.907807797506        88.1839396905706         87.199484356313                       1
        132.849268531861        33.2339845593112        130.780719833809                       1
        127.676773585906         73.962728764536        47.4822362966264                       1
        264.191548604727        36.0848572835338        31.3062217737377                       1
        336.536041865934        40.9730543882203        55.9873228663369                       1
        229.446495948355        37.7184449026665        78.3292438490686                       1
         65.135765956947        42.2752657973663        72.7897370384845                       1
        287.521752433818        49.2332747324241        87.3174122024929                       1
       0.383346255982297        35.1810528323884        60.8642861698996                       1
        106.072899797735         57.866553851825        145.883635908055                       1
        85.5871129660876        72.8147709666138        170.884151355465                       1
        182.873662967163        16.9579397810904         134.71057564366                       1
        347.625261492946        61.5271847195656        46.4217370812056                       1
        124.957024611485        47.4251175463862        94.1433732211533                       1
        134.422316001951        81.0005242404794         159.22067175511                       1
        288.213192639399        51.2743521527641        142.525943115175                       1
        157.992914454169        74.1606600119384        165.022239225529                       1
        116.457842286855        65.0497693547909        162.766541003929                       1
        268.601644116287        78.1725585291445        181.424383403297                       1
        266.457950060849        84.0324144506227        142.542370922995                       1
        295.243605789612        44.0492208985422        173.217442543948                       1
        131.298817916436        30.3261990701868        185.413086197633                       1
        84.1907707622027        47.4560875466736        40.0592613386206                       1
         235.44427795152         60.365128641296        143.860402872096                       1
        325.689099121754        44.8135156645883        86.8052603518745                       1
         44.433540989587        87.1871615743723        112.514143730336                       1
        171.298941186405        67.4161185955559         153.33252196805                       1
         161.79736604962        28.5614915191929        138.397476983927                       1
        232.640242006407        65.1805567168346        86.8015318955177                       1
        140.949127731828        72.5281160836529        128.535345197464                       1
        149.898995670273        78.9489838815299        26.9566567161897                       1
        179.699341417097        15.1467987477144        140.012120847358                       1
        230.588121469627        9.21302155162073        172.180797327714                       1
        267.777329675848        13.8021793846838        12.4713785301162                       1
        348.242663003153        42.9253622384707        175.463963115904                       1
         79.121364796906        58.4877802336132        14.2420096973608                       1
        261.744089147548        67.8760915336953        171.439184429083                       1
        115.155972309657        58.7208629306393        88.3507992543477                       1
        125.245205961136        70.7233273706651        138.538323095468                       1
         165.08178564635        89.6454243938379        115.148120834295                       1
        303.237183454967        36.6078840777644        159.742177886273                       1
        146.156487060377        66.7313446661833        13.9384319233551                       1
        187.720152473914        34.4584791860861         154.74183225873                       1
        288.131229348442        23.9638349253922        81.5052577034017                       1
        62.9417159114573        76.8480911466863        167.595031679289                       1
        59.3150044028271        69.7319072903514         91.269347009824                       1
        286.187728353326        89.2680411633618        103.321934793821                       1
        207.180998904015        60.2582952463166        146.961856756418                       1
        253.566991264852        17.3726493095747        126.483153524855                       1
        318.447288715385        68.1710087105157        76.6661386420027                       1
        123.379763037205        43.4899772097121        84.0177388649956                       1
        336.447426319207        49.4527970585991          89.73225482112                       1
        120.880789371493         92.432837712137        6.18164584391711                       1
        11.5269316175705        37.8077000504087         96.360600746477                       1
        84.5341152025274        91.5318017041489         9.9912300786484                       1
        138.619450983234        64.9961545646866        146.160193583387                       1
        325.748661682258         60.427214575735       -1.23220678672757                       1
        316.404081076124        55.6270594670173        76.7003711629274                       1
         185.95799121997        45.8609475669059        103.035551943689                       1
        157.781854214374        40.0215633745558        9.61249133810536                       1
        193.900260545794        59.0966200505547        102.370627195835                       1
        306.135525270496        77.2946747941268        143.097537484655                       1
        255.559582393654        60.0647951324071        162.598269296444                       1
        235.491923879022        51.5093914495258        46.4105228284802                       1
        267.061539988664        46.3409058690076        118.500772856461                       1
        327.562294682737        51.1978982791446        16.8686771365113                       1
        122.359421221196        13.9003906090929        26.7828293465903                       1
        359.693049338846        14.9603256149713         150.37219065262                       1
        97.7587698760307         69.439832455304         178.46473658933                       1
        68.6429734435831        68.8109963611495        128.536634361654                       1
        13.6392803155221        84.2792088655501        160.760953976338                       1
        328.286005212923        36.5650448647234        123.437121010668                       1
        353.883082172338        68.0919658455968        95.4247139734714                       1
        173.448465031801        45.7106319568803        91.0818353950561                       1
        17.1888568048058        62.0036804673735        117.192949160105                       1
        356.634182602286        22.2837158811534        71.6420724709437                       1
         168.42117510773        52.5686234897401        107.922038089307                       1
        92.8135536134479        66.6191233905817        122.238569012031                       1
        256.296817286905         82.822503787167        174.812950917709                       1
        216.031889128359        43.2232524032758        79.2377704575812                       1
        359.527470059609        45.0509854140025        98.8810869894323                       1
         116.46914589159        22.5796296765674        170.486243642874                       1
        325.444104213568        35.8308211113931        29.2168590462849                       1
        181.244011477694        55.8679139449082        140.233122427328                       1
        82.1136929654803        79.8213832571232        110.173767305501                       1
        314.138369722111         72.390674703552        168.104226836673                       1
         137.03222056744        28.9759229666138        165.678821900088                       1
         104.55996159651        11.6733131984246        160.383800735673                       1
        325.761605430186        55.3454964337721         46.839896672002                       1
        350.738732041266        54.1182067511557        123.339847348376                       1
        311.929736497626        70.2914371377669        81.7170172424229                       1
        132.801234896164        46.2082461175538         5.9771135606797                       1
        234.004463363114        76.0785105310004        124.476729875309                       1
        134.048656597603        88.1532110721675         123.93414975907                       1
        138.216379497758        94.0145593901782        57.7140698621989                       1
        284.503095693329        5.55674307804918         96.673913342133                       1
        205.297664474475        58.9127333935664        30.7843454103922                       1
        70.7560766372738        61.5496153436017        70.3336534887551                       1
        217.277492448645        46.6298701832521        176.802114300739                       1
        249.998492752498        56.2499630057789        77.7527123194078                       1
        220.200574206552        26.8266427760694        143.268006433418                       1
         252.38869258089        32.7642164768321        126.042049117354                       1
        296.491953476231        37.5251963718032        36.7508364907641                       1
        46.4340455018181        44.2936997663499        164.569529752012                       1
        2.62614015608299        70.9993297333334        48.3612591033006                       1
        197.147201516749        34.9498803689218        5.05055508930918                       1
        1.85879407549346         60.313337225277        12.5746198365832                       1
        302.158894184396        18.1781183037342         165.01970109607                       1
        343.191472999467        82.9674362478802        88.8121355910921                       1
        10.6095964921399        45.1141924863978        170.767231328799                       1
        239.433871113483        81.9202640812022        84.2748600208551                       1
        48.7738465238541        27.6948493584134        80.3009260449198                       1
        284.280924893588        52.6437478281643        158.191504596222                       1
        238.775091126189        66.6474166140084        54.2747274824114                       1
        193.629273728284        45.9987901104253          61.43544605178                       1
        144.773298725711        66.4111630853112        48.5568584044127                       1
         184.61420750908        74.1568014692566        170.929320926435                       1
        158.127211389102        82.6317060211766        100.411200647119                       1
        184.498022772911        92.9034514500236         160.97692447654                       1
        190.194639803726        46.1281061055131         58.149522138915                       1
        21.3364816971937        78.5158868400085        130.273099739845                       1
        321.909432002571        65.4580858916574        97.3081754077142                       1
        81.4651240559104        57.2140627713564        167.676352520196                       1
        165.040131767489         30.572604729058        105.277205700506                       1
        300.992808327483        45.9942758629418        144.699572230627                       1
        80.9588781400787        48.8555601474121        62.0482675986889                       1
        285.249010925472         87.659960599733        66.8862475695105                       1
        6.70614416441786        79.0859601151723        121.797016133576                       1
        148.973618830264        57.8798304575723         173.28269021853                       1
        307.257529834234        28.0166353891135        71.8054237346738                       1
        25.9380895854782        17.4049695770886        79.7774816097662                       1
        95.6012963179004        77.8818786476277        74.5630769110246                       1
        110.541094117522        80.4153132006621        111.667972745726                       1
        72.8850252223879        84.3119430584536        60.5904776252453                       1
        173.276704617303        73.6046392149268         181.00392220741                       1
        63.8303484172302        32.5844505767754        14.7671302474489                       1
        79.0926229124333         68.794307100185        89.8486429632374                       1
        37.0216734229482        80.0790679051768        43.5908952169206                       1
        178.979411936876         78.300921305079        33.6621826436624                       1
        19.1184055591566        57.7773617238936        66.6326630080021                       1
        131.193882089324        57.2263129684673        96.2837071922889                       1
        154.984582743394        41.9931177127048        122.858996561836                       1
        107.718541510483        34.4827688273507         30.228381208067                       1
        27.4024619088029        43.1525305097037        141.478082157156                       1
        84.3383989969695        63.7760390021257        65.6963830700742                       1
        32.6426752609757        71.7596356934284        53.4818262448496                       1
        294.488041051714        67.3860234320065        145.811947797658                       1
        294.818116899729        23.7064995775183        131.944562505017                       1
        11.6857459330848        42.4131363166315        145.511215366284                       1
        152.782694464465        47.6797004639839        110.035091516469                       1
        268.897759745317        42.1459110525475        51.7561453153186                       1
        123.939705672603        73.8250792422628        90.8046715252931                       1
        153.007736568127        37.8152222426961        59.9747712012033                       1
        47.0294085160444        80.5175125253771        93.2724722276684                       1
        137.793911260172        44.0831405301447        104.092715576459                       1
        7.35131394938617        73.4864265342298        134.574756423545                       1
        218.312108057772        27.9293685801799        42.2436781006487                       1
        63.9102958940999        17.5247479627353        15.2083000377281                       1
        25.3207749912746        86.6576183583055        89.5979799843313                       1
        356.144385458914        63.4945249121303        56.2607510683911                       1
         118.70299295065        27.7414302891546        70.1308070876644                       1
        28.7490515566292        57.3711771154452        161.659633068803                       1
        158.552206103678        82.8559864965816        118.332330951801                       1
        349.688823093776        45.4850067993735        11.3904151438035                       1
       -6.51244493906865        59.0233004679025        142.080042523494                       1
        236.244713825302         39.837465809742        44.2543694124636                       1
        160.898735733979        22.8653841116931        100.323854169663                       1
        297.951425810974        72.9806815693426        162.754364895347                       1
        184.292003381759        76.5681159332647        74.9263662977631                       1
        248.994276853331        40.5456985984665        74.0766284864831                       1
        86.2362242519467        82.8467880758036        70.4358737419499                       1
        172.746586788763        83.6198210489676        114.071170900804                       1
        344.573939446031        26.4057137864732        174.883125659806                       1
        9.18140941510157        29.8965261917406        168.432940979132                       1
        215.316004587796        10.5325783787839        133.417618584542                       1
        107.385652805889        18.4368798623853        132.951430632434                       1
        151.464020909766        41.6283291883144        134.558579703591                       1
        31.7466303361898        58.8038149394304        65.1100415091075                       1
        182.760934777886        37.0757415869372       -1.14584082898095                       1
        194.917316789571        42.2882413616153        9.02832959355257                       1
        304.448624608949        56.6408136494009        44.0326719964598                       1
         294.10792805586         78.280441585462        7.65721055181162                       1
        326.731263091234        15.4266039085108        107.410750334529                       1
         217.79926390884        84.2872075730087        73.1123029157497                       1
         153.73171269549        40.2156096145104        150.720278304341                       1
        278.265676365218        69.9166723546737        177.722931407132                       1
        313.980953411935        62.6891120814388        96.3523567936211                       1
        74.7707217924706        78.8346997228192         19.837925522089                       1
        135.559895905977        87.1416003602396        65.7426250823645                       1
        90.7864886610996         59.504900910823        1.79123538139962                       1
        237.513710445187        25.2977968713936        112.575328159339                       1
        293.070814077471        59.4217257738749        69.2679927921144                       1
        342.191930520947        72.9945819810901        29.9749869214006                       1
        146.163043216178        84.8153129861681        172.187495703829                       1
        251.416071798109        74.0858133338655        135.218468457962                       1
        209.745579527471        73.1299657939652        150.155792847372                       1
        119.624772720409        51.2723613143794        119.746631527584                       1
        317.661302662319        68.8100373455806         6.9671318181942                       1
        226.174518869916        10.6037747423673        76.0694511318867                       1
        307.442066760685        66.6609489234167        157.153792093235                       1
        121.363173714398        88.2924001834406        22.5310976100978                       1
        82.2856428959431        83.4679621261675        38.8576081097622                       1
        358.017610910855        82.1080471133111         167.02271181548                       1
        200.085235337746        65.4771821810217         161.38243396387                       1
        336.558427114266        43.1241220658708        150.616204740939                       1
        141.280476529524        29.2732345987099          36.96049908082                       1
        299.644791389055        56.9478575642403        39.9267618317066                       1
        13.4329467200238        2.55615798564422        16.3987690058801                       1
        117.097884641527        62.3448410190329        62.9350780948816                       1
         81.211155791862        83.7865805885404        99.8190316667061                       1
        266.028644717523        52.7342099845271        94.7514728990101                       1
        323.702429739041        77.4770521978284        63.6462832900339                       1
        170.697254654236        38.4281351229551         80.759055682099                       1
        144.869064792773        64.3707221313952        42.1526836054601                       1
        320.513800015981        81.3029808631897        96.4699019825141                       1
        122.484922983463        38.5548932799701        179.250334627015                       1
        157.076160776717        53.4378476832384        142.955795351583                       1
        173.666760776935         6.2750719889776        77.7701945511705                       1
        250.781147406894        75.8791462429546        39.3774400087241                       1
        181.051243161058         63.009585428416        139.163482912558                       1
        323.267019102372        61.1162847546496        143.378820787611                       1
        230.723323541776        46.6675506946844        121.324628712372                       1
        109.589275900316        41.5732270270089        33.2865229810163                       1
        299.911226329638        83.0941786628023         4.7190066791265                       1
        251.045879628903        65.2414302987571        46.0883257395859                       1
        312.014450718209         64.798678383574        43.4182748307975                       1
       -5.34630419802872        77.1828653475484        84.9578044519757                       1
        109.216855313296        42.5120384469391        138.983723882295                       1
        179.222515528085         44.759193986796        170.308826729703                       1
        276.445537207999        63.8184471761147         102.31083719311                       1
        217.705475622728        80.2055951066918        171.568445333299                       1
        283.882233385321        53.4384455247573        168.870875377396                       1
        281.287454944214        59.6563753788503        69.5926571041182                       1
        340.807891415892        80.4754547236472        137.747490082091                       1
        29.5318814595396          80.67312147307        172.224782509604                       1
        214.436530428916         68.843501676368        98.3050582378761                       1
        121.029685453746        82.4553478226501        89.2597196834976                       1
        71.9078094223247        70.6699415374324        94.2969846091139                       1
        234.391564024132        59.9526078646577        52.4226272392383                       1
        124.875762463446          69.87152188641          5.021736848876                       1
        348.151954070767        78.7742342578631        125.072273388801                       1
        344.546923000515        34.5638432924888        93.2003731452756                       1
        69.3468116487682         57.308032606729        53.0529851588737                       1
        281.187345978691        55.4528065167179        177.245299133321                       1
        139.145391956857        52.0776725126935        51.9438055832953                       1
         280.38088593906        76.5588179674088        165.549496870667                       1
        284.808867402465        63.4023928120264         57.565918035043                       1
        259.090820335498         53.900161543854        19.9354841064067                       1
        225.189083476176        20.6744058544148        42.9618257254718                       1
        298.003854546774        76.2217667666402        53.6271732850148                       1
        24.1803257393325        49.7884024711937        153.673029407364                       1
        236.435091685952        86.9980069868399       0.409392077487155                       1
        125.193233874414        89.9404386693154        13.7830586207071                       1
        106.112197390148        21.5587916005547         40.523079901479                       1
        61.3695652520136        86.1705682631697          129.4261703964                       1
        112.276133767157        85.2677510389408        152.658717597147                       1
         258.47268126259         22.554624255977        77.3894779324723                       1
        136.946757052352        76.4145509271754        26.1316264581014                       1
        99.2817838512839        61.5221592878931        97.3982917145353                       1
        240.929575015081        73.7249405944264        3.70007993448468                       1
        284.721709794959        91.1224997092071        126.622583551345                       1
        334.027097095816        33.3945933079077         22.409064861613                       1
        124.722980771441        97.1630799505333        45.9388440603801                       1
        3.43051419899098        67.4439793139104        106.326217130852                       1
        95.1322207150404        49.7403623573397        62.1345022305728                       1
        358.701646263309        40.6399256225816        152.675758599348                       1
        49.5748531469702        58.4499370321509        38.0610546940941                       1
         288.37394235678        62.5479132111958        10.1304451996391                       1
        189.072617151547        70.9095055515975        156.706505278583                       1
        104.528280636283        32.1216694493811        20.2733429806881                       1
        208.772234508243        68.8904644210902        76.3498573564282                       1
        107.404553334494        80.8396011540147        136.100496321638                       1
        273.356968205747        75.2273645611865        115.725748964175                       1
        156.097411646307        91.4988211824379        165.681819776016                       1
        93.9161395297721        58.1671807224671        34.0257112000663                       1
        13.1376932927667        60.7294096466378        50.0078120194036                       1
        106.662368695085        46.3878746676346        130.801201296725                       1
        251.892476570616        81.1979997544152         57.356100765281                       1
         56.265234138638        85.5645531809178         164.03101802081                       1
        244.929912810823        78.3219473655984        22.4222170846355                       1
        112.555907058762        75.1675380049036        108.047926314396                       1
        169.458212320144        59.9026280881861        107.564153272626                       1
        183.124519034366         88.121141764214        122.917234005769                       1
         182.60911554735        67.4900440747202        59.6839316334114                       1
        198.985806320462        61.1235080225414        86.7702646952985                       1
       0.179948891007669        32.8339833754727        138.920472920224                       1
        294.740700720559        23.7674005972111        129.256599018736                       1
        119.847609778951        24.8696082913725        83.4633524198278                       1
        341.931042965589        7.63713511179152        73.9333689514376                       1
        255.374476865491        41.4050588415755         22.947207697939                       1
        105.498110722063        52.2349403311907        16.9104352463575                       1
        170.818286176455        81.8069678097888        51.4606668041907                       1
        23.0870339617985        39.4139504301136         110.50103463662                       1
        212.071416525593         54.656243395314         115.34854024852                       1
        326.693476223465         87.072916070599        81.6026043128363                       1
        246.290062659995        23.6332698701784        144.093408643045                       1
        188.673347683458        77.1593158402112        6.13063161088262                       1
        307.077519517276        43.8220763149288        155.486475742729                       1
        97.4672163920453        71.8329478625872        111.823498768507                       1
        329.308134992819        17.9113952325859        17.3089183437788                       1
        313.734970601062        55.6765285275453         132.68109343267                       1
        199.634187379476         79.682344230791        18.0429925167816                       1
        88.0791907280103        58.7988546419331        56.0909883436801                       1
        211.342786404684        59.5192890705881        173.487634736347                       1
        55.2323575264332        51.4713728215979        154.456270390363                       1
        119.626533184116        74.2759731543186        138.185201552851                       1
        37.9932795287695        48.2960216186569        166.008995370969                       1
        134.653205316517        73.1747245593849        8.25551865759568                       1
        280.764589294312        30.7591974967638         122.14829933695                       1
        226.324452906212        35.8244896938994        134.643791120827                       1
         180.63780695516         33.158559298961         176.28035827369                       1
        256.180195608143        34.2113872032511         101.05112953719                       1
         200.63433933815        22.0550030301739         174.01622639259                       1
        260.711959659541        82.9652270198552         68.766275576191                       1
        84.9410547249239        54.5877098878502        53.2702288876973                       1
         227.66972329206        49.6862464766888        136.366646900718                       1
        77.0820728990505         83.763418196625        50.3835240627873                       1
        141.059009306235        31.2377007699969        110.938811798473                       1
        132.687629271245        78.4542566595044        42.7839944242818                       1
        122.854919606075        39.1130485159378        27.0363404553755                       1
        329.495941395697        40.8226730309737        103.282009026579                       1
        207.663519284368        40.1620108555316        169.603006046367                       1
        25.1160817785505          58.10995066096        48.9546932910629                       1
        164.416624830745        73.0799232191448        131.923718402953                       1
        251.617560090923        19.7066493198508        115.697623819468                       1
        326.106126823146        82.2536935137715        8.91051831923438                       1
        305.357949415232        58.7082952778717        140.872602867038                       1
         36.873384698496        72.5167717641414        5.87691443728745                       1
        67.7448475995269          31.84931226893        60.9151248140671                       1
        74.4139270559986        51.0607403848089        128.251224815039                       1
        115.528558620806        53.7067151420279        73.2185019002781                       1
        346.679636671592         33.311907864807        112.915529209927                       1
        202.423941219355        49.5816352298595        105.178208878604                       1
        242.068420838667        35.9438445421943        35.6031906648831                       1
        300.163363889987        86.7189876707876        66.7253025439533                       1
        315.884917317605         84.720070956348        150.139155746084                       1
          344.5535040458        74.5658367931513        15.6940697358909                       1
        64.3884420649009        32.6723360846054        79.1630013922818                       1
        229.561459045584        51.0499671397351        13.9351387050581                       1
        136.567858280425        83.9984733144323         37.498666683264                       1
        214.899615560904        37.2436559600102        69.1171428716774                       1
        10.0798777048101        68.2352000589676        36.8126283541176                       1
        340.049218748477        70.4426507379733        156.546937345871                       1
        4.59761599160415        46.3292639244985        88.1247801633262                       1
        110.303570292962        61.9993869855353        53.3574630503211                       1
        226.415452901573        78.5039979237219        78.4774493364725                       1
        169.109445794126        52.4824482444457        77.2802663940182                       1
        149.364367852268        59.0274877750352        59.1250622602823                       1
        21.7703876906715        39.4136088996928        61.5061536785465                       1
        257.007848866394         43.502673238471         107.83627171704                       1
        49.3516961305922        56.5236176511071        5.27494695875053                       1
        26.7148131504884        77.4481559569505        154.376627250955                       1
        157.627647912551        21.6268487429327        178.958286719566                       1
         101.87147009694        37.8667477148253        111.606727884869                       1
        90.0941440317027        51.2085859439502        108.636099265828                       1
        206.927890650469        79.3643347654762        106.824612390239                       1
        194.803950431673        86.7512227224837         158.44913716004                       1
        339.248286708256        56.6329754353554        73.8516862980641                       1
        31.2409953620603          71.17179258358        142.979421783049                       1
        359.231170218812        49.6881812227968        77.8198998780459                       1
        136.416330466232        67.8778801441738        149.522225747445                       1
        245.932783751948         60.413628539972         27.838502998998                       1
        38.7437408265164        59.6269752280843        154.278614523779                       1
        250.069826731374        87.4426025928819        146.741593419908                       1
        23.5374469309783        23.8572929419374        71.2202162922062                       1
        137.053971313768        54.5497666808374         161.52113045616                       1
        94.8286395395433        82.5850747759739        168.061982420511                       1
        120.082366548538        80.0810386440618        111.977971504684                       1
         276.70433547187        42.4595376542614        125.689935802997                       1
        108.296272195476        12.3740321438188        77.7875190628614                       1
        59.5812635282804         62.810923424187        119.514089732199                       1
       -3.64064557418028        73.3383128564396        129.927056922257                       1
        44.7653614218706        62.4294908889046        162.931926929151                       1
         129.14596280796         14.490202718066        52.0643555353509                       1
        97.8201073148106         44.626298890913       -4.36367720722404                       1
        140.039933071822        50.5467535696549        138.991970506534                       1
        15.8071363786093         83.336009014454        105.455133944715                       1
        198.357904106784        54.3011629536524        139.730777630503                       1
        259.702715106084        55.2758764078238         123.00023237814                       1
        217.408202576036        43.2153942327019        45.1574991778662                       1
        131.098723092654        84.7266699637648        7.06937673630028                       1
        176.426141796897        50.3870431287723        9.68892279370985                       1
        47.3283187622271        48.0944081485953         130.06950466008                       1
        323.611863916871        79.2587037709279         99.619384686022                       1
        186.000199692299        49.1678947440572        127.203499805093                       1
        73.1713984541638        45.6125532852809        145.063125008613                       1
        296.064962175307        45.0218221255045        128.628884976833                       1
        142.117781538438        67.6625398306113        67.1600356345443                       1
        340.863865754911         52.994080685679        110.980694259442                       1
        1.79069625415051        43.0404924731669        136.452907349312                       1
        225.638101725062        60.3836044501182        163.182169498708                       1
        246.659112370275        80.2567708519497        68.3532955054201                       1
        160.201598348593        60.2674609397204        20.1896571058913                       1
        190.943483227897        44.3509381201922        155.817419070683                       1
        326.493277462131        31.3434824524598        44.8414587383842                       1
           299.195004692        69.8203671565877        148.165337409695                       1
        273.095174872686        54.7033470123044        141.423831310602                       1
         337.83752245602        33.0995783367734        58.5321951870135                       1
         281.51520252006        85.8699262974544        71.4515819168791                       1
        29.6071830303594        38.6578351751462        36.9424014618473                       1
        333.252255728966        24.1523876306678        31.3524230703193                       1
        164.330451749979        55.4883528359925        87.0443078521135                       1
        275.746794497878        39.9896498054574        37.5604963421023                       1
        116.187809412511        65.3512232497753        154.143660095776                       1
        324.714986276317        55.7383607673551        160.866103478072                       1
        258.094565099578        86.5107069724395        6.51696568390588                       1
        212.932514473643        46.3917999640595        163.085424618126                       1
        297.996153878091        71.8980586347245        96.6737940860055                       1
         80.813190171307        65.6858516950373        159.334981578992                       1
        332.700533755822        67.2870951981488        49.8111176408721                       1
        158.087617832528         65.688602831526        149.444320869818                       1
        262.659542415369         54.246627832264        60.9807724301323                       1
        252.987087109428        84.3237940947132        15.8925278678817                       1
         37.788712256827        78.3184968651549        75.5083432065252                       1
        46.7486893364539        43.2944501630927        170.823135941647                       1
        76.5571524444951        37.3716487278152        93.3192629837898                       1
        264.493489030149        53.7727260068266        78.0276117216124                       1
        79.1162888708097        75.1111948032014        118.198469823598                       1
        241.132874587546        72.8979372216247        59.9068546822898                       1
        38.5960918118555        41.5360193997298        66.1520620679175                       1
        73.6375508372362        47.6401100162779        109.111109632206                       1
        189.130682357799        58.3145911502706        23.0306175365966                       1
        92.6998469256992        43.6701276383404         40.152332779166                       1
        73.8147071663414         64.476297587768        55.7080040937758                       1
        245.484303042185        56.9691853829119        99.9974733513176                       1
        10.9318744511824         2.1905247479561        147.471366067209                       1
        196.479926130489        70.7084612425614        183.345737613796                       1
        62.8794696720459        77.6123101866859        10.4964189015163                       1
        298.314380855216        16.4845414129472        55.7983121765406                       1
        263.443886673921        29.8692449352814        176.674865868709                       1
        92.5825392943217          34.62139685752        114.233380096293                       1
         225.23724165505        70.4037911648888        28.1386265478757                       1
        198.641177721479        57.6153424182682        14.3194798824507                       1
        153.173819425858          38.33733514856        52.0877308214682                       1
        152.336831885063         66.807209371825        121.498849232089                       1
        233.017515420962        61.5009530685477        98.4125309413935                       1
        109.716523915832        67.8576858436759        159.255554757312                       1
        197.790588129615        30.2522089610836        161.449378930306                       1
        201.457345098037        84.4943228184163        64.1866108063505                       1
        149.742934879701        82.0546659740941        60.4854191358428                       1
        15.7308732798461        70.3862766285483        5.82249267153306                       1
        325.342416082658         36.139048543028        98.3657404673416                       1
        48.3236317030473         65.768200641206         110.59444180006                       1
        327.568705135217        78.8577177660435        82.9984920706762                       1
        62.5887786592328        89.1582228423457        171.285083328334                       1
        303.235059887993        59.1724526259068        97.2354898110196                       1
        278.632976160959        73.8217939717266        25.6435101029421                       1
          306.9975053491        24.4363020531481        106.797580165113                       1
         338.54663866348        46.1523181683938        165.579118976293                       1
        109.252088678781        78.8267692417918        33.5657440419283                       1
          36.62862311936        63.2279696245437        50.0034211341655                       1
        244.827534723185        47.1196018455677       -1.56912280622069                       1
        99.1970242980686        70.4800284359008        48.0265174587364                       1
        266.572718031581         63.673574902923        23.2235268692243                       1
         353.18735030142        90.2333513307527        163.796686585265                       1
        149.004002943721        88.3917386840919        77.0818890791849                       1
        335.304367013131        60.8151888522638         67.691119267088                       1
        46.2167153541178        72.0096254090444        164.755253551263                       1
        87.4858643189812        67.8297846679462        19.4024708920824                       1
        178.364745519293        62.1576780961219        39.0463543011444                       1
        290.185950822786        75.3387229307766          22.35664825958                       1
        87.8846209997998        37.8417558211326         147.24395188286                       1
        113.461183901002         76.116857827768         21.535287421395                       1
        101.319356930152        23.8554440810604        15.1918997120811                       1
        64.6790008673729        41.8257818103535        176.582507068232                       1
        199.434701101103        80.6936985224181         126.58765428334                       1
          140.4435473236        88.4977976272239        97.6261142084402                       1
        107.395123036751        74.4605585396893        123.130357661345                       1
        22.2149661634481        62.0080682588982        64.7457975472484                       1
        274.501814583463        90.4823339639708        128.798727106354                       1
        100.631853858927        59.6586293770958        41.0165536560259                       1
        224.015838566805        84.8308182417013        90.1404367486846                       1
        328.339333651268        69.1791153404821        127.720478061804                       1
        224.358942762987        64.2486301979919        69.1584963261548                       1
        234.074748441439        43.0589657137221        136.919931269081                       1
        343.659625563897         71.213088847351         103.56560703555                       1
        16.9561399668938        14.4456168702522        175.020309812594                       1
        118.165178277932        66.4962967677363        149.395733323412                       1
        237.118879634366         76.422908162358        138.888710278581                       1
        200.756135730772        70.8293293303643        98.3909308518243                       1
        113.389216986299        93.0020315561627        36.1057733053219                       1
        180.747766348396        83.3215450717666        177.426129195592                       1
        301.032001098625        61.1873851079723        144.549639749166                       1
        46.7179714898062        66.3154023406859        178.966520542958                       1
        163.813745796446           66.8203943898        56.9555375902713                       1
        187.262582956874        57.4118448097406        2.15029980042823                       1
        274.796149416019        84.8699197255969        123.457713490117                       1
        22.1927559400806        34.3546164355936       -2.92337572889581                       1
        210.103521868936        33.3623143490141        110.687932871395                       1
        19.5025395056116         62.075758412554        174.834861448955                       1
        224.028356894094        69.1362080055381        88.0725966807272                       1
        94.7792701245648        73.6247349964829        173.862605343135                       1
        61.6291836700234        87.5361614874523        137.929742156224                       1
        95.5867470597923         64.662647830765        79.8715512132161                       1
        99.2249875295036        54.0855121482322        60.7182263479338                       1
         190.12491776034        56.7668932885609        87.6794685242217                       1
        42.9685223568192        34.1949191026589        80.6546589798259                       1
        109.733452228933         54.231387523271        29.4068063075806                       1
        269.504987047797        40.9470305474477         65.464516655237                       1
        64.9981666294892        19.1387530845755        112.509654219475                       1
        307.355791274957        50.6521007491679        21.4361134674173                       1
        34.6764188590157        36.5614067086456        157.352705921154                       1
        336.489371353141        58.7355369318378        6.62589977234213                       1
        168.182020505498        35.9497859339452        114.936622386502                       1
        165.138460336934        44.1213311904703        69.7349787254935                       1
        99.0608555972824        31.0680346239995         35.064090539311                       1
        279.162571467643        53.4698529700492          9.690185588082                       1
        299.057733488583        55.7705663559675        161.371409525767                       1
        196.367403427702        78.4690013900121        167.301888112489                       1
        47.1954200358073        89.1611205724062        69.4559653853263                       1
        262.830423382469        66.7577234730363        37.0584243414965                       1
        149.879103607695        77.7152972989425        118.032350220323                       1
        196.121417332015        90.7824727631711        23.8538459352018                       1
        126.779457843926        60.1417422871623        75.5761537142123                       1
        148.880563799117        74.2910197976717        110.746913826796                       1
        171.340560717302        79.4441403396412        28.1430532846169                       1
        38.2274371918327        87.8158554135701        124.770840453718                       1
        2.27264855384789        50.1952034596109        9.88750357818694                       1
        129.994081402751        86.2381764951244        138.637652523594                       1
        288.634616389208        72.4069086755387        175.713711784291                       1
        256.466098255657        87.3733554935589        153.309874633845                       1
        305.816073407191         72.803385145522        115.854970259848                       1
        31.4227485040206        57.6590191351837         26.484993925319                       1
        291.268839861478         32.046852635725        151.982811472789                       1
        69.4732074275756        66.9681826592808        71.9208598641294                       1
        15.3424206284156        51.8708909113888        94.4409839274089                       1
        164.859674912397        61.4985460609105        46.3174713974073                       1
        337.025590906077        81.8430259698105        149.308552724953                       1
        352.698188035887         59.424027113535        75.5648860464494                       1
        12.6116843079371        40.1457939392779        77.1544580355771                       1
        286.023905408058        81.6443737928036        119.158317755838                       1
         281.57772447341        71.7320755484299        162.619787033538                       1
        357.097407649942        29.5938333577929         24.951623684603                       1
        151.191470495091        85.8234639448607        3.68547271754651                       1
        258.674493048104        55.0041265468815        20.1438094558793                       1
        197.472778671407        83.4294024129482        140.040423195532                       1
        32.9183160914832        48.2092251067564        63.1638795617632                       1
        220.394202170747        73.9690069978181        66.9882079048964                       1
        5.43495268663968        53.9011300114036        65.4571139929842                       1
        212.733949457057        49.8517181698412        137.425904003816                       1
         241.68158051339         69.745256202354        96.0831479466275                       1
        184.589058421428        37.5417105265188        32.4639304045213                       1
        206.529595712123        31.9461277507377        95.6287984470123                       1
        230.983575167618        63.9859201639011        124.252842500465                       1
        313.664685109117        41.7043052260356        68.7481842981188                       1
        154.260655950049        53.5141576882029        136.796105459654                       1
        221.354890647769        75.0227338945239        150.062747618164                       1
        4.37935138976428        65.7461237876686        85.3185238714722                       1
        177.776189828878        92.0272273932405        172.699711872831                       1
        287.736931351487        63.8560867858261        108.477998865681                       1
         215.22885268115        61.1280025637727        33.6435236194966                       1
        346.261488701496        14.9940129895692        172.791585830529                       1
        153.550610582262        71.1254248943477        132.857813993581                       1
        31.8840106430621        70.8837657967591        27.8770921322753                       1
        205.126182673162        61.3750327063636        181.844050187396                       1
         157.22163882931        56.6289637737621        159.479386948389                       1
        360.807069795394        64.6090402918421        74.4231308277147                       1
        269.602561463007        56.6879066016694        128.355461615257                       1
        123.187632861296        53.6408877503772        150.086310959663                       1
        232.309177901343        85.6449167062465        137.143055703067                       1
        207.777664222288        87.7322930505456        157.600758011495                       1
        256.261831049798         13.302758755403        104.629327691169                       1
        5.27390890924762        66.1599817784149        175.144018439056                       1
        175.970691517225        18.1818311873845        28.9326873704521                       1
        31.3563026063616        87.2585397499021        73.1513820469455                       1
         263.98061448555         61.912402398714        183.108380794289                       1
        271.382548858372        62.4394428192298        45.5765248412593                       1
        361.342850153364         82.784511736235        145.487534971176                       1
        306.662572355819        79.5898004861234        75.3555651361383                       1
        344.806539406742        56.2778521700391        89.9274766247628                       1
        27.9197081265397         24.647780836664        117.426859800855                       1
        12.7114336922883        24.7221084334137          107.0121565808                       1
        230.694949004973        54.2394549815539        77.2783186017099                       1
        293.752126713107         77.819033239194        163.929710417677                       1
        268.750252755512        30.4421017357963        39.9981102767639                       1
        82.3921319578782        25.7610601875816        33.7404433119855                       1
        93.2611416757165        42.4237254637268        167.105712741778                       1
        324.629924738473        78.5078703862114         48.156792364058                       1
        193.881335011091        68.0223929842546        37.7050419517316                       1
        268.926784696639        41.8048249797284        25.9075168001453                       1
        168.858031963432        69.0235144927617        63.5106475137711                       1
        148.471482265378        58.1769646149938        124.106884753643                       1
        162.162350254294        67.4395281264818        42.6144656853173                       1
        18.8700267713436        54.9068412519007        80.9600627264024                       1
        41.6418783313321        88.0198364551798        147.075299404425                       1
        189.662061282966        68.8872839846929        89.3392090295505                       1
        143.017516535288        84.0739247466687        181.283104636946                       1
        251.549617656711        63.6081332091861        7.22038379496723                       1
        276.898933993532        85.7906148139739       0.901937049206182                       1
        96.3979514493877         80.986244049183         21.785619789048                       1
        324.519325513059        68.9453748738324        152.873967821309                       1
        5.82867903075557        79.6941832142926        61.0380746582847                       1
        261.873304162529         67.401806804014        55.3761279974773                       1
        194.278601212602        84.4806355175366        51.5869163992539                       1
        168.783122148592        25.2742182857959        2.31968495008395                       1
        251.043054267723        73.5432949407454        115.556386916131                       1
        178.615401296559        86.1690226015536        148.888317393241                       1
        282.096297294111         21.366578428636        127.383708752257                       1
        2.70865499405745         52.500788705261        176.352260119757                       1
         37.966649572982        18.0527800232862        49.7186643690307                       1
        334.806962134591        55.1698444875281        38.2170564421305                       1
        332.103036737694        65.5033683704671        142.785022464061                       1
        270.151560922695        83.9956416054961        100.435636333286                       1
        182.146874101953        60.9163254192113        77.3363850876144                       1
        126.402007550948        34.3427764540618        132.462066450606                       1
        248.709101007267        3.42474478334494        119.535076692547                       1
        143.997565907802        47.4644441862674        156.387147354451                       1
        332.027913757075        72.9617987828344        103.144488412945                       1
        268.181860978871         81.967342023941         156.42616348677                       1
        225.813017270438        24.4907780568346        124.860160961877                       1
        21.8944492862785        29.7010754518113        21.0505060740537                       1
        112.121989861785        60.6866461288743        176.527778086159                       1
        205.563448812164        46.6570322631933        157.740922877394                       1
        201.247484324228        25.4703189135109        160.353316917255                       1
        35.4739174295032        50.6772382738153        110.451504517665                       1
        115.373287816243        47.7376224228526        87.6755096840251                       1
        99.7824690878336        60.7962595383389        71.7025979692218                       1
        345.048804322132        31.1130239727182        99.7206691201337                       1
