TEXTURE AT STRAIN


B  200
        281.526783334291        45.9650292596609        209.911968844228                       1
        302.009120916312         87.817011785669        170.193322904108                       1
        319.373435285431        119.058428921588         99.707878370116                       1
        261.242662597194          120.0201266629        58.7557990081406                       1
         18.567536887741        69.2222609659892        128.482793485359                       1
        213.457141164129        58.8061825905018        -9.7417101522495                       1
        199.126990390084        44.7211816223305        4.62056867965649                       1
        239.239223347625        93.2940492832605      -0.279689627279265                       1
         210.40057819153        69.0659841356719        7.23659549640758                       1
        150.812247967524         49.519799086841        65.3546940198912                       1
        242.557654446725        60.5335978276678        172.047211219672                       1
        106.540148917738        52.2901446563072        88.9549581992461                       1
        343.803937163332        61.3124621881446        77.7342855267976                       1
        286.861235058881         47.237730990108        49.7223947160248                       1
         205.47029176608        107.983999774534        133.683539623623                       1
        14.8178489052835        56.1707985383014        167.521975312954                       1
        143.678837074775        113.047613336181       -30.1382866434268                       1
        123.727264515718          53.90620206691        174.397738668978                       1
        371.214128569756       -37.7626652056506       -4.50422410206846                       1
        223.819322452643        52.1211674081427        33.7514033120961                       1
        201.380572055352        55.6819914197595        160.553615865641                       1
        142.555883419223        102.355277900584        104.313368551844                       1
        257.734320551553        48.2682605795805         71.620002529579                       1
        271.046845317907        130.445257515611        188.434891142062                       1
       -116.261455054641        14.5442017972288        257.904406661591                       1
        239.564641837928        140.106619357252         114.15363975705                       1
        276.684451449432        41.5953647397248        167.828920965133                       1
        310.120874902508        25.5009561775149        105.298155963582                       1
        186.082533733042        96.3895018417937        30.2327619753028                       1
        246.018131051649        64.1109353984915        20.0467099350417                       1
        307.701550239004        26.3924004562808        130.994552581618                       1
        285.939147385527        54.8334503640882        187.013667870744                       1
        265.761108474137        52.5850364913443        79.0900871246656                       1
        33.3107910978749       -40.3656985481188        79.2595502345934                       1
         262.68124065362        98.2685915128328        64.6570060424938                       1
        168.594537514954        37.6269753341796        42.8625050296791                       1
        206.271450787651        22.2081009371999        66.8885302940089                       1
       -12.0452966291793        31.7343858522898        64.7853390117454                       1
        353.866323418435        106.711828503658        189.939591509198                       1
        202.660074508168         31.766474640133        94.9301653170008                       1
        281.122784533169        69.7277474192713        77.1358436097123                       1
        39.7844227596591        77.6159634585934        180.786983972339                       1
       -99.8654580225412        16.0250350681207        173.562479391934                       1
        327.412884824623        37.0260769921449        57.8922172279127                       1
        135.520622585689        80.9444678178717        13.3752663651642                       1
        -3.5329756234034        11.8890902314088        52.8362453324119                       1
        33.3825955776715        92.4285407778044        98.6909273988423                       1
         64.589694377329        13.3889114096611        3.12333302481092                       1
        207.403920410469        95.7166309301597        36.7244749520887                       1
        101.669221522149        33.4374351803536        19.4433370760442                       1
        66.8501660897688        10.9964278756226       -29.8791012365333                       1
        305.790821878426        62.7116877683356        206.218863317635                       1
        278.363199070455        115.290463267625        71.0458480744342                       1
        15.5340633896972        59.8605178857648        143.912976046266                       1
       -8.20614006586562        5.31706274760862        58.3803213885841                       1
        307.982219984631        52.0667932256519        20.5227999828414                       1
         269.67442516078        79.1116591398197        223.568191498082                       1
        107.769577965677        49.5675370004887        175.155290187606                       1
        96.0940194061404        33.4889278826186        87.2605062729359                       1
        311.086647089733        56.5795412590249         39.916377356372                       1
        368.406458477604       -26.7249446626385        136.757019985625                       1
        310.765503876518        79.9756117204059        198.521264199142                       1
        215.674583773947        123.343888809189         60.138762304099                       1
        156.601808848914        68.7234918422828        65.5969259408977                       1
        117.855714495409        46.8544680509258       -31.6455966692454                       1
        52.7064230653745        67.3184462360018        31.4592767465907                       1
        49.4885201192254        99.0878667838152       -34.2702622521068                       1
        64.3004047202138       -8.93654656978765         341.02683004306                       1
        343.919040389702         81.721421364465        155.847424414719                       1
        277.095513987534        28.3504828089634        143.011034971701                       1
        171.187072386608        -20.501618131283        115.228697377686                       1
        283.436631765419        80.7137347618345        57.8061041109344                       1
        46.3155751964673       -38.9852967998941        17.1637123298763                       1
        90.1556969685745        44.3634696437116        103.375933413076                       1
        252.595733716303        123.002140954729        56.9534162200093                       1
        267.104539788386        113.599394562569        74.7650423954319                       1
        304.632367581659        70.6290496044338         200.48414729966                       1
        357.541560036879        125.208632188832        200.911492886654                       1
        294.770844715845        71.5817992897998        1.10857564905792                       1
        320.905756053476        79.9944489211708        171.198142777127                       1
       -87.7031096474662        27.5494766859493        218.441585096789                       1
        231.610276649016        52.6321647293204       -20.6424107108857                       1
         152.36081367963        57.1730170763136        44.9429058403071                       1
        -28.389078725389        55.1029632168561        149.564514929283                       1
         164.02036707729        107.300862035687        1.87189127475267                       1
       -30.8395287720674        13.4978981426551        97.0477227994291                       1
       -87.3455983029182        19.2038381153509          181.8047011829                       1
        186.174378932134        46.6756123179967        103.314683646143                       1
        231.300386270391        33.2364582195603        98.9857377504341                       1
        229.134572373072        20.0960971601151        190.301488724971                       1
        210.757236203197        42.1097019871305        48.0473363799953                       1
        175.918687659755        119.428194023475        86.6554595111401                       1
         72.353045788618           46.4888589001        145.066883246464                       1
        285.844717210193        62.2255107631892        45.6343950768229                       1
       -12.9632041552542        66.7511546957079        57.3283992153455                       1
        293.543174831014        87.0898576237208        194.889764983934                       1
        193.945100172901        86.2788745733557        19.4367397820641                       1
        180.989128421957        101.699046712707         117.39787371855                       1
        82.6758087858227       -41.0417999227229        58.7627736166362                       1
        151.616870993659        80.9554992618398       -26.2061111382526                       1
        290.659337280655        62.9303850529751        16.8790006911745                       1
        199.905081226164        91.9553185688253        49.8454828214086                       1
        -16.054121538269        43.0029974005397        60.2707821243262                       1
        247.058903163713         105.23070994877        49.0865352237857                       1
        218.446911526771        50.3348386799456        12.5721543869059                       1
       -8.03280462507397        37.5803349562204        18.7203821910543                       1
        47.7647472406525        24.1138074681114       -5.03586484905173                       1
        114.329059988042       -51.3057520776254        33.6978718496221                       1
        178.814284350283         114.63161011855         -1.906367917245                       1
        280.987524268615        88.7880882494793        179.260888300001                       1
        37.3087882512495       -8.48042039023341         213.30312421694                       1
        92.7098299633783        50.1374785784051       -58.4044042660337                       1
        53.1474789500535       -20.0764046575263        136.856847881127                       1
        198.477903406431        54.2011114432573        104.963012064563                       1
        328.668681882285        115.511744227577        184.618560147471                       1
        165.728092142633        64.5122047671227        138.065466739275                       1
       -5.32815563293839        52.2671951171046        147.200213694269                       1
        225.830652928332        45.5042976899986        143.326069956162                       1
        404.171078212754       -29.5774331660218       -48.0064088842599                       1
        146.148271044572        49.1752096485309        134.849034194612                       1
        269.864787299094        73.0363377905687        195.034233311597                       1
         59.791282516888        56.4342862749521        147.603918444271                       1
        237.672664364597        32.4696944969031        72.9925941658732                       1
        110.659337433108        117.069613924464         163.12099904009                       1
        173.033869552594        14.5172286255462       -39.3858693976184                       1
       -80.1491274603958        14.3358827401503          110.0112080418                       1
        197.319034838565        158.643780342259        181.409144600207                       1
        262.841195950898        59.6471860068828        53.2092697993239                       1
        136.074358292224       -41.4898641702683        206.265407203941                       1
       -14.1408171212611        4.02137171189574        149.762023330166                       1
        259.634760641906        127.204920477029        86.3794545501346                       1
        13.7973995312028        28.7176902204707        115.461283100732                       1
        184.117435819777        96.1349726700751        58.6216483807284                       1
         164.75270537977        44.8959264480282         135.35567590167                       1
        3.04474593046543        46.6490060187088        158.324220373932                       1
        15.7282864794159        75.6380854289211        70.1300778225693                       1
        223.153843686745        102.249899895985        163.425922579486                       1
        229.755783928987         65.098176217592         15.064700004828                       1
        116.820706449037        68.3674760960513        92.8803438479631                       1
        127.995027110772        55.5766822554575        66.6561941097768                       1
        277.376134305227        73.3751574758838        26.1700530145181                       1
         140.37414832075        13.1280570699022       -55.4559381457586                       1
        26.5493642005865       -29.7987800362931        35.0926804513232                       1
        62.3770681967334       -32.6669642156371        201.948531707052                       1
        244.562093554851        41.8797132707054        170.033354767051                       1
        289.032657197275        66.2051124755324        23.7046706334892                       1
       -115.727509071518        27.5508983446979        224.162434214046                       1
        275.072057107486        59.6755467919838        221.030382885242                       1
        135.590602778839        65.3956025471484        17.3609869320932                       1
        125.173070281972        96.3260108299137       -3.08129986558615                       1
       -23.9002848739678        55.9626375350683        174.185667611092                       1
        236.374294989251        48.9807934773806        14.0949775157585                       1
        200.172509348268        112.086618297111        177.461912482112                       1
        24.0869816100015        38.1017164443627        22.8512348373111                       1
        132.237696631271        43.9532595453901        124.641193309781                       1
        292.061591087014        77.1883247779988        34.9835201316365                       1
        175.130953155855        89.1312939441546        71.4674966809622                       1
        189.800907937562        68.9838275522928       -33.7661191523407                       1
        71.1896665408689        127.488336885296       -7.52960853630985                       1
        361.846046346633        62.5312400230197        120.834119028099                       1
        3.92595360425272        70.6594212355026        167.881354965305                       1
        251.184470114084        41.5826176462121        227.303128358285                       1
        309.675703596447        59.6281769741379        179.739394516798                       1
        -48.012977683883        5.59610975824444        192.902429643234                       1
        305.186257076138        66.4362138703674        208.286749225486                       1
        87.5558589600504        150.048039006067        12.6199363903671                       1
        67.5826196902448        68.3532772476255         110.76540475427                       1
        13.0334287333476        75.8870193511892        110.825566101113                       1
         310.55189647356        145.061730878962        182.386995934989                       1
       -39.3986660976979        70.5767350837893        52.3379600712321                       1
        208.437941541773        38.3457153403901        102.517584821588                       1
        105.574213727583        56.7870798476922        40.6101004938401                       1
        296.073327658559        27.5474062183761        209.268144927348                       1
       -34.3972453991127        22.8553663619259        74.1598216227253                       1
       -72.4005747875284        14.1347253128475        134.483471375087                       1
        10.9840708601424        50.0884966542616        124.622203287589                       1
       -23.6386200811509        75.3794637897193        89.4929894598786                       1
       -1.31602201011035         71.757411783797        136.744591880864                       1
        167.697155471017        58.1396369670962        48.5739918237246                       1
        4.89561828200585        24.7894125304805        24.2640128542712                       1
        234.329758086463        21.8900725095515        -107.93334208856                       1
        241.153857015877        37.8010257932313       -40.3983021732447                       1
       -25.8312608157036        16.7439009135164        229.356241154339                       1
         263.98151399953        65.9965669320837         31.811194929294                       1
        307.733707687977        71.9248424307252        186.116927443599                       1
        273.647257057539         61.810770506915        63.4839110693595                       1
        252.437355997534        77.9503522802059        191.667617560459                       1
        264.360938033783        113.792540014479        25.6529282384336                       1
        299.387728784356        72.4618724992193        224.185550230089                       1
        178.374567057669        51.6526016505302        75.5565204148563                       1
        62.3175210061256         17.328796819332        61.7662517014593                       1
       -58.0860498527087        43.8696762469351         193.83590351836                       1
       -92.4441410399437        29.9519609939328        167.380063609627                       1
        173.260791239384        31.1900829142591        127.999428108413                       1
        74.9762466822594        35.6395805088515        82.1692010600156                       1
        325.603900980267        60.3717146613256        192.885311323164                       1
        33.6611445106465        67.9476288029745        57.0478565171832                       1
        168.702816029875        8.03981116378677        69.1251491172719                       1
        206.092959271424        20.1222359828063       -95.7462363774701                       1
        288.554475790009         77.343755121673        192.640491318525                       1
