TEXTURE AT STRAIN


B  800
        185.269463260443        44.1270659671782         14.643355978235                       1
        35.5819687865952        24.5202383471052        4.75939875174721                       1
         216.12534242646        21.6709825067377        98.5410854013128                       1
        87.9117323079158        54.2680356810282        77.9280520550046                       1
         249.53133385051        61.9533543401197        84.9158890730312                       1
        365.858719523127        45.2061773624515         27.927116960513                       1
        144.280103551435        70.2670423738266        112.844548605476                       1
        221.061527192551        85.2418286361519       -11.9641797266172                       1
        43.5632905406643        58.1389855494899        115.694145588976                       1
        335.870323028091        45.8727471510298        120.675872400332                       1
        248.912963995403        73.0749239429572        119.204436576225                       1
        186.567091891772        71.6503851328465        168.568937867239                       1
         343.31239261337        81.8129929117461        86.3218451575159                       1
        24.2849369334895        75.7380449745058       -7.69604997355274                       1
       -2.12576055469631        53.5099108465654        11.6297033505067                       1
        300.346398674594        22.7282216861875        102.799521333068                       1
        59.5363437892448        22.4039797328832        97.8355309660099                       1
        8.99191589112008        95.8822446119131        178.797792516102                       1
        124.368483033149        56.0306215816119        29.8506601311643                       1
        280.771187428911        60.2151397556447        92.6916934910506                       1
        96.9169054423355        69.2295836550386        19.5261357163973                       1
        77.8400536411777         54.614594783518        31.1535908551279                       1
        151.428227336922        92.3844320166889        21.5844277952728                       1
        149.787019499986        81.4486388146979       -13.6008540337444                       1
        178.243546017912        62.9915787288053        157.876535265044                       1
        1.01622580594732        50.1177984462019        94.8769736185034                       1
        318.431184617218        86.5984012650972        120.452308101443                       1
        325.276998728888        66.7745901374487        21.1939968155131                       1
        178.525177752696        50.2006994379068        113.398392821561                       1
        335.073922798952        26.9089235030944        137.908359791817                       1
        129.134672803582        35.1880442117601        169.334273981671                       1
        153.496118474432        93.8757346451445        79.7807621970973                       1
        346.542954816905        14.3875080404098         124.85714682709                       1
        186.840748322375        29.9217615660622         93.813213512208                       1
        278.118581960045        55.9203102283827        42.7677504570497                       1
        354.533973970912        58.0440593206493       -1.82380934841451                       1
        367.962516268816         65.666526119745        81.4913133431308                       1
        170.161751704559       -18.2511890740997        68.6946046505997                       1
        181.416471223156        62.9574664012767        101.710377395696                       1
        313.258267387091        64.1491532834442        148.425015230264                       1
        212.956180535066        9.74581028891054         108.91419862854                       1
        199.131836604721        87.5103790397191        27.2106503674948                       1
        164.903800466707        70.7762786109706        162.216781086769                       1
        42.5918788834996        55.0290688650424        41.4245088737989                       1
        259.079206968824        62.6706429301599        136.977475536191                       1
        231.420713400752        39.7178361431465        146.812592043935                       1
        189.379408413275        46.9902912350126        148.791381094997                       1
        13.5227975441208        74.1666615614842        61.8994462889721                       1
        140.569681526394        41.7708922051182        130.406746334378                       1
        134.995360602708        54.4424387567157        127.509700182211                       1
        248.524507890017        56.8969840328746        108.846648180078                       1
        145.862848965441        58.0579632568669        100.814833500664                       1
        211.078972549003        61.0817276446112        161.294020738652                       1
        99.7263703417285        40.8577421367393        109.372279239204                       1
        100.050466981506        63.9994624560176        84.0427955158524                       1
        37.7138388807489        51.1839354949553        20.4934230379823                       1
        212.080033584583         63.949279071111        51.5784996228886                       1
        69.7514738118679        38.9724207757547        99.6481690735768                       1
        141.484996114035        60.4065267240368        101.745990466935                       1
        123.775600572421        60.4593373570195        37.7519537323066                       1
        354.054367747192        45.1100192875084        30.4188978477064                       1
        114.258592892059        60.3353849821723        19.1384180710947                       1
         347.82226033055        15.6996326381855        42.3321203158737                       1
        156.135671831979        42.4237623319912        86.3370921407872                       1
        178.775157753008       -20.7575155026681        88.2416287606213                       1
        260.679437611972        94.5217463068845        128.454972111306                       1
        63.7741710519753        62.6280634809485        21.2944997045852                       1
        213.878962113584        78.0265346496992        110.893373837452                       1
        242.622326956683        49.1518140168335        148.221166242269                       1
        191.410250104066         45.699874982571        169.451628287349                       1
        256.954850993773        36.2277557828378        18.1849251561444                       1
        114.521236597605        25.9330153698335        17.0702603538374                       1
        205.596442658987        56.5922762575557        127.975650214677                       1
      -0.978467196523144        60.9312282232676        150.946157779226                       1
        321.901963576336        35.5118721039509        127.784865192882                       1
        179.378839717707        31.4688519062163        136.249684904435                       1
        118.401058348604        90.7901847580143        146.194485429554                       1
        343.478841183898         69.479097296817         30.399258685885                       1
        44.9519235051636        74.4427197143926        124.991236217613                       1
         275.86522391304        82.3353220120759        65.0857755583836                       1
        113.396203096165        41.4383101560719        146.297324828537                       1
        3.97936749248395        46.8997876062962        163.986451477425                       1
        7.91934234083433        64.4041562238851        140.575740460369                       1
        217.685851804738        79.4669959403965        150.307684515372                       1
        38.6331185876633         33.449547076805        110.512884046438                       1
        111.710570901981        93.9239521837205        162.258594759198                       1
        313.970116204588        51.1301354829781        55.5389388381878                       1
        329.306359588621        68.5734255851925        91.4721759361849                       1
        250.559007574132        41.9633434681773        128.989825209505                       1
        175.016909112334        25.1978148115045        80.1715626012515                       1
        212.960349728997        19.4489866682623        130.154665846098                       1
         206.94613551252        35.3900439567807        29.5113914892605                       1
        311.773468288958        60.9448263814053       -4.56732513366881                       1
        258.738847252353         78.457919439246       -10.6360975633698                       1
        26.2893814202245        24.4273686049535        118.973274918143                       1
        124.778291155328        65.0946233595824        128.389378973863                       1
        85.7695428738926        26.9870783871934        64.1915740835622                       1
        162.687844615651        53.3854852770444       -1.64736633082328                       1
        226.880055195616        59.1194685835494        126.862276993352                       1
        271.404205931997        52.4742902472337        92.4743407464294                       1
        146.852493016173        81.6122640302779         65.359541310827                       1
        316.497750240771        81.6105349005015        154.713809620645                       1
        123.693073493206        31.7249022167893         22.948899384205                       1
        169.270528967719        59.9645625578685          79.52893977026                       1
        143.921394181967        122.533792431771        112.629710837084                       1
        115.503527612863        54.9835045757896        109.609267988042                       1
        228.681887120818        46.8164345035702        164.533034515491                       1
        92.8394780353283        42.4423826175798        57.3314894771472                       1
        111.043298524913         56.174756532744        168.541583473869                       1
        305.672712502207        69.8207736899758        154.795823882631                       1
        196.765799008167        87.0236554272514        100.481760012732                       1
       -9.18675148380983         79.736500613525        42.0906541576682                       1
        133.736513958925        49.6852026682178        95.7940296121595                       1
        206.522406316085        81.2880195132454         67.421107605236                       1
        202.520922695016        69.2418431349451        134.188628688912                       1
        271.738662052248        35.4948216933064        99.1171563005718                       1
        199.197893897376        74.6058553580907        119.110316206159                       1
        229.505564265881         45.343250551446        52.9548998306329                       1
        113.512465371076        18.5849481421353        109.831785409386                       1
        198.751318978385        73.3203536014644        12.3384752591635                       1
         14.915546363573        58.5377527818989        153.112660581513                       1
        250.085928518654        30.0648887078881         95.687782685328                       1
        205.331047984575        65.7669087248585        24.3895347694084                       1
        35.6239179553366        80.0349226261959        179.946258535893                       1
        128.409692918785        50.1026422406451        48.1884658430217                       1
        154.423253757112        41.0333659924248        176.972020839909                       1
        121.544148797864        18.8782867090796        11.3875402979358                       1
        112.361118341123        31.6130662999242        99.6343629832122                       1
         166.84069330827        53.6600266250309        43.2966831271917                       1
        253.570034028207         59.288379208409        11.8947019814147                       1
        31.9288865888477        86.7253511007784         149.49951122622                       1
        314.431140026035        37.6412760346826        103.259935210118                       1
        47.3374373306628        73.6253246317008        35.1586520145772                       1
        130.387278361692        31.4775883856966        26.9922576284652                       1
        243.987613347576         55.448129057631        90.9232919718641                       1
        23.2095574619147        12.7802128787877        107.019016241322                       1
        120.607489757569        62.7848946607619        92.1588422156162                       1
        276.003963360223        88.0104071532336        16.8580828441603                       1
        22.8455371716061        55.6278024114775        106.697884199574                       1
        104.222050496781        58.2775569115343        194.590120797919                       1
        38.4586833376565        49.9135400259511        143.558975795066                       1
        328.097057230558        75.4397001573891        102.853711920104                       1
           117.964404846        72.7536902933193        158.872343735503                       1
        82.0794701235246        55.3569988995066        118.236790864776                       1
         124.10965506841        54.0956046149375        152.561946363534                       1
         177.02002863573        75.4211153288156        133.490531756481                       1
        75.2818127627909        34.6470511011917        165.382605048099                       1
        256.512631457108        78.6141255720675        125.827361267545                       1
        194.135909074286        59.7774605322137        113.554545285102                       1
        259.187593001866        74.4330204671719        100.524359609205                       1
        170.601920748488         87.281455665521        69.3669513584984                       1
        136.347090867908        42.3985955197148        15.3163791873403                       1
        76.2154218364296        22.7257120570815        61.5468910690643                       1
         142.13482193344        47.8568017738436        81.1714945829693                       1
         164.17873553813        63.3412515669262        1.69978928991109                       1
        28.1232920217119        80.2080415165213        144.559034373815                       1
        209.780917649959        88.3415215443156        41.7995651644915                       1
        331.284659397887        17.5768100093104        73.9923620188608                       1
        230.669232281833        96.4526342479452        69.5482631966697                       1
        347.820469804013        11.5374095096269        170.035180839499                       1
        194.615432958535        81.1990764712173         145.78143076856                       1
         316.77818231023        68.6794127604126        30.4636923221778                       1
         106.69425999143        46.4856682872928        98.8854355656043                       1
        330.336719633824         53.995930957476        1.56827367376875                       1
        55.9028665248247        70.9219073773821        127.994620278779                       1
        6.64775738456276        69.3703720637522        156.959077295276                       1
        240.339832919407        35.6037271063469        31.2087645974782                       1
        348.450902712569        56.8077011465739         174.62571979503                       1
        310.787726105681        14.8084595317928        145.068997998689                       1
        40.0204691799457         73.825923295038        122.219472950363                       1
        169.944339409889         90.521851718137        146.681253697619                       1
        1.16077045685512        69.5975665082035        21.1195300699311                       1
        75.8172453654023        36.5923563592774        78.6718320013473                       1
        337.188712063394        95.1987122459922          141.3682633572                       1
        133.312766772563        59.3497046388239        72.9924425233661                       1
        315.476593495439        71.2196062610858       -0.92284600819388                       1
        321.379594004101        39.3875469413764        17.8219233651491                       1
        152.524957792101        55.5202332217024       0.619715015596217                       1
        305.730443550667        75.7482114194836         27.030681305993                       1
        114.922829199751         41.106701314483        9.74648285810614                       1
        313.664320351414        26.3810925279008        126.758033129438                       1
        70.1863894387407        15.9230594612028        64.0152305058857                       1
        152.895353747137        30.9757216834937       -2.09233219851624                       1
        338.352080589721        62.7189386923523        63.5274279194102                       1
        90.6004536979134        40.3786328450981        41.6264087829898                       1
        267.395047089043        43.0153193491457        119.779363487969                       1
        348.904949911152        87.8974878272093        125.652104928771                       1
         114.64532268135        100.174153767705        164.262753893265                       1
        254.773452996031        98.2910941987148         170.89935549362                       1
        184.744619479656        1.04785973180422         166.55701572955                       1
        195.450844019566        68.9371183179116        112.856785901677                       1
        15.7763547712008        2.22738494318525        155.258380717402                       1
        316.497295604981        52.0096023152178        154.662357305198                       1
        158.164642550875        45.8845345356016        127.497084706476                       1
        145.864024137103        84.7250890668906        77.1281172969147                       1
        242.468404674022        60.7553539261399        18.2757723389423                       1
        182.443038020063        74.0152972781093        149.370712635019                       1
        40.8897757060848        59.2435923738327        157.246067223338                       1
        65.3651365997588        22.2119128533439        14.4770508428182                       1
        36.2823184927169         49.345369835165        87.6999514274552                       1
        167.585638699807        52.7118974636018        2.84225631784053                       1
         134.91574164177        99.0939900070574        23.1038515125615                       1
        290.874513765262        14.2392553340246        157.322233399614                       1
        67.1662048314421        98.3557411734146        51.4721096693502                       1
        100.494014947335        27.6398410358027        67.9244660610588                       1
        86.9499885278513        27.9890710115206        169.552564304286                       1
         202.14917643189        28.2371616076718         108.76495748089                       1
        194.213556243475          70.67744394995        73.8302218697465                       1
        154.637328540924        67.7019143469075        81.2516226028043                       1
        350.770123780114        24.8066238364686         146.63060997811                       1
        227.873781571279        36.5799383134469        2.40157167152311                       1
        335.550607203439        80.3092256043942       -9.67278254889706                       1
        169.742008093311        48.3796110323862          100.6734871966                       1
        61.7799970687896        18.3230089540186        7.11926075153715                       1
        344.621657068546       -1.18859906094505        28.9188683691602                       1
        157.459654098593        113.364997273868        166.219581338686                       1
       -1.30726994959135        66.6852345327535        43.4597081272746                       1
        26.7696075742312        89.6754854309532        165.857028895569                       1
        269.566546504274        24.7107811158484        67.5903672389905                       1
        202.739677723153         30.524279542274        124.332778747909                       1
        159.804989936376        101.417257764748        18.8156856329353                       1
        182.105240881749        63.4135254349848        53.0613224143047                       1
        263.271711780849         62.132781264691        50.1186407872469                       1
        24.7181036567273        13.0430577187892         129.96141562142                       1
        118.677208763592        59.4672278726556        113.156986688091                       1
        55.4834648290473        46.1284088567499        151.761340318517                       1
         137.65545986858         11.679737455582        19.8498917032754                       1
         250.13455897725        10.5908108170984        37.8291413194796                       1
        -26.025091027381        69.4742103223157        78.7077422438555                       1
        229.124581672685        23.9020666833569        38.3991393673343                       1
        61.0792648063078        78.1372891842518         12.218491989749                       1
        136.990690000893        19.2664150577238        183.555030714157                       1
        200.742329466048         50.390154803058        179.177071590158                       1
        186.191076205524        81.6292315731055        39.3958084315114                       1
        380.250043060641        12.9573688453236        127.591551656213                       1
        20.6969815148214        39.7264574614604        109.508986640029                       1
         208.54942344199        58.5188628073622         112.06738447341                       1
        300.476922898444        50.4489972919437        149.470410677243                       1
        111.555834216205        101.997502213393        95.8801050840738                       1
        169.494976790178        90.2760202034806        21.4486825631801                       1
        130.253457070012        37.4281127286898        13.5956203962765                       1
        341.953044505035         52.761134609585        124.733032465415                       1
        332.726400912716         42.009796850393        55.8734275712052                       1
        306.303022288222        66.1595372355848        142.380679414113                       1
        182.022196328975        70.1660885632921        118.981853271974                       1
        21.6597127945608         53.296744460165        164.683058204806                       1
        292.776383616144        64.0061809996516        49.2491689115962                       1
        111.586807396506        44.4097489389334        25.3691868098959                       1
        312.268606541219        57.8491173756224        185.501340079317                       1
        8.29658463921927        35.6361972387587        112.862217535018                       1
        210.937131780032        84.0860142382526        58.3389429621073                       1
        316.070129924559        67.1793662118255        89.6705876637333                       1
        270.519343022558        66.0726786606091        32.3006159166614                       1
        269.975952531598         83.662806311531        107.113544207435                       1
        242.258309987391        107.050536036883        64.9913892827089                       1
        269.367400856752         38.816533298946         33.788882975203                       1
        33.1394719543756        71.0135135936258        73.8261657704782                       1
        45.1324362234886        12.2768605082968        100.787011413127                       1
         249.95279030052        43.1361657665703        49.1504324005717                       1
        59.3872219943495        41.1267398619768        82.2761214465426                       1
        155.828777394092        54.4802984587311        163.126994966918                       1
        99.2308134095694        96.5690943120012        99.3613533632666                       1
       -7.44952147939936        78.1213375917063        134.910459486873                       1
        317.800504416532        80.9002244923982        14.8615019546524                       1
         215.40858345663        90.4253943208164          190.9965844469                       1
        147.774485542349        57.0162690660142         62.420858282719                       1
        227.350716496968        55.2846047071562         99.709394798317                       1
       -10.5187376090585        65.5620527218904       -20.1846318189035                       1
        140.735611757057        61.2674446354632        63.3970896432014                       1
        332.662445354761        78.4940503337061        27.1815406387716                       1
        27.7778442224504        52.8283660067999        86.6895550374809                       1
        84.4696337491208        89.2477332071588        58.3103266871273                       1
        40.2017241671854        82.7393537151954        147.792486969176                       1
        310.546085975085        43.6748622186878        117.536612741977                       1
        225.333153826582        95.7406484824719        47.5438821302963                       1
        69.7461205041513        16.2713201174206        145.356972976133                       1
        147.136242004882        92.7674318542319       -2.23526320737152                       1
        36.8422613638188        44.2111951476874        9.36215574843401                       1
       -3.86125309429719        64.4530847967859        59.4355698329161                       1
        302.634750865476        47.0095676736364        95.3873374627758                       1
        231.286077219713        42.8324575546878        64.3892019168847                       1
        85.6585449100552        68.5829941934424        130.392093640777                       1
        45.5134436032127        20.8161770688454        75.0409644922097                       1
        185.678107580672         70.145135240392        130.888835301867                       1
        193.890066120691        71.3803857256187        169.316822728418                       1
        193.888010132633        57.2242140456669        50.8913032081774                       1
        140.563945793213       -21.9612195481948        44.7875122448529                       1
        83.8978368329289        39.5045513122641        60.9617769805107                       1
        240.368548818454        90.7733973289598        43.0062200889064                       1
        27.5716848658154        72.1425097984309        93.6811963318178                       1
        323.143450793453        54.4327362204978        81.4503157250643                       1
        266.445173012463        67.7232565828182        175.989031411589                       1
        143.707097843357        50.8911999384038        153.119866762058                       1
        43.2117070113188        71.6969680114894        62.4193221368129                       1
      0.0233788251309962         6.9640522999984        27.7300837082714                       1
        310.345508008191        23.0972394399262        170.001384876446                       1
        258.438158824901         28.924544472327        45.0256398043815                       1
        322.868256101102        31.1086179278893        16.7813189020357                       1
        174.532086277792        61.7949788729995        19.6501151925451                       1
        196.996960542336         88.743625970361        67.8274948051135                       1
        158.899221032932        56.6928592708703        109.958070548554                       1
         88.356387248278        75.1531544478708        90.8836016745921                       1
        110.091733141338        38.1230714243471        104.622475326546                       1
        115.737247596854        113.761140401201        164.336460812689                       1
        217.898705139455        44.8102038751757        165.587399892138                       1
        130.745809507183        47.9088480513344        9.07681317597853                       1
        282.554634401634        72.4650807975295        30.7576031921816                       1
        49.3276147457475        23.4002272272504        120.680950876128                       1
        140.234995722581        23.2076946085423        11.0006199410571                       1
        262.433277048827        77.6916468157858        152.559222138049                       1
        322.790696077948        69.5525646410343          5.276974073333                       1
        301.949469655309        58.9522868162952        43.5300514484825                       1
         148.82575952654        84.4472953700061         146.93750951097                       1
        162.279703902765        79.6070610099038        101.563210502888                       1
        43.2760584539556       -8.18472384484628        145.139081118312                       1
        348.926466104205        56.8267234516153        43.0721830318244                       1
        204.329585665488        65.3965995522458        150.165961826839                       1
        75.9822848355111        17.6884330527454        107.807626904106                       1
        73.6677965473931        73.8218153231091         44.182862310206                       1
        184.291367550099       -12.6592159243758        51.5443149873573                       1
        221.910615123355        62.6398141448304        25.2705708525838                       1
        178.430994686622        74.9028137564687        20.6606234825962                       1
        15.0653014482762        66.8494677641833        18.6241362473284                       1
        230.108694223789        107.196539879495        25.7310660025638                       1
        104.994750065499        75.9266654786806        173.790962269362                       1
        58.0689503601965        62.2924809917685        46.2645695193857                       1
        351.310171906777        37.4304649464875        140.622829913074                       1
        138.425390657133        44.9738753268379        65.0251708593942                       1
        139.920244238451         44.956337485585        19.7703144596274                       1
        167.150423176123        71.0018723268987        9.90392726536316                       1
        283.738265585197        33.7675443151649        165.727610188262                       1
        38.2724336305645        73.8233447520073        118.968035422409                       1
        175.614289949392        48.5057716529982        148.875966342885                       1
        105.719815341713        45.3849684684034        99.6252293630414                       1
        33.4526022581009        67.5363702351082        53.6159514593662                       1
        295.984442531641        64.0569980902684        129.725587891787                       1
        274.965216839415        30.0116691763669        82.4957258000786                       1
        229.358592763665        61.7267599548617        77.7687793146148                       1
        218.821392704207        65.7856974212277        167.423559567133                       1
        217.411412815887        85.2000337403097        81.9017482088466                       1
        88.0360105642954         16.318269359621        26.8097013003168                       1
        369.860077481493        75.8252216612911        144.748002888182                       1
        230.805298417622        75.0898870380607        172.726299806147                       1
        152.824358497814        59.6798356805763         17.353172863369                       1
        154.754236902225        65.2708778297983        43.4584284417424                       1
        213.580475553811        74.2379471477779       -1.46506896491132                       1
        289.011126860826        40.6482469702475        98.7229579125708                       1
        156.833298598296        63.0587563574436        130.830802044941                       1
        2.50219073510025        31.9191112509314        40.6511010893278                       1
        26.3801078053924        35.7182462070109       -28.1624742384014                       1
        167.223503945861        63.9607397355471        117.422205870277                       1
        220.542258036889        80.4364172917044        37.0304883385221                       1
        107.045474192213        28.8755698791711        133.668979421442                       1
        355.716585885805        31.5249798687773        149.479192515715                       1
        165.951578365053         46.200229962508        75.5879425200974                       1
        313.710074607635        58.7484813246252        24.4206827929691                       1
        29.0072278701374        68.4731374273269        146.612069374959                       1
        276.212629104298        71.3687181445333        166.828332914009                       1
        181.924099820472        60.2220432417862        136.973509246687                       1
        342.271004835994        47.4490432964013        4.53001229657066                       1
        31.1872476083878          84.08352702469        132.799058736582                       1
        21.1546939770645        67.8657963629747        154.181579895099                       1
        231.110358725338         26.207286073977        129.750233299047                       1
        207.814559141284        2.23319092509375        100.203121849006                       1
        23.4378528441785        74.0751734184754        112.013484959352                       1
        266.966731879733        65.7596124550033        91.0828123188541                       1
        158.799684511048        129.398560005347       -7.18075450310205                       1
        237.231903233014        88.0753569837737       -19.3855705114168                       1
        19.9031198704887        65.2814273634146        125.570741449178                       1
        204.785806688106        48.0831181067537        120.405453034299                       1
        191.078169517544         47.340433105155        107.229706844311                       1
        227.301039365426        69.5852358427121         99.887685927058                       1
        184.520176997913        55.3793163277109        163.491806491633                       1
        277.579795860856        61.5911977909579        42.9341774230676                       1
        331.040578903351        56.1536905577063        174.764352432375                       1
        182.163224856631        81.0407821346532        99.0103834680423                       1
        132.526250513172        17.7429913307703        100.436042287321                       1
        272.724215982959        93.4991332667621        176.520496858408                       1
        360.427226733411        18.1785413070217         130.65248420713                       1
        113.146039694287        11.3789255747684        122.995305857015                       1
         40.720142064876        59.7197943232804        64.1523557517518                       1
        191.524595409667        82.6445949275713        185.942075939999                       1
        176.995461273604        22.1147672154576        172.485439869097                       1
        306.647746842644         36.580595789389        99.7257762589101                       1
        220.565717672118        46.5223828290669        139.312765999538                       1
        125.987187386962        31.6552760441165        47.3294995185514                       1
        231.891924578607        13.1572845453478        132.980320415343                       1
        23.1473343295693        16.0663606012004        158.017260153455                       1
        325.150053802134         79.504108157971        34.8166353299285                       1
        51.7441220802163         78.943191304818         188.49254544902                       1
        321.227788731497        35.5642446429535        6.84343569302128                       1
        168.817499615736        44.5507786097462       0.879788728075064                       1
        337.488410458151       -6.45789909724467        63.5237873428937                       1
        249.925464595541        54.5116159699011        30.4916730107709                       1
        27.8495152261739       -17.9171526184171        135.195050162625                       1
        289.323226041245        17.5119439167167        19.1380257207075                       1
        239.511842925314         78.500611345305        116.041643500165                       1
        107.605286467914        53.3706664303575        47.6230297817183                       1
        48.7555938201816        70.0364751314011         175.72981217972                       1
         105.81451744568          73.76883051472        16.1967683466408                       1
        171.268194713313        67.2164541297518       -15.5158914257241                       1
        295.354282591756        47.1466362919181        32.5654743911917                       1
        347.694482746839        32.2717547147662        101.362927334123                       1
        164.834191834367         88.077032086376        158.995412927536                       1
        85.8781458350413        18.2062021996752        65.6111964117955                       1
        302.240164518742        32.5971373229216        161.306938005973                       1
        51.1177272876606        26.9162918391664        84.1626574718969                       1
        170.705202383261        67.2709523033124        15.1926208644037                       1
        215.585793526629        72.5716634937533        63.6787560390595                       1
        148.935237422769        79.2944393103739        17.2376180047234                       1
        166.890956819678        50.4813725092345        15.5888577843837                       1
        35.8109999195161        60.8039128976095        120.957702152251                       1
        224.466050357332        49.4686717766634        79.3072880581374                       1
        84.1518506847056         10.704164222783        81.8436054883504                       1
        9.96505871038237        71.1499922671971        181.750495145294                       1
        335.341814953348        53.8889634343079        159.408533529117                       1
       0.865937085073471         42.092713572237        81.1804061240192                       1
       -6.33565060245904        110.676022465623        108.981247585958                       1
        128.665262092697        71.4887412175138        108.837745967726                       1
        112.867982800797        91.2734873761918        180.191713647466                       1
        93.3150487229247        28.0788431260136        39.1845597149928                       1
        259.497083385646        62.3330669217542        42.0026131243392                       1
      -0.245110339891933        25.9406846065789       -5.73902545221678                       1
        311.712370718135        71.8960387417826        36.3045126065503                       1
        210.067651735075        46.0372576694684         125.34282440386                       1
        106.074725939051        17.6186322637495        33.4800068175952                       1
        182.151335688796        48.2703222323537        49.3491218817166                       1
         154.09262248247        21.3606079878888        187.846629675303                       1
        279.740218030796        88.5499124862774        11.4841315147156                       1
        123.700128738249        36.6260909766588        176.054899251485                       1
        233.869398844399        91.2836469810381        124.372775852141                       1
        231.254886209162         70.453609692291        46.6808668044945                       1
         220.79679226473        62.0255084231867        115.068687281021                       1
         126.98096992253        18.6074893877674        84.3942184462837                       1
        70.8200752249774        13.6929147209148        108.615437519844                       1
        315.177819434633        50.9514707966908         154.80578038122                       1
        249.971285738326        25.6224535073442        57.4575868709259                       1
        141.356023705106       -24.2771482820185        39.1590182272604                       1
        76.0616642789809        38.3411525182726        133.253489361167                       1
        223.252010213008        79.9973545625306        134.285431004016                       1
        232.683676580842        92.2014523570526        93.0647911990894                       1
        135.840165371834        71.5902299581539        96.2380973530341                       1
        29.2504651263571         25.363992533634        130.858175869372                       1
        291.196491405825        77.1748225481296         141.26414752496                       1
        7.59033706666007        86.3848683813859        102.031528519013                       1
        215.600881409326        73.2199510528976        49.9265344611316                       1
        190.319638181308        62.3664869933182        98.3163605022835                       1
        154.686827923736        2.03976743164629        184.365201535254                       1
        80.6459225152911         88.541900788775        127.470121536451                       1
          335.0772138869        106.743739513724        180.808646546549                       1
        237.760058581085        57.6826225055463        52.8160817992604                       1
        338.532167775079        104.173903990907         23.839055644281                       1
        242.544923486343        34.8802501594118         89.439130366669                       1
        0.92060731419175        95.7141187974331       0.519794116132675                       1
        340.017739786952        92.8322615929231        96.9439496202323                       1
        345.980096749194        39.0399347532364        164.708652798349                       1
        300.848739005908        34.6629647710145        164.274375946761                       1
        234.104528305896         82.198195941208        5.04171495476161                       1
        92.5764155370407        50.7921511563315        98.1936625168336                       1
        209.984149923548        67.4289455204273        172.747917553575                       1
        199.227793426306        32.0654073867716        49.7145551538996                       1
        287.577227491173        61.2295805317259        40.6333297533166                       1
        325.655277939038        70.6490579208673        174.443828663796                       1
         337.59630881232         68.046354872391        116.318039253718                       1
        162.372573929452        47.4035150183852          65.38932527814                       1
         273.01899461414         17.588226298096        172.506700694589                       1
         332.83680133481        73.8331953815839        70.0291582451833                       1
        291.431510924832        73.5221025731999        97.8397532212244                       1
        289.420545067862        46.3331041142491        64.8948952361177                       1
        112.977306445724        75.7420056207201        29.0272970657283                       1
        45.7886274636605        80.5817309582192        46.2932716977044                       1
        345.787802019406        48.4778272641221        157.294699584671                       1
        321.138711897064        64.5891954140754        133.580149938554                       1
        106.144519646431         73.756846246475         40.793898872654                       1
         247.42963489022        88.0582610152516         107.00864830931                       1
        161.816990739718        76.3669017777995        99.5022908098479                       1
        211.957737589122        91.9307772135416        55.8453737791493                       1
        344.574714463074        68.8152655593358        148.078709038289                       1
        278.841549282803         22.505038778244        128.447262841712                       1
        305.157227543023        78.9020075455245        93.1728978159642                       1
        108.983065610899        49.1094955356439        17.3033638675115                       1
        317.195086312174        42.9818740194861        7.26890245632111                       1
        225.638210058342         73.791432880927        140.326174808468                       1
        156.679886480796          22.52378914708        162.776738462655                       1
        102.583554376719       -6.32597666847992        33.6692007138086                       1
        298.777187455937         36.771927742016        157.091215944889                       1
        339.516771843779        48.7286795165995        65.1392027165756                       1
        236.810367365158        29.2105151679045        13.3340576780817                       1
         190.90461056619        60.9295283441476        168.671817073785                       1
        104.645863622119        23.6181888932229        151.838849309066                       1
        266.527650741129        47.5528758155381        24.3607742744998                       1
        169.883988793404        12.4448851025051         154.80090837586                       1
        19.2655015127895        25.0319953045211        100.932286448586                       1
        37.8702358572198        52.0738967220282        133.293244178427                       1
        275.170467045332        78.3499643483747        147.049288619189                       1
        260.401537768994        44.3303357191856        67.9060858274991                       1
        302.592305051972        15.4350375296581        129.250810638286                       1
         308.32124033932        73.6140930245249        15.8923531256829                       1
        13.1719586951914        51.9119836750471        96.9015440837109                       1
        132.979305176384        49.3981197737778        142.778402308565                       1
        316.757820090847        81.1585990917448        97.4918242493471                       1
        204.833729777932        74.7950252794333        106.967176253353                       1
       -20.1144752552513        39.6282236334732        19.4047670808475                       1
        87.3048090926541        72.4734968360415       -7.65584829475055                       1
        267.225296198086         21.179732723353        15.2612671169092                       1
        330.151554950951        26.6393557939152        131.516018630466                       1
        363.010906305763        95.7257060482367        48.1663092057775                       1
        20.3312495121073        4.41030278170204         95.953433851491                       1
         301.30940030951        75.7083241109284        140.394773998742                       1
        67.9757892744909        79.3609617427418        24.6435976240997                       1
        154.952353352382        77.3491917683473        89.3662427230876                       1
        267.560622456288        111.628441266659       -7.58090175217178                       1
        337.530583910152        64.3742681885165        169.023386325304                       1
        282.299024899104        59.3044741158044        53.4688347997526                       1
        339.406914003119        65.0777221213744        47.5161620449917                       1
        345.226945517553        53.0473752523979         135.36263204087                       1
        93.7082493591663        11.0074113265815         37.236813600008                       1
        14.6270288419875        78.3509317692253           126.702681424                       1
       -7.96886541463597        65.5808403772386         12.936455953493                       1
          192.8691231316        72.9101043423765        157.430862622033                       1
        147.359659574556        42.0268861993187        115.535662627737                       1
        4.08322788079844        54.8163421081061        148.144238498841                       1
        204.995552938711        47.5066633175567        87.5115418422377                       1
         219.96289594159        53.1158529636656        36.3513309059942                       1
        83.7911827124699        60.5803916112831        100.601241461989                       1
        345.601899202037        76.3018620313807         55.755906431651                       1
        173.089569232698        72.8300466402453        172.490527612559                       1
        322.898557965602        49.2637290948023        2.25313429836484                       1
        11.9018016047106        38.6109145319181        112.573800186961                       1
        216.294034504883         43.185127697204        87.0335065446784                       1
        345.153185337739        78.5389817739442        39.1529854220433                       1
        44.3168962521775        92.1472632823037        39.8096821428985                       1
        76.7206569925223        75.1630337346645         118.97872808193                       1
        194.908359061295        68.5392563495947       -7.08354036480224                       1
        104.379967494161        67.6272789813562        96.8706160759574                       1
        293.857922567486        56.1405066862623        137.620218709039                       1
        212.456205152134        43.2504098160325        14.3708724034567                       1
         285.71960855574        36.6158616896426        39.8318544304071                       1
        16.3216897659979        31.9110587669927        90.1544801564541                       1
        215.124783262082        60.4000481510164        69.7431279934083                       1
        56.0375401054437        75.3341125602017        19.8617449080062                       1
        364.101470557957        57.6616920523076        124.497781279315                       1
        185.843318044145        55.2753525913775        155.300116728975                       1
        353.338058227426        105.210780600917        93.2666579539405                       1
        202.895002391371        48.0993924874009        82.2524249498553                       1
        304.533116121031        52.7450409471819         27.228732988745                       1
        124.707581873792        8.45488226630733        46.9803452201622                       1
        284.263648983542        76.7171524973208        154.311337050233                       1
         176.08967926591        80.3859924380901        169.900303984256                       1
        275.996387566422        16.2316873848051        13.1854528438668                       1
        359.701444472762        16.4309530562183        170.459683004661                       1
        205.724477768453        51.4742851649294         12.806855519843                       1
        17.6096289162316         83.089827933654        139.467467103543                       1
        138.080148087117        66.0421267518482        167.600310679998                       1
        225.990958762148        21.8065918863093        1.27686878239583                       1
        300.857783492384        65.1666941310924       -3.40834289318537                       1
        209.417525470479        64.0147956682549        31.2900419863266                       1
        110.852543945126        14.8229132457475        37.7095913576642                       1
        101.107829770556        99.7444222633535         125.71764265772                       1
        163.802832235195        71.7434128117994        62.1947604043098                       1
        343.955407114354         64.009460276297         172.35039300671                       1
        272.296924409385        45.1721616632199        134.146500373584                       1
        54.4312784345993        60.5075102493029        90.8933971998107                       1
        229.502461792971        50.4401641403195        139.281164567435                       1
        219.198370530957        32.0021390613064        67.0705465789981                       1
        124.304483865494        39.0553485750948        80.3864106701804                       1
        119.225859080213        53.8641079854427        172.679850149478                       1
        361.461794213569        80.0600016905794        46.0471771387149                       1
        297.159338340724        5.59644612137068        128.433318444366                       1
        329.364991671969        54.3080393338819        188.953843042725                       1
        183.966537352281        66.3740484695424        37.4241614974188                       1
        327.670197192791        52.1431581358337        161.546297014569                       1
        269.379942944817        68.2736060615716        71.3922744926944                       1
        9.70170910592723        40.2249220483729        60.2450792948781                       1
        202.135345647633        68.3007696210709        73.0467337142409                       1
        30.6481929188343        123.637211903791         22.449433491274                       1
        163.865812564373        39.4072930453147         68.199180523367                       1
        260.560015921776        54.0461321424072        64.2837777615285                       1
        131.576611303047        86.2344009290847        172.947934584922                       1
        179.077658341943        60.9863594363332        113.139599498235                       1
        60.0887156814655         51.478494825151        23.7610615557479                       1
        172.918533426237        34.1319686250391        81.4617381924901                       1
        196.662011977231        69.4575692952712        59.0836158634938                       1
        62.7030163296062        57.5513064741272        125.288486282088                       1
        279.773557203712        64.9491253412821         104.27881693972                       1
        290.250199971359        76.3570561676822         41.765312998509                       1
         220.95186047776        51.3789728169766        46.4553759923268                       1
        68.0809914262701        87.6174093866742        41.0976702923603                       1
         87.280965046827        72.1327957837628        52.7206579700237                       1
        208.678970424043        5.31595001316876        166.748509268135                       1
        180.072074443263        52.8672804775771        176.019818301198                       1
        216.945358994342        12.2387776442162        86.0648811292871                       1
        152.524411232648         12.942813469633        31.7318519566313                       1
        46.9873289291835        59.9571227259118        200.585021435899                       1
        201.142629411243        62.9758221276229            4.9282492453                       1
        188.816712504973        56.5989370389493        156.733354480682                       1
        193.513300350969        58.6426610250354        129.145107731634                       1
        189.433898340679        43.6393907251401        135.573555304721                       1
        200.736140553383        38.7254061147732        138.013397041433                       1
        340.447882095325         -14.28839214536        143.653821068214                       1
        147.717792310257        19.4081835234776        59.1759652715905                       1
        357.294371099874        81.0125091254292        144.166699195654                       1
        225.455542113049        88.8577930281444        153.261509352574                       1
        322.875692579233        61.0141596546033        108.890259397856                       1
        112.628475860625        59.9542455449439        178.840878231056                       1
        161.668775892345        54.8683653891038        173.535381235827                       1
        283.421433765879         49.852727086383        54.9866921567328                       1
        245.368065871541        51.7819903233326        62.3737910853243                       1
        314.028538710783        59.2667650184628        171.258248024836                       1
        260.576397472959        51.3501013468004        114.978490691893                       1
         230.35846902317        67.7871268382384        78.8756171172114                       1
        221.877612212259        61.7360768181666        90.2989030778093                       1
        184.312927393407        5.09422230188745        42.6290659835152                       1
        213.889672969974        56.4245019655503        101.706509152946                       1
          287.5669962909        97.7350324260778        45.1900648843083                       1
        161.562791577392        65.3294039386031        14.1174613167282                       1
        217.829807457071        17.9743616088448        165.351790872839                       1
        145.805884940054        60.9102422798629        3.87079768681463                       1
        296.253842705411         44.409852652282       -1.92092566411264                       1
      0.0996794899879042        76.9325486823053         8.5672868116802                       1
        180.107204280524        54.2434109013492          93.77393063074                       1
        151.206301733815         68.558519232879        15.9348164034973                       1
        266.170125541863        41.3998174278301        73.1942608721976                       1
        58.6219973695232         41.782340523354        69.8446859378864                       1
        173.298986713948        81.6143564565158        116.683295643065                       1
        10.1156534931126        87.6714094052398        156.819227987132                       1
        22.1015751785448        36.3329450890249        122.394961565624                       1
        347.131155007293        62.8249752109791        173.722805822469                       1
         199.63557333522        44.0932872299593        72.8468504564857                       1
        171.179009533884        54.0604479755672        4.51951430589904                       1
        290.419101693785        6.36236246098733         49.557341464893                       1
        327.359850397253        71.3559098476371        19.8692139576518                       1
        114.082028563959        40.9971789013379        128.963674309833                       1
        89.4836990784945        24.5489032557714        64.4968698443165                       1
        9.84122256935216        46.6167487738992       -6.65421200857065                       1
         235.54539780619        77.0487875274236        124.144628931323                       1
        46.0286303602288        70.4599054928609        56.0082055980288                       1
        232.607772165888        39.7595577472209        114.798424776894                       1
         337.97958952067        80.8001108732404        7.89203582195317                       1
        46.0201396660846        14.2376290997009        92.0604700703329                       1
        327.738689009836        39.4085697599986         161.65246019172                       1
        345.014653671804        43.7519690198299        138.264148831105                       1
        50.2234763277621        62.1594922713359        143.703091750251                       1
        295.875907764369        24.1569237625412         198.92328353638                       1
        210.299920963864        29.3189535131574        143.852099767849                       1
        139.531561426767        35.2351925611532        29.0009099003773                       1
        150.083092429191        58.4876014632305        76.9556741623859                       1
        330.837979626371        16.7978969595688         29.078684395155                       1
        240.323577241573        33.8628792241779        127.725585265894                       1
        206.976826712774        19.2872225047674        127.029345490015                       1
          95.89630285972        44.2411983779088        122.805121008767                       1
        276.180047310479        95.9399501539547        52.6931877774693                       1
        94.9444816399757        48.8156758068259        28.6469002083484                       1
        187.801304955733         47.543111718627        149.662785648204                       1
        305.731519557518        76.4460578653126      -0.561638872400312                       1
        335.619885814042        85.8606149317497        119.671487358773                       1
        351.478214772492        66.4266953061713        28.7177472172076                       1
        98.5155785193541        78.3774075690724        178.770131833815                       1
        13.1784613066407        5.78217453734322        134.335390932951                       1
        173.493360868915        33.5614215058396        44.3039816405823                       1
        330.755320139151        68.4063522728538        151.665036116809                       1
        291.914907738963        20.2745275543118         47.715528198334                       1
        343.108310829384        50.1916482625371        97.5975953935383                       1
        311.992987262793        95.1537751921324         177.18896524181                       1
        321.823892371021        82.4395259978934        109.979126454747                       1
        21.4252037219379        19.1579190518047        48.1602009483127                       1
        163.407798419369        55.1036532221745        94.1666165455504                       1
         347.84469263814        25.2234139713959        78.0745782405545                       1
        332.698340352806        25.5344640051189         6.6791960836443                       1
         161.13770515211        29.4281989586846        70.5430420724207                       1
        59.7497316218632       -14.5893063106537        108.959827657187                       1
        122.490457685338        85.4297082625273        159.437439145308                       1
        35.7276700440563        56.0094248857141        103.300963278121                       1
        48.7722193332311        17.3697305687679        8.50225473810801                       1
        265.734222790477        100.432200211393        106.559605995682                       1
        287.517231680114        8.19884712572336        62.0442873442712                       1
        150.931564037352        28.8810841157277        176.021366148935                       1
        322.423643261961        17.0974339677747        27.0528742169324                       1
        237.014229389596        66.5736890201707        108.318607035837                       1
        296.798941364505        62.0098576651911        104.561981357902                       1
         286.46835264928        36.3339866048746        140.045166469799                       1
        188.377364159697        62.6176669727963        23.9168621557637                       1
        271.819167515071        45.8284946291753        62.6490495127725                       1
        145.021631840108        115.696736835153       -5.09898452769878                       1
        328.067788498893        57.0115069560045        27.5152239755785                       1
         333.05871259279        72.4833147345405        62.4521535134699                       1
        69.7398928748271        85.9044125787449        64.6039674084685                       1
        159.397489787537        38.2601517076724        44.6436217820062                       1
        22.7932810645681        65.4771569111103        88.1117805842846                       1
        207.672460164204        60.8466458640728        43.4939947556688                       1
        248.188609602246        110.617104672843        151.161000032799                       1
        21.0637179726788        54.5509281730857        6.07513063645261                       1
        274.170805062696        79.9395223201456        25.8886251649792                       1
        323.024695313231        51.2908386444281        14.0301677483954                       1
        272.884760988637        60.1824676068266        64.7784686777444                       1
        85.9671367161673        87.7487295863572        153.003377813839                       1
        289.051105254637        42.8611543463209        24.5942482198818                       1
        250.207225434681        32.1716569060173        107.795685754297                       1
        92.9601450413934        85.6571252253294         189.82601636793                       1
        299.237726119294        56.7373060218196        148.599587020169                       1
        207.745885482013        77.8065453686208       -17.2618057504042                       1
        296.878067354646         20.460616200514        74.2712003142375                       1
        102.936994082579        26.9647014507544        60.8202621763806                       1
        138.556289944931        45.4942303525974        173.399158821382                       1
        296.931314821376        52.5721506182435        111.056257016914                       1
         97.929671060708        57.0646124446613        110.694235939179                       1
        204.096790599365        39.1538555186843        107.221328706977                       1
        96.5036041935855         51.633708764315        128.569850069569                       1
        168.995578514354        83.3216585523155        160.787379268539                       1
        22.6423242189698        85.6871847331885        119.765555425768                       1
        26.6276245751655        66.8986910165867        133.339319342767                       1
        204.208750492776        81.4518258576842        45.9047914571627                       1
        284.052796404574        69.0918873431822        179.599750176637                       1
        160.878653298739         88.575211910582        8.16335653089046                       1
        68.7557296526974        79.6361327301129         67.630023940904                       1
        349.264551466156        26.8590875639371         49.725090618203                       1
        332.042854435077        79.3317690764291        128.838786963217                       1
        173.062506022241        1.22516460395389        151.782840072433                       1
        92.5737260016214         32.844110936053        39.3329453643569                       1
         271.48886705585        41.4704884541865        50.2470620166223                       1
        193.666693392025        55.2698978794589        9.48011140986127                       1
        26.9735788844474        75.9464901193419        136.370359560726                       1
        87.0588776623047        94.4696943953982       -3.41504962684984                       1
        -4.7598162093733        10.4416186539636        12.9194331952784                       1
        146.989533058958        46.1107193499573        101.097675399428                       1
        176.761575641102        100.234734483815        17.1745768642391                       1
        129.789556690005        51.6154661728457        123.808244792237                       1
        111.010833837228        33.9064418432195        38.9818563543328                       1
        38.2384130138742        77.5900860231503        104.895834888459                       1
        292.198510311872        61.6528797626023        64.8535162121592                       1
        9.58326585714959        29.7801538680735        148.700441145254                       1
        346.916313557119        76.9370535472364        177.212597775414                       1
        196.664089088736        53.9695945474332        148.535065939741                       1
        26.1149871580896        59.1142160130623        134.479810692056                       1
        245.502753232602        24.7274494317851        75.3349918162756                       1
        83.3618510531861        59.5382261061525        18.3101442343248                       1
        273.947647901267        26.8999152625444        49.2257409375232                       1
        144.089386343728         65.584431978977        143.592774625413                       1
        351.192380755601       -36.3118165740753        170.064131636251                       1
        276.946311974727        56.0879602385907        34.7264645112295                       1
        273.110101590746        18.8579914004019        57.1923552610322                       1
        136.236211599878        31.0923341643174        88.9100155213153                       1
        237.056710669222        60.7471904197452        142.506078106423                       1
        79.9502140254808        98.9531363412631        146.439698981161                       1
        294.445075181829        30.9706959257217        28.8887961535551                       1
        111.070614359324        90.7868278687699        11.7363144166455                       1
         67.298835168823        58.7923382897502        23.1815289951835                       1
        316.866795847365        58.8744688387111        71.6051868704309                       1
        98.5687061925579         32.672774724151        100.432933474075                       1
        211.710116691406        14.8863111123302        121.793712209121                       1
        173.868640522438        64.5547432702355        179.119285149151                       1
        238.384673032434        42.0620063364967        100.242308302937                       1
        41.2530080056114        64.6523428852697        110.407679332835                       1
        141.341145489222        99.0816599593035        102.556728971198                       1
        44.9015733825278        34.9289861556262        156.775831036594                       1
        25.8770120555835        38.8482394064275        185.931320683303                       1
        279.510517961954        24.0468376171896        68.1298686368043                       1
         281.52988550668        97.1023702791556        120.832311934847                       1
        165.542130089052        69.2039121762686        31.6327642261877                       1
        355.705096969454        55.2780328646745        77.2247656629628                       1
         343.08598647825        63.2451016841969        140.317927903256                       1
        252.738072119171        28.9282527633375       -1.61546238174199                       1
        16.5311031423337         52.030409866596        129.442959316437                       1
        40.4352140303707        33.5798887943073         76.889261788019                       1
        102.892966454728        64.7469595260756        168.734354767274                       1
        243.058135679316        67.0768087225027        39.3589509906312                       1
       -5.20423791772651        35.0107179041933        22.1287394893985                       1
        347.453898505887        36.6852627249857         73.804086957513                       1
        261.671986546059        23.5580267207304        90.2561401833089                       1
        136.001782478863        32.2269363546012        174.216703873759                       1
        275.068086428325        73.3366069726757        15.0821448965131                       1
        154.831267974364        18.5912396554904         32.892844260285                       1
        330.158581392743        67.2890643956842        159.676193349095                       1
         320.89448061531        36.2216193561655        52.3435556117683                       1
        255.884431866062        45.7642432599486        135.318777524462                       1
        293.213134128108         12.800935376357         31.376693985963                       1
        175.431202747348        33.7313270323527        153.342821919001                       1
        31.7476808676251        68.1138773226462        136.481930183427                       1
        99.3746137744952        60.4223653182728        108.197859487217                       1
        63.8501676342878        31.9899184350127        132.319020745856                       1
         146.44776708219        40.0718393755047        100.949486506027                       1
        12.0256490038212        55.6398361099969        120.597555327219                       1
        31.8040556294227        72.8505965049122        123.173672667763                       1
        248.140963096476        76.8746271829506        143.100779657251                       1
         33.193734699567        33.0876540761289        24.2552470781503                       1
        256.707453713421        73.8611218589088        115.068469053033                       1
        325.601044804722        33.2903236695972        162.965777306675                       1
          64.44154845498        67.3898961442649         182.22531199556                       1
        22.9544067185277        52.4773079862771        29.8225722390258                       1
        116.601821851032        41.0175983358738        144.452522933245                       1
        129.911189301455        25.4113566317247        105.211485528288                       1
          307.7688253704        72.2981706426751         85.523635696502                       1
        266.116968848948        18.7258113128151        114.358407106987                       1
        229.484418567834        95.8080502332048        20.5405878492528                       1
        132.604901292696        70.7191467657337        10.3804766754508                       1
        41.2502719541005        38.3274514478118       -3.52853692894803                       1
        113.703341323664        41.4575420148209        51.1447427469497                       1
        118.191722733351         51.467512909932        28.8052612524868                       1
         243.08895438774        48.5220637896112        2.99897802846968                       1
        16.1304611825381        53.0342991543153        174.552162211892                       1
