TEXTURE AT STRAIN


B  100
         36.027800983484        37.9739149744808        153.563692866352                       1
        64.8109725204379        58.2658172256983        19.5572187447464                       1
        379.752784376666        55.5611975295296        46.7770639955473                       1
        66.3982108875535        120.792762088891         148.56460873871                       1
        228.306053954639        30.8923155611402        150.526083956539                       1
        233.556847665723        47.1524291433389       -27.0872524318145                       1
        73.4254886552693        46.1444829812918        33.6185736922571                       1
        359.123856002477        57.4718174567576        16.7171137908722                       1
        85.4205366450616        35.2453767269835        67.7655229935965                       1
        216.411840943931        46.4751780502206        52.2524801935664                       1
        164.521145192972         43.581655492726        23.7200873248298                       1
        248.723935008056        69.2308691101441        85.4658975288461                       1
        55.4290924532865        15.2938085111919        96.5084518488068                       1
        79.7696864514986        45.1558199845637        82.2571265890733                       1
        44.2773986812248        115.701743177124        57.3146057613516                       1
        113.507271867547        78.2003222927748        130.797404719303                       1
        351.310972711836         90.846943412023        162.133120333367                       1
        62.7889000761803        43.5255829697787        98.3452371151903                       1
        58.6938223924544        40.7037844533382        98.0198795218802                       1
        202.473915346869        30.6569144689161        53.4594634379472                       1
        67.6893081147218        24.3200279972073        97.5080266332252                       1
        253.362661075481        77.2079608033819        60.2869084842554                       1
        100.396446544493        51.0242323519403        54.7443473864786                       1
        106.526922563517        5.82640419143082        246.377387741504                       1
        263.360442527726        43.4748291074976        132.641573339518                       1
        260.987720506136        56.5566139342951        43.5767850954394                       1
        282.755654320981        60.5153151007244        127.961700848228                       1
        191.505912808679        45.0555194381176        22.6055146792438                       1
        71.4901854201884        38.0407914663271        196.306726374217                       1
        185.464582735923        34.3179650680436       -1.21655445483952                       1
        72.3079559632492        61.0944292506585        92.7145772867831                       1
        83.6600128553144        52.6521360920412        191.399497705073                       1
        98.7926373051187        30.9306048889794        63.7317478427977                       1
        91.2754030911892        30.4573164763303        86.6229339733178                       1
        219.009015574796         40.860316503114        146.035604851737                       1
        109.486348454989        46.5495643056713        70.2288676367491                       1
        45.9934976185331        46.0864427224741        127.876396254948                       1
        293.679546054346        46.5347720239975         112.38777774114                       1
        106.918838737521        38.4883433387755        65.1848823720576                       1
        67.7912782945745         43.551129187937        105.046782696325                       1
        86.0363108154618        50.9457071434209        98.5906192084492                       1
        128.519481059218        28.2700275214727        61.3387834140602                       1
        24.9043070846246        117.697734335321        175.341767827631                       1
        246.033281332648        44.7815108754801        127.029703844606                       1
        358.907947725889        85.6444209521139         40.528814686564                       1
        146.437050904692        23.3773767150265        32.0116140190384                       1
         24.968659013584        121.248299268654        64.2974115185058                       1
        389.775222258299        33.1123119323828        126.807793643688                       1
        359.503475997952        73.1715521505746        161.827090288603                       1
        292.507532323646        73.5938130610428       0.513371752908711                       1
        38.9818899690993         46.401355432645        115.808234086458                       1
         57.534612000983        53.6553440879017        86.8301892863899                       1
        89.0094756871117        21.9238920292461        99.3235063031026                       1
         197.23084130185        38.7028821416985        4.96781552760873                       1
        123.670093281979        16.2722417023028        219.806936366444                       1
        272.602246431899        79.6888199140946        96.5364562896178                       1
        50.3305866906407        31.8443621373502        90.6216519233286                       1
         284.38828002152        73.6609128634326        106.305700504194                       1
        106.711188108129        39.3043425854084         90.057676875725                       1
        65.5619144768047         37.318610616361        109.919057976747                       1
        84.9778599690318        22.9123091058418        83.4367973606531                       1
          264.8547793736        62.5226059688969        94.9233333196317                       1
        163.110328594808        34.0873907001491        40.1775823544456                       1
        51.9996894799496        76.1998741341087        16.9312627665859                       1
         107.32478057864         28.395403752688         173.74707507344                       1
        112.482991696884         61.228200608508        144.778185515898                       1
        49.5562711752537        29.7601628055818        124.562009929735                       1
        274.505221516314        112.884778831314        10.9843609970875                       1
        218.979010274843        49.7473305844451      0.0925698892796051                       1
        245.386620351113         58.155060479699        68.6595730322913                       1
        232.379553112599        76.1486238474771        107.856254196434                       1
        75.3255843273914         60.584150058431        209.566952344547                       1
        54.5764777669488        26.6755134485574        103.636413071786                       1
        44.0400464914476        94.1502575199739        54.5655050720392                       1
        191.888695450775        23.2334445497347        162.506189240946                       1
        219.268980162565        66.8912186104534        44.1920356748174                       1
        232.101806001373        60.4498254471227        139.995466928143                       1
        231.615372958612        59.3519822280579        54.4715044426343                       1
          133.0924998488        40.8333108232177        50.2367499848302                       1
        278.498442447023        60.6202303905218        20.7047113304812                       1
        42.2458212469465        59.1192613407566        107.275193360851                       1
        238.315557905132        75.9326701511206        48.3764413901218                       1
        52.3990403273932        51.7516647928017        39.4316374204333                       1
        83.7231805394764        58.0617952775373        69.2956121883323                       1
        60.5744444851602        57.0614615104288        112.219198735365                       1
         93.019830322409        53.7820541764419        78.3336786676429                       1
         43.944088882483        20.2534289074577        138.532414077171                       1
        371.940428476633        79.1599210511656       -1.39199863442775                       1
        14.2477799188062        66.4908872977012       -9.74437624777248                       1
        365.781412370854        19.4136973096149       -22.1079268271292                       1
         85.467857265454        22.7190210472173        59.8625963755647                       1
        354.120061544195        64.8941954066766        57.5207521079105                       1
        66.9716898895671        36.8697155081885        119.990063475321                       1
        85.1630704450721        38.1487386833706        92.2891801345786                       1
        277.648448270162        43.8076173768007        139.146957898829                       1
        209.458982119029        47.6060947797044         170.32144822699                       1
        80.5727562897531          44.01497851054        74.0727715739421                       1
        92.0318080762647        42.8020653648204        195.618519684884                       1
         343.88872372792        76.2243972685711        150.945601151808                       1
        367.224099803166         125.13695751488       0.584505280207463                       1
