TEXTURE AT STRAIN


B  50
        205.678292170381        67.9843715110511        66.6725885275966                       1
        196.865136608819        70.5074070016742        86.6489826603268                       1
        215.839341765583        99.2116477382464         126.44242625353                       1
        181.896643547696        62.5528490732484        83.1403796605503                       1
          19.60485951257        98.4301298766508        129.351040884372                       1
        190.437900757749        66.9439495233237        58.9243744477857                       1
        183.717249858589        68.6636471112836        40.9752469859842                       1
        26.2573784806068        60.1474674563623          56.90093289405                       1
        128.911532711074        54.6819145366823        120.351328966952                       1
        176.321093385692        70.9908467821649        105.206093553611                       1
        302.714364159145        83.7496011797956        49.2693657455683                       1
        144.302768829766        110.997508921602        46.8959863255113                       1
        178.091426723415        85.6012968438327        37.6947708415459                       1
       -5.82377597228407        9.04866519982652        130.073557641587                       1
        186.166945331054        73.9788742807724        21.3776129197902                       1
         276.88384055599        23.0915973780631        32.5815675936828                       1
        12.1807028928352        96.3522455106544        108.229561552169                       1
       -19.0799784374799       -7.73468205019182        129.679594187311                       1
        2.82399528109831        93.8718736799537        125.828899507744                       1
        337.146905619565        59.4823944439463        115.689319881406                       1
         206.34979855761        88.5252180257671        110.481906495488                       1
        379.861345217525        77.7323301625315        55.3380067269469                       1
        17.5646403119803        92.9120207004796        148.148415794107                       1
        199.583883718667        84.8940863230988         129.48339125267                       1
        367.785336205094        79.0257818533668          71.08870177571                       1
        198.828773913416        72.3306751823656        109.061690378707                       1
         188.54242228779        49.3546985542974        221.276708848652                       1
        178.452630173118        100.072748934203          125.6641575776                       1
        11.1343214234489        75.7091737938168        37.8549690564559                       1
        29.7146299334237        68.2866721697318        40.9882917624599                       1
        212.953460841107        78.7274186399341        91.7604174823978                       1
        24.1736290698487        74.7272973178546        69.4449564968499                       1
        190.954680979177        87.6862336181398        92.3263925640539                       1
        209.927842268938        84.3943263373605        70.9407082686867                       1
        62.2208041906052         19.431534333874        189.632813197463                       1
        230.705181991715            81.820666617        188.387507918356                       1
        198.737387468816        55.9871854002945        197.428716177386                       1
        17.9343363886703        79.0805768296628        52.7339299861613                       1
        321.746948409921        23.1057121048586         74.070896273302                       1
        7.79034522538518        31.1578468291661        113.660565360544                       1
        367.894142626186        65.2631072561447        56.0704051363938                       1
        172.744033070426        53.1730652950415        103.897865943526                       1
        208.648144342238        94.8617273637502        143.651370868661                       1
        318.217127553035        48.9777638291213        126.224225907448                       1
        376.770114694271        54.6232410350869        41.0238730966503                       1
        174.698592587073        28.0057805010172        111.280568831881                       1
        190.358814999194        87.1607925270187        114.891653575732                       1
        28.4150955387433        14.9088745866671        83.1290629519298                       1
         283.74569119861        8.19463910631968        40.5101312273519                       1
        130.707854222902        118.967198861906         34.209844384046                       1
