TEXTURE AT STRAIN


B  400
        160.057471740687        83.0423920696282         42.691849918966                       1
          134.0779033651        60.7713712868761        142.876092786907                       1
        119.458148589583        68.4638041917613         141.28456230563                       1
        15.0004773352689        11.4769118322111        76.3763630250605                       1
        225.262249305643        88.9726058065303        85.6573137788748                       1
        36.4439502156206        67.1316907651065        84.5997745409276                       1
        123.398170362925        23.7216686774801        5.34659992570386                       1
         269.51404749416        59.2043282543459        139.832021380754                       1
        243.154006999798        64.4230489916122        159.436137838215                       1
        192.960731034737         99.984216056077        91.9417872519794                       1
        303.266220033853        62.6217907610514        38.9893251638644                       1
        143.871219586173        93.3507873627804        50.0158121073774                       1
        114.112118346644        84.0359488653864        56.2868375414616                       1
        55.5888555741603        53.4786830432739        72.7299155074914                       1
        38.7856611385051        61.8494638062783        83.2950379485031                       1
        73.2330011004662        64.5898133728316        73.4702469605436                       1
        247.094948765861        11.3172957621155        -3.2619253799303                       1
        192.870421454919        98.4216072758758        113.214600200788                       1
        83.8882180169882        78.1262158995252        65.2157450966218                       1
        349.981637922469         62.169583155443        95.8279878021148                       1
        93.9907429952429        61.4490886105083        165.335327053694                       1
        79.8787231399028        28.7322563659758        3.85494526944973                       1
        30.6510532621245        80.9040618490519        105.802162192918                       1
        325.579803358996        53.5954160728822        6.58601488182005                       1
        212.535164161674        83.0827316745523         97.330681550541                       1
        43.2361632458949        50.3570486471734        65.9689125912974                       1
        52.7065605089242        58.0579699959665        107.743361399964                       1
        46.5386003258147        42.8307799886031        178.514276210882                       1
        309.763857766994        61.6795141225348        43.5857971977886                       1
        125.503321546796        82.2979668972528        29.1522730119925                       1
       -15.1924812364136        52.5250749626981        95.0839863462637                       1
        304.038888611589        87.5078177960882        116.136259846335                       1
        121.950398994564        93.1272676672735        118.003254316342                       1
        127.642515080479        27.3928632521246        20.6398832240011                       1
        224.681592652233        69.2022208337261         138.39778959864                       1
        165.390096599967        82.4284815342037        67.5401376946063                       1
        45.7814245220366         54.046334644903        151.020472383356                       1
         354.45170023683        91.3571031600847        169.809028759608                       1
        175.821866577796        28.9249955219518        148.971728551246                       1
        7.99489515095815        52.4899054376376        174.791590449536                       1
        241.056080228623        69.3497570703955        184.754567468731                       1
        130.717060886929        79.7784952458718        63.0059965159023                       1
        328.534491984722        36.1869741891257        19.3284027181352                       1
        210.408596501886        57.7578224646851        94.0308975128007                       1
        341.360452205214        80.5310679928691        76.2464349735782                       1
        191.668275372585        78.7953727457526        44.2587001418477                       1
         61.995719243772        48.5635533008356        121.803928324299                       1
        124.417220709494        69.6778466589991        72.6958769338561                       1
          207.7158112852        18.9733566386129        100.421749236797                       1
        252.091257726675        89.9480319392363        122.030642568655                       1
        224.177463713776        31.3521662370918        71.7587010801841                       1
        132.555574404984        81.1983419732267        112.614901852448                       1
        37.2981402473704        111.767817495387        11.6410254682747                       1
        176.999809787788        73.6325926764339        51.6539180930447                       1
        208.240823268227        45.2315638510827         25.547027895105                       1
        264.334896004267        73.5215673526957       -1.99042088636777                       1
         190.64817856048        34.6101113420008        21.7971684429383                       1
        64.8896884774772        58.8908217229774        59.9328994199828                       1
        34.1324963208971         89.398989947846        141.639158369014                       1
        304.691104919617         20.673621534735        144.242597243169                       1
         313.34093539411        74.9574624850761         23.113592616427                       1
        41.9486119890048        16.9129006843798        161.012180142807                       1
        353.702140939028        57.8640701503948        136.683539057554                       1
        59.8982699708748       -3.65515381632726        144.758724685121                       1
        224.035014613613        17.2960372515772        137.442783810332                       1
        117.085603259452        90.1036553048275        76.0792507507619                       1
        234.046617434172        34.2567445172871        205.915719971767                       1
        147.789297833946        34.0117730674488        15.9768940304349                       1
        192.960337062274        93.3229394876211        98.6651257868631                       1
        48.1407725636388         33.342512555069       -30.1509207150422                       1
        369.247300041595        73.5174231737598        106.526789909964                       1
        110.894337769944        70.1758224109693         51.104970630252                       1
        209.628716876645        101.066678466553        89.5661433446708                       1
        248.460831845312       -8.72282229120368        164.651684262742                       1
        198.930445936329        81.7379122034097        108.915312399429                       1
         302.75096392379        17.5311939820855        167.761440184981                       1
        40.9844569910033        52.9690076227559        19.8334246943093                       1
        237.186040018323        67.5077816852725        80.0363595809473                       1
         3.4500260337915        67.1025027576543         85.246270900593                       1
         328.47740284954        68.8268691978325        104.731597070186                       1
        312.753768299037        9.51691849115474          145.3786633748                       1
        172.023234599181        60.0420003247794        181.810216173336                       1
        268.464206673036         60.938181945484        9.12153795886807                       1
        290.558220114823        56.3016489016281        114.312876198042                       1
        34.9130554360471        101.924462020164       -7.33927728329319                       1
        350.845091687263        68.3423058609739        80.0314636287438                       1
        303.863404652858        43.9925758244507        59.4724897422515                       1
        198.472549268513        24.2408735536878        28.2647494137802                       1
        248.648005981727        92.6404556339039        58.5769570522616                       1
        358.327813754671        88.2382276320661        63.0497805716818                       1
        128.245392465613         23.952074480822        53.9562592301498                       1
        54.6115727536258        67.7764577059016         169.98834475005                       1
        238.066180351668        103.343667596309        67.7123664455025                       1
        148.591269644913        16.3815637178233       -3.79131528381986                       1
        293.117074694422        83.3249594918249        71.5228907943453                       1
        136.047287670098        88.4140770045198        102.438048689779                       1
        248.867675391035        21.4051607015608         50.683035967051                       1
        193.537851559555        31.7750595527901        58.5925349608695                       1
         256.12103586857        96.2073936757792       -1.16220860833196                       1
        96.2467539130523        20.4205568638486        101.515586265523                       1
        345.053152771615        80.9997361572516        127.271567096002                       1
        364.791770394414        101.055602899853        147.510192079419                       1
        112.437583455265        109.281405460579        88.3686092116644                       1
        248.452567671909        87.7553702851472        63.4248363011033                       1
        62.2573326883717        100.091195737449        164.381050695676                       1
        132.095664280996        56.3732101700922        10.0387970952154                       1
        136.371129827437        2.20783918150857        149.919313093907                       1
        318.775663113217        83.2285860608433        7.32441026593022                       1
        308.915995891067        62.3983299652815        151.742793433214                       1
        125.887123323513        55.2747585852479        67.8337305644857                       1
        273.780773421433        81.8858748333657        135.343175551771                       1
        159.866994932732        91.1711162987157        26.8333276722494                       1
          325.8036395105        39.3027479560371        147.498951485451                       1
         55.334764482455        125.445799807117       -22.4736771556008                       1
        144.668819081773        12.7385970077435        147.740619259293                       1
        172.447636130692        69.7560957534407        59.4530437705743                       1
        118.438118788177        104.390044681148        35.3385553531889                       1
        194.867132500363         28.246179979925        65.8038616351936                       1
       0.363645611548179        36.2321113046523        -4.3419556884041                       1
        98.0692161998219        77.1911749620007        150.079798033816                       1
        115.228775065353        107.513287170381        1.77341162579197                       1
        203.327021307372        42.5486419740105        95.7030883613402                       1
        6.38577917918968        9.00615278338756        166.226419164234                       1
        304.122234015738        77.9535909476969        77.5234169629527                       1
        27.7338293011904        45.3920056032066        13.9576179008172                       1
        79.8155138006266        57.4566488356261        137.869743144439                       1
        310.570632204494        51.5720716323779        73.2432841004775                       1
        153.364286522762        72.9452212373396        5.64372334564431                       1
        210.447483633745        27.7760252227725         65.390367194463                       1
        31.7471452909556        87.8169006686544        68.2413079304268                       1
        27.9503445245822       -16.3341542611253         132.72120585439                       1
       -12.1800015059959        72.1572397190409         124.45626197265                       1
        193.743216969071        64.7099198591396        92.2201664441192                       1
        217.092752848562        33.1154761662083        94.7662422223815                       1
        145.658139349461        79.4870171542253         29.115201977077                       1
        172.675056158601        31.9131644191918        57.0408718514492                       1
        98.3942197168255         42.068916191143        158.392164257244                       1
        50.8301903703484        77.9645575785095        153.629394229427                       1
        294.676146366842        59.0823703053927        59.9145328457073                       1
        32.4642944276475        62.8703392963631        109.729876598611                       1
        8.62336233317568        65.2059384424237        120.439164575011                       1
        43.2248793077743        72.4225570861313        80.5810867173362                       1
        235.686892481864        36.2741296664785        79.8909288666113                       1
        197.744301660356         92.291739336508        69.3874211526565                       1
        117.016410667779        16.7239278695819        164.982575630258                       1
        43.7666631908544         27.946282987705        12.0036281658984                       1
        134.790269010756        70.9568804026605        82.3907350153999                       1
        18.7237455412726        63.7151010399443        105.210666965535                       1
        273.815563512199        38.8013227516927        15.5131593334621                       1
        23.0393048347611        76.9489508136656        94.3269644698905                       1
        374.747327087246        95.2479627465375        89.4379038414338                       1
        85.5140496314084        48.3090588991685        177.449053790966                       1
        178.388224895354        99.5482397117519        72.4924487469637                       1
        116.111159614838        79.4510580107949        100.792064717733                       1
        279.242414749279        60.0948201969992        60.9090626496294                       1
        43.1705582401284        77.4893656175667        96.7939405667585                       1
        84.5521719513213        74.0668010556808        39.9463498375986                       1
         41.127772943571        37.1297132468919        92.6883206077826                       1
        239.256433921361        100.375520336675        126.033328282708                       1
        290.187136684787        67.7089843614373         72.701882371636                       1
        193.347598325187         45.022197248882        79.1970540691546                       1
        284.962550639862        90.4267598701795       -30.4615833051682                       1
        173.499291246184        89.4038210284977         32.360127135321                       1
        314.397032571938        77.1235561857851        64.9334498162676                       1
        235.440682823837        97.9585636107314        109.508889228958                       1
          98.41938602764        85.8055471211465        116.594555940244                       1
        107.916330629508        46.1389010738114        166.854481755342                       1
        309.762978734427        70.5889617198189        95.5571096313493                       1
        79.5985556307112        22.3562178442277        172.995015837366                       1
        328.304152320957        52.4270574371609        130.256736569867                       1
        114.068025120323        43.3307149031145        18.0768179472716                       1
        324.724422710084        66.6091343404566        114.134969579532                       1
        149.474747211397        74.8557038781572         54.992884659333                       1
        195.185673014529        96.3211493380508        41.2809660547121                       1
        235.401346195403        81.6617826006737        68.8676502862521                       1
        225.423693072938        92.8732949496351         129.22845669878                       1
        174.946743077637         73.642593290771        90.9268787034505                       1
        329.599804942431        90.9401413788668        142.639491075142                       1
        155.770109633103        92.2263439787028        125.837226289594                       1
        66.2414259889471         71.145949760378         82.675515480057                       1
        223.500582512825        52.8979993785432        91.6765185299824                       1
       -10.0138739731957        42.9701266044831        127.320595317305                       1
        148.480019068952        69.9973880266741        5.14386672754219                       1
        321.131523515012        73.7755258217065        130.487897258818                       1
        77.9201047620579        37.0244063145479        142.421512167403                       1
        69.4617702206768        45.4184513768879        65.6383160101139                       1
        317.190875190415        91.4770405147804        135.409651539246                       1
         252.97063315634        71.4863411043939        9.39859766774942                       1
        324.190897606864        55.3129002228701        29.2923920809674                       1
        285.139828651244        98.1449802858096        115.148020897551                       1
        210.851723757681        19.6104779109917        46.2061277982009                       1
        44.6965190929824        74.2470631695172        57.0419245784366                       1
        177.946478587915        73.2154689109657        21.4563487245644                       1
        184.751249507624        13.5805871497807        98.1696398276709                       1
         167.06373512019        47.3680011274686        143.890045433932                       1
        351.481162038591        79.3648103403454        87.3886298233912                       1
        55.4565222389341        63.7861600584807        89.3801380180966                       1
        305.893969927231        74.9723327567544        107.138016615058                       1
       -15.3159281227387        78.0355117467971         134.68080518732                       1
        -1.8928459737488        104.250985094494        69.9792899504065                       1
        122.606676325324         57.133631561903        87.7305848132424                       1
        39.3133265677832        62.9429951804486        64.9429661697739                       1
        130.390470386191        78.6286265244642        135.218024907874                       1
        46.4846843232574        66.8051908471517        71.0297385571959                       1
        189.087026341733        83.3835131809405        126.880806143504                       1
        107.000093222713        37.0885481137549        92.4062297091395                       1
        104.975380733791        104.718118793592        199.989686672443                       1
        32.5266314751213        64.8038451069133        126.746527108092                       1
        171.145881379429        79.0310098069566        37.3440844823607                       1
        294.416150869279        46.8150461916967        164.323139451933                       1
        245.500027317756        87.2123126121002        31.8531170617249                       1
        162.026953159223        74.3884512174186         193.84070834763                       1
        309.064631705212        83.9258575083025        44.8238594622979                       1
        142.571349482347        63.4096456311356        168.939818069436                       1
        198.387212217845        77.2321210420867         168.76156909738                       1
        64.2807177899373        66.2958288830473        143.162079087119                       1
         124.66896838915        90.9869635919615        92.5457573964322                       1
        196.845428134085        75.8476583991531        56.3887338513894                       1
        235.822045854778        79.2415401784664        54.6376263111391                       1
        312.001074579316        58.5868419620706        87.1264271368856                       1
        130.279535488486        64.6525237739096        125.041998087325                       1
        276.210332353674        72.1980870886734        50.1324723016509                       1
        227.047909098389         36.256635279489        16.7059285048088                       1
        184.569935272572        97.3252657517562        72.2555331237007                       1
        129.239213409211        69.3688178764425        162.104652727945                       1
        19.3999469988021        71.6341400668415        51.0205353658561                       1
         358.16176604852         74.657863289538        92.2700372355877                       1
        127.230188949391        73.4155930054978        96.8477872653374                       1
        216.543020267937         45.689178542047        83.6216835642937                       1
        158.486059212354        87.1366553005615        89.8096705368484                       1
        250.165143945475        23.5877829614094        23.3135930765943                       1
        66.1773648243209        39.7254057958829       0.408713435509685                       1
        230.418848766408        50.1059140878067        173.353481610458                       1
        64.8822773118135        56.6643368504754        168.033254880081                       1
        63.1699510033675        41.3309972739958         146.26288332219                       1
         217.36542709082        13.8091882765821         72.245383891676                       1
         237.82596501173        54.2882541815504        189.046722751347                       1
        83.0192173381898        60.3666398695526        55.1683913909777                       1
        275.629220466844        88.4918118728361        88.0334028902009                       1
         237.93079255073        125.218343107397        42.5759666435806                       1
        98.7858109946411        70.2761727964359        93.9912923464744                       1
        289.411145900776        75.6900976963324        105.267079467518                       1
        256.694549687501        25.4006262648519        155.518349040767                       1
        94.8476038731225        -6.2984081564159        128.905911306332                       1
        121.509064701488        77.3279636382025        156.129704249293                       1
          81.10829382223        49.0886020468989        120.390066089143                       1
         218.28543850827        66.3466429902825        107.578793997426                       1
        259.604765684348        63.4472712226403        171.281389463038                       1
        154.176327955983        11.9739761959889        57.2779770924563                       1
        249.567042804626        37.4720153585446        54.3579794426372                       1
        151.260001080454        109.265927650099        206.922309520355                       1
        157.404675971384        14.6512624619582        81.6592234379697                       1
        68.1517483202051        70.7003426961879        59.7765145845195                       1
        90.2242107313152        26.3688491791391        57.3457257856347                       1
        68.7224892219405      -0.868120267233461        95.8844528043418                       1
        146.417947689337        78.6269239585034        68.5805531718391                       1
        231.866195002183         63.679727705217        24.6980130532574                       1
        290.959060980163        7.90473014998564        136.438091943171                       1
        189.005455684197        63.3951762533561        35.5546254117676                       1
        110.859586243898        59.7799363305829        89.0682259201206                       1
        201.293523389506        69.9200758973065         23.811339436233                       1
        155.259685561652        75.4755752204704        106.907817009136                       1
        183.099415102075        15.4189681847994        116.483559497773                       1
         17.470867310586        39.4163457175648        -1.8077119932909                       1
        25.2861631265967        74.1752907259119         67.787065399021                       1
        269.405384134785        82.0136582258314        57.8210949993342                       1
        54.4970076551283         91.732708038102        166.632865853754                       1
        207.731124137862        56.8496886284482        73.4893810206276                       1
        342.466334009858        18.6762778511233        90.9600345386507                       1
        204.610734635712        101.779621365003        87.2235727207172                       1
        191.171021983128        5.30484866907577        143.854280178265                       1
        146.471392381562        84.7595202876821        14.6625935080591                       1
        279.009013452829        74.5578331605376        74.5483468000363                       1
        129.753932207736        45.8190631130852        132.388034451161                       1
         361.51428980692        22.5956100755769        128.156702951996                       1
        327.638736025466        74.9320174568918        34.8640798975231                       1
        82.4955963546948        11.7989345121863        194.741936927131                       1
       -2.11904358643851        22.2324800407563        109.936949271242                       1
        207.386385409671        85.0921052878336        24.1934473401459                       1
        81.3847504173725        34.9361002211644         47.855967102158                       1
        142.874294201821        74.0552208082579        92.9652114006478                       1
        47.2355421482146        78.2879774217824        74.4360282015191                       1
        39.0800999581547        81.9035255639065        34.0220602604778                       1
        244.473157928035        48.9896828471263        74.4250740565885                       1
        234.952247775505        78.2037558629968        100.119179175233                       1
        294.207915439644        94.7479643517206       -10.8981271249096                       1
          138.5297432513        65.7348382821868        125.637107306352                       1
        20.0581208158675        54.4474123767109        126.819132845371                       1
        307.139144342679         73.246383372297        186.700213415297                       1
        341.964468865521        64.5322415624753        113.941522774136                       1
        190.168070258885        64.7637367319093        68.6625621737062                       1
        219.433974204712        43.2313342772793        101.436164606723                       1
        178.814686172078        54.1276323916842        33.1867132861415                       1
        148.312625822713        91.8544570405712        61.7434156388546                       1
        47.2092397649066        97.6375526836034        154.160888714633                       1
         303.21694383116         92.277275003026        133.844313019409                       1
        66.5853035336167        84.8112160881961        100.954981260089                       1
         241.89023527003        62.4754934475481        113.724775166495                       1
        34.1641694136185        48.5429982310733        138.831032889457                       1
        180.883724360492        87.2659621899911        83.3954686745097                       1
        225.356081335084        90.2941120824788        96.0711381168478                       1
        112.521972711819        103.699935978918        143.501757984546                       1
        257.214636186581        41.6547696435851        136.014069444131                       1
        159.480857678009        112.194783488091        17.2333152467227                       1
        225.202116153113        105.185733032932        220.821130617143                       1
        318.825418051864        81.6773786749647        152.427918165681                       1
        291.833987674168        97.8488586578587        46.0253501365461                       1
        164.526787656124        87.7081362459315        21.8867920316999                       1
        138.333701159805        42.8506655913211        108.101354596535                       1
         54.827457654626        11.9174929756465        137.499891798197                       1
        55.0188497450874        91.2477401262374        136.433239173947                       1
        65.4970417238781        51.8031193759179        24.1251105996729                       1
        252.240399200158        72.2892585530731        136.023522641181                       1
       -1.25333717176029         80.938953097171        74.4512167600442                       1
        99.2403194923723        112.690964139075        22.7901614913662                       1
        48.1273057475191        92.3460490773058        182.785815796117                       1
        151.520427034532        30.5100094364935        38.6491883137454                       1
        229.727062454431        73.6282594841532        5.53863824802564                       1
        110.142971987416        66.1202245867425        133.618616636136                       1
        234.224987335608        26.3755952551813        91.7060592468503                       1
        80.6549425202749        92.4069934222488        158.505223872232                       1
        70.3539598207121        102.828927184299        187.287200922137                       1
        56.0630793447549        33.2272858202576        131.605565368741                       1
        218.654496543499         25.428391744745        183.883563168755                       1
        263.092874674243        74.5675480062179        74.9158356989128                       1
        342.089082061111        81.5285490526466        98.2312872803767                       1
        106.054429220915        22.6853722163859        194.808757209205                       1
        20.9996786560312        55.7507107935564        90.8766177592833                       1
        279.197679763218       -9.18479031764857       -13.4206168126407                       1
        113.980978165055        72.3093068457341        106.024917830743                       1
        218.337295819025        70.0331294835076        26.3118856441617                       1
        209.857865921347        82.7359541161051        80.1206028312746                       1
        295.571134670365        88.4962663802613        77.3786735974871                       1
        132.335363064458        83.7454548131931        87.8005200929744                       1
        235.892128232089        45.5712666208253        62.7251161860084                       1
        112.447716074278        62.4617097109529         -25.94851091441                       1
        30.1269400816805        73.2334346557684        25.3237728897718                       1
        77.9640446795167        71.5252047060474        110.810621005272                       1
        190.582080436994        88.1080899489332        74.5634203896239                       1
        134.836511035287        75.8941768308858        110.367652539259                       1
        170.516606915855        24.3240453655915        108.413751833768                       1
        31.7035572420436        89.6815600060088        77.2665203437192                       1
        176.402451712883        88.3846360734261         167.93640522701                       1
        101.833797048185        56.8555905274531        85.7833068953845                       1
        46.2926510504678        18.8328040585399        65.0543662972691                       1
        311.034123633789        64.4688995220378         54.515686620066                       1
        66.9153365619066         67.316876880882        130.246785868404                       1
        56.3917098775642        18.8541504926029        157.704916511121                       1
        108.395500525357        92.2632802010497        81.5281298638145                       1
        337.291694573882        62.8361511958999        84.0212366598408                       1
         227.65942968402         56.755496080867        76.8314309366776                       1
        52.7993973546124        106.921949006198        81.9520910602216                       1
        213.865935016952        68.1798728801015        150.119746855191                       1
        287.039181425096        59.5607811507976        34.3637186732383                       1
        250.334145955353        59.0891950330044        168.674801933095                       1
        252.947224107013        56.4999013946735        71.4695625906461                       1
        279.345329649028        79.3071644350868        31.5664670029374                       1
        169.282526911934         82.758757679689        98.6517502126509                       1
        328.164707460331        52.1108961548645        117.165972382914                       1
        303.318476137333         79.387769434574        38.4200713901026                       1
        61.0662882319795        77.5368199360389        132.344268249598                       1
        160.500521877343        63.1774737747892         107.92891413118                       1
        153.181684733946        54.4165030264547        17.3952643177198                       1
        298.840470607277        58.6333685472152        141.485674455554                       1
        61.6447053258205        67.7842132384365        42.7788851706731                       1
        218.427252163364        83.9902029514073        9.54293402954047                       1
        167.444870496455         10.066032453993        99.9000682066674                       1
        324.705678273911        64.2398580992966         73.249503101089                       1
        292.185782290303         80.278404326718        54.7582305607988                       1
        329.749554760487        73.9005353044377        60.4538171067718                       1
         164.05202729973        22.3777780630643        27.8235935338517                       1
        262.163401779618        17.7106738100117        125.411477004605                       1
        48.1745691301395        55.9686731959601        162.539413856847                       1
        310.719124993681        75.7593886102246        53.2323973725006                       1
        151.080515975324        57.2643775847676        38.2782574256596                       1
         165.88426179117        128.444869178779        7.00249817500968                       1
        47.7692822165975        68.5111811894848        94.3111867211195                       1
        150.568506196628        71.3475722619157        208.317092273665                       1
        147.088217463473        57.1447197172099        78.7345553440491                       1
        5.33709442232305        67.1427802986128        55.8197232218164                       1
        163.463827593261        70.0089785745422        21.5063387433598                       1
        85.4241915415376        54.9284710916781        47.6758486445929                       1
        295.355168023422        69.5767289639854        58.5519653123819                       1
        359.754727441191        50.9733007677702        98.9351793043326                       1
        385.542167761404        31.7501873534046        184.636628889266                       1
         314.27992828314        88.4165861282106        58.0886648516543                       1
        281.406264356256         57.649667167837        173.518341682914                       1
        182.679527102807        89.5839764921521        50.7846518895869                       1
        19.6794523552413        59.9921400150376         71.461897396242                       1
        153.850517476218         89.733915081806        106.189725947907                       1
        138.300087058401        88.2832876716549        13.1688880235293                       1
         263.93241501324        55.9439404929224        24.5043620306791                       1
        129.403814270772        121.063305940926        3.42620167663045                       1
        254.183861158504        73.4250518357072        56.4339027044675                       1
        1.41205665229611        70.2305066596969        67.1945977316604                       1
        164.007706150887        66.7869621035413        166.200333542799                       1
        325.339449603257        78.4482368919248        93.6241070847396                       1
        255.379557926658        46.3401685049076        153.068317864271                       1
        268.219154586783        18.5442633435234        128.975325991345                       1
        237.486810975783        98.4213921138976        88.0112052435912                       1
