TEXTURE AT STRAIN


B  400
        232.700173067033        87.0229241669652         111.28926572561                       1
        268.733079781967        16.6859818527859        29.4746224780078                       1
        316.543421693473        100.859623722251        17.7203595161914                       1
        28.2308449730807        50.5371195145815         80.412576990539                       1
        153.368726445693        55.3212645855911        182.305407884988                       1
        296.509009078547        41.1618742383087        139.685751152473                       1
        272.815837832813        39.2936083645193        136.395039679514                       1
        185.755805993662         51.314808431666        11.1056385082825                       1
         117.37790216754        37.9600629739631        166.248225344447                       1
        205.051148717394        53.6003198071104        40.2177529486466                       1
        336.434958023243       -8.65903670926097        140.600171327368                       1
        143.206426083436        42.1359210636162        129.804467815464                       1
        152.961318976159        95.1248618710282        66.3433106506156                       1
        224.600177640019        69.1231621150888        65.8642516848019                       1
        142.203692927601        43.1000778618792        142.708682167775                       1
        235.470270569639        73.7113126132828         17.832245900825                       1
        211.495711118434        60.0939245882564        113.220160216373                       1
        131.428325678326        88.7671243579964        207.144049460603                       1
        165.181026353273        6.08818013286816        117.362160467806                       1
        47.6963605130404        40.6156114720897        129.877457751628                       1
        139.972600099744        60.6546047801527        156.190658156279                       1
        187.625114539278        57.2030746318807        123.657285473357                       1
        127.928606206834       -9.05098628669819        58.2697626073879                       1
        211.567383198801        98.1376439843953        36.9581640288028                       1
        61.3968457092194        66.9728841073499        67.9789170132271                       1
        307.663197025978        33.0369475806314        161.748874470262                       1
         190.46404766137        72.6557853437071        46.5165777989068                       1
        136.722359270484        65.7340591615056        89.8095256154263                       1
        229.785001855914        87.2598961875312        97.7804872897945                       1
        116.266810597978        53.3688407456217        36.8133406759639                       1
        289.848549173207        22.1530191729382        80.9670374833627                       1
        5.98362466004664        18.8266548132426        172.075682604992                       1
         255.05266166296         21.730802193268        181.215045494565                       1
        258.035786669811        32.5328682234064        40.0629096190813                       1
        256.702022747448        55.4774671107968        91.1075896117375                       1
        67.3078606638561        61.8209352999335        128.763022654174                       1
        279.745497683815         63.525054703056        37.5292975307058                       1
        326.541183908385        57.9236816265755        98.4190915512964                       1
        229.840280420717        94.2467037465127        29.7191699983623                       1
        300.392623784652        63.0331496313872        76.8564064730573                       1
        242.094238510387        78.5787569289553        116.979678667216                       1
        146.245420320595        81.7400913193237        34.7787361755704                       1
        303.437578182661        59.1194530003222        120.194049106148                       1
        268.308347696828        52.6418110128056        158.052896123028                       1
        298.976078668851        28.6721649730302        51.8263246229348                       1
        139.714598221346         85.820837308666        84.5020172841529                       1
         328.60223669942        72.7719203278926        138.980389911705                       1
        282.131394192178         38.147602225448        14.2540334044762                       1
         216.37900746415        81.2018034523303        25.3771986220456                       1
         231.33479435781        112.926822663224        126.998725296873                       1
        163.005532667744        48.2408561250438        189.453289677896                       1
        167.399191188469        61.2500028165239        76.8354024521753                       1
        243.451837553243        92.5361775244336        124.927010646261                       1
        234.102854026187        26.6202288689469         98.259266071724                       1
        219.665221080144         57.409918068646        56.5802127692471                       1
        27.9383601733579        47.8731662725972        58.8364773770048                       1
        110.834761626057        52.9264759076566        128.168703299448                       1
        192.287594774671        64.0625289179932        156.716928780258                       1
        44.6217491135991        94.1775491231714        55.2490351937488                       1
        58.7998596317002        49.5174305017319        20.4408851869684                       1
        25.1519307380204        64.5636127602662        66.1131742451694                       1
        138.980601236408        56.6237616350475        171.716369072171                       1
        310.703851182831        109.417409759594        156.816931346122                       1
         368.37242717948        35.8347417880978        103.921917262822                       1
        347.455509591314        72.0140295751818        66.7970232085913                       1
        322.301663426594        68.9575910928855         170.95155059127                       1
        196.372494136058        35.4164547409114        49.6021063358529                       1
        203.540349020595        27.8097173284106         57.465658228577                       1
         31.910924928237        34.8717808079252        39.6893074677718                       1
        203.175609179229        84.6953068695009         169.46705207999                       1
        123.089276147255        28.5666562835602        148.514892936404                       1
        158.981576727148        42.1640685051983        40.2433981897589                       1
        246.760889573322        63.8581637133308        102.523078916581                       1
         332.45290271272         81.534509068335        124.048555925649                       1
        210.155978926585          42.82333994489        48.8188691495487                       1
        329.361996686017       -19.9489642402163        153.848385180693                       1
         113.02426280995        33.7354440880509        91.8059778056028                       1
        40.2938758057292        78.1913327163694        125.618639258862                       1
        334.660633824518        59.2481063238747        81.4409820285051                       1
        157.997867073641        58.1262607172464        138.970993308479                       1
        203.656414508996        60.6432215248614        61.5055992800638                       1
        214.523855977265         96.779095274006        23.0487551844045                       1
        60.0248448650008         62.109252409629        37.9029838905294                       1
        29.7433846817335        60.4762703529033        93.7850259111347                       1
        204.270679425074        19.1285471334923        83.4856822800782                       1
        48.3012847728441        29.1933558588524        8.25454514587906                       1
        368.905326300274        16.4896326689567        12.9512769756484                       1
        149.990123657263        67.8907997740633        132.397798561695                       1
         82.633688831705        19.5962048243668        35.0267728910403                       1
        85.0923405341216        29.3694936337042        8.78835122974342                       1
        273.849077286499        62.3443252714099        73.3374655267511                       1
        288.422319040661        70.2436603988007        134.576120075372                       1
        316.969087515227        69.2938753440215        115.052496588423                       1
        50.2200347287057        26.0310634456541        57.9789577854251                       1
        151.343785159298        57.5869942560337        144.452266188108                       1
        76.2460082623306        70.3762310272014         37.697792718828                       1
        180.881039485107        38.5308032318191        132.480643845766                       1
        194.977818080757        60.7952568548035        140.655715400315                       1
         290.56975719997        61.0530399169002        45.4582818260824                       1
        175.604200667801        6.59102221153561        36.8662798666449                       1
        210.016155089012        21.4357576058117        95.1246027172291                       1
        126.768581196787        97.3178345952153        110.820008756818                       1
        238.454092764148        63.6269090700807        86.8234988202271                       1
        248.527471451472         15.851893373381        36.7845803251937                       1
        101.896819220817        72.7757593078108        63.2350575047856                       1
        70.4294962015342        76.5279737466512        151.877070562049                       1
         346.59702617511        74.9812495706781        126.406134588577                       1
        100.563433765911         45.338018836618        119.543581923676                       1
        104.717574993154        96.6938948674142         129.43805412017                       1
        203.952965098335        70.6355427252715        64.6308560384341                       1
        119.286287395517        98.1501873514653         2.0594222389664                       1
        169.255595303051        31.6310242890535        135.956794099131                       1
        185.264361012029        64.7498523258184        7.08737313559399                       1
        206.843922148738        3.31014679918996        53.8907618428416                       1
        119.068553953414        38.9692038120498        104.361075496926                       1
        111.991549788107        55.5362274717787         157.53053224436                       1
        247.316959066025        59.9873599818817       -3.01423337858454                       1
         327.39642167706         79.332335196083        8.26295240566417                       1
        156.961984723726         44.516519505472        147.033723869285                       1
        53.7801821735811        74.9791287629384        64.8059072732025                       1
        287.508793541721         79.609109735121        79.6858969702343                       1
        318.026166285423        76.1161990253394        80.1074855647783                       1
        167.391441985807        68.3129847398612        57.1932232945774                       1
        114.462958762655        79.2850188113732        103.527194398272                       1
       0.644979739251466        102.624765371377        87.6996817377732                       1
        262.853407404617        64.5538481200149       -3.73487873247937                       1
        58.9143446545383        71.7555559486159        45.3471245042655                       1
        64.3725921486838        22.4221027723555        98.1494673023474                       1
        25.0672819943207         75.105924678832        61.1727565515582                       1
        171.326913312214        65.5469282079792        112.570101280812                       1
          50.85046641315        69.1723182909856        26.1557623471619                       1
        311.677665225758        69.3301938982215        94.5642643119217                       1
        41.1747601921616        58.5631110397635        45.7991469446265                       1
        144.773245078043        66.4517361242629         157.47240735559                       1
        321.424300399666         18.932255519403        27.0661679535588                       1
        167.422115610278        82.1621681133984        14.5266228905435                       1
         249.17850309256        77.0021089079499        36.2801420245462                       1
        47.1916442176603         72.525682549707        142.151313887245                       1
        20.1700045358666        35.0066191479945        154.968799527905                       1
        338.574734754481        23.0747321180697        27.2285519321226                       1
        156.305143742211        57.2374444373282        159.156925260144                       1
        187.518994137775        50.0431718471356        68.2055303922138                       1
         48.969775532123        110.914595408534        147.427310696098                       1
        77.1844910684521        80.8556565256767        58.8100116549403                       1
        94.1231478768012        53.9855020344031        150.129030637098                       1
        23.4947897897174        23.2743078712007        138.123364829525                       1
        52.6618390387588        77.4756120827161        57.6703747451553                       1
        9.81598921991373        48.5587459833642        113.352488235265                       1
        136.025457435676        36.8444987324039        177.095598022199                       1
        73.8178200639496        37.8594148657902        32.0535190884618                       1
        339.639402102481        10.8262773601133        117.514379719798                       1
        23.3131598168134         47.915946477816        147.977162446522                       1
        130.666706399177        18.1413063732823         159.70918995582                       1
        177.112819482436        16.2265070939613        92.1467569502045                       1
         365.06569279477        69.1907459308239        36.3024085254432                       1
        239.587247711876        44.1544288312569        155.905052282881                       1
        256.925478054342        33.5018211003819        169.074023505528                       1
         299.71054169771        18.1271004093612        168.010302311757                       1
       -7.59962042552416        4.11961584914684        97.7826807405336                       1
        145.854859633616        63.1061046026278         48.368998449731                       1
        280.316326501543        49.3337955305139         30.013707674493                       1
        140.983053753606        50.0981753958063        12.1094919068848                       1
        28.2540592500384        22.3198309514807        55.4572457472691                       1
         282.35806779631        24.8600996863227        122.322172773754                       1
        307.000770854682        71.3095754810623        163.274205981378                       1
        211.602877670483        124.386205439183        54.5744064327655                       1
        256.859697857452        54.1634340301539         150.76172065156                       1
        130.778384268187        20.7491626160395        187.650346961081                       1
        74.6817395165015        55.7378140994909        127.669518436096                       1
        246.594154415967        12.2696216171954        84.7098346177169                       1
        323.957129304956        93.1787492334512        115.558417050751                       1
        187.366303109978        64.8530254013835        103.836551309596                       1
        216.377796655581        107.184741782447        141.219948856892                       1
        304.163509317438        64.4546738069635        37.4890455415333                       1
        281.892639196014        44.6664251784934        121.484337259051                       1
        65.1653733331725          38.26779121955        21.7109215283165                       1
        333.081199499775        77.3753807481335        85.3213403885922                       1
        332.246896355674         84.230823291913         96.895105219937                       1
        165.420989063816        47.9037285946378        106.312703986617                       1
       -34.7945199651354        8.80759068546726       -33.5724315281111                       1
        27.5066508974417        109.289556783833        126.929102811654                       1
        51.9082349848125         13.502441807245        124.496459940523                       1
        328.890763575758        38.8274292456502        202.859721230284                       1
         68.591879976941        93.6278591682368        101.767503799908                       1
        45.5179276839102         90.496205184682        128.609566970256                       1
        125.308810222425        40.5250303822854        174.872381149337                       1
        208.699646571254        57.1305476955848        145.912043388337                       1
        131.457631052116        59.4192971183284        163.740462401685                       1
        323.181245372106        17.3104146283722        113.668152175483                       1
        294.879080848546        55.3735755543155        141.077755608681                       1
        314.571651338494        58.8134736508138        38.9998603202495                       1
        200.476161382958        52.9645030605929        72.7867133043027                       1
        77.8276923419966        52.3425226099134        68.9009154543665                       1
        232.658133516609        58.8305376640885        123.578320670007                       1
        225.348070613324        55.8762515050228        73.2876332428432                       1
        60.5821370474473        56.4107972597936       -19.2316374057297                       1
        234.350563265272         75.550036919603        135.436539051078                       1
        158.891723076953       -64.4335079825184        106.192733500147                       1
        302.404777775827        79.1920235917291        139.143772831858                       1
        200.774690456058        39.9851263962943        94.7139782706635                       1
        270.046720381887        23.6606660573194        74.3608224701737                       1
        90.3304221160234        60.1191519325235        129.553787773951                       1
        165.251908890168        63.4753526626975        161.147158586994                       1
         380.49733906407         6.7995309772099        89.8385460395808                       1
        121.048497291747        57.1975703324704        88.0689382476398                       1
        126.541807243303        64.8200596399461        154.223190180496                       1
        205.037491994644        37.9100108226156        72.0976162427092                       1
        89.3515237469772        89.2478420692979        114.251684543488                       1
        47.6984216652389        90.4158013013651        138.690438895746                       1
        137.968440609071        47.4509735086694        157.249964369767                       1
        366.604192784956        20.4975630786785         182.25760215722                       1
        238.855916927011        33.7467948652597        33.0932300980566                       1
        279.961501970739         24.014071019758        136.834435245541                       1
         300.05008287667        64.0975703761538        137.001170444338                       1
        245.341331296291        97.3009627191198        56.1549177874258                       1
        19.2866902974252        66.1535190717173        47.6589003597531                       1
        43.4013085953919        69.1196871760032        44.0393860600199                       1
        283.907578277971        29.1830232613959        161.686192893351                       1
        216.981884207677        105.751353033499        124.149188221534                       1
        291.611020873645        69.0109053297903         23.824987985133                       1
        318.698893057007        78.1328650290881        103.197619455045                       1
        348.042543276599         30.770327756761        171.441339767659                       1
        111.631976795045        58.0000230733144        179.532027680312                       1
        347.177131506814        71.7468623813203        86.6342149653876                       1
        269.123174933658        44.9101717167581        65.5268024175517                       1
        187.345526106532        65.2505719471202        64.8467382833585                       1
           317.436122223          68.70119298459        150.866842750393                       1
        169.252408313167        68.8099593989565        26.0084880864816                       1
        47.0419296240364        54.3385787254634        104.865791747549                       1
        318.316829480984        75.2101280290938        172.489487523384                       1
        149.821488448703        36.5346844882493      -0.134589279705276                       1
        65.9517056385804        59.5968127038502        23.6288830399959                       1
        225.383217218163        63.7431710064932        154.517988555572                       1
        34.6983721002039        109.402339280401        87.2992708562659                       1
       0.233861713631284        52.9581772801274       -1.44821425639306                       1
         138.56894248874        22.9170549654838          88.65485762419                       1
        173.870429958842        50.7045487720564        123.566555251376                       1
        317.782078203803        55.9081921914849        158.059655700433                       1
       -3.19196279242004        56.8325100137565        103.160806092369                       1
        298.062705349407        70.3476862382193        64.0922755722645                       1
        211.799198763193        80.9783236829115        107.065341913162                       1
        317.458031598077        93.2204748950893        82.2603867805759                       1
        243.149501106126        68.9842088025216         67.965537989999                       1
        28.4512232850268        112.073738430174        104.880535930824                       1
        92.0461537139643         47.743083398462        15.0501139816395                       1
        41.4041967880635        93.6259445030809        23.3357232619303                       1
         285.11946478021        13.2910054083754        30.4475364265052                       1
        282.961242910359        17.7563077754079        173.061633338228                       1
        176.964492312318        49.2343114991901        118.070080563258                       1
         318.25715929975        76.5579391463975        127.987090344966                       1
        61.0660288760405        48.5124930018472        51.5115020856869                       1
        128.917344173369        49.7034903546388        112.203178024983                       1
        49.9732608547023        56.2790763484423         56.474016931875                       1
        286.309147868786         59.106110095374         151.36927396703                       1
        215.671545391429        50.8415597403448        105.040702074024                       1
        256.311587682953       -14.3684674965108         23.471427005295                       1
        247.759559030314        80.4911249184511        28.7738958290694                       1
         128.66101000559         72.907189844866        -5.3878746572973                       1
        183.671955851515        49.0597559209031        136.562064737082                       1
        176.456779359651        70.0110321948515        -1.3217645067813                       1
          342.2773331852        95.0945286323678        35.5751735169753                       1
        45.7314022134049        52.1169115539091        128.324804872997                       1
        158.698145992416        97.2188011436401        33.9652241006394                       1
        212.178384245312        48.7552109877424        169.283595418475                       1
        305.929979922722        80.6880001376906        3.89137456353367                       1
        167.986720776032        88.0037691162412        68.4728921561355                       1
        305.166225974571        26.5987243306648        124.573248639715                       1
        42.3785682143319        64.1043230600885        32.4357503031791                       1
        93.8575156139438        47.3614216522631        36.2670417281697                       1
        204.682068517295        59.1229317069937        163.526775295614                       1
        174.224599567582        60.1698492504932         94.249893768952                       1
        104.583299705882        34.5123172465863        64.8208519199418                       1
        95.8118477939485         67.908987828952        93.3871280460371                       1
        121.277444833218        68.7694140029887        108.981047594637                       1
        269.559017217307        71.0153413552444        65.6245235851749                       1
        226.764695907416        40.6675534577067        37.6800811465392                       1
        221.027119702613        3.80855523760712        80.0971408490014                       1
        144.154042329256        57.1750177065464        172.692995924436                       1
        162.530153874212        56.2368665231482        24.9900031401876                       1
       -12.9919968253722       -49.3775976022302        89.6204268643573                       1
        199.327894011263        77.9433185460395        136.754525575514                       1
        230.408962320436        52.1240497312259       -34.3600720001784                       1
        30.0826629083602        85.7522225459727        49.8224274085466                       1
        351.163416409413        79.9541349446838        97.5380857719893                       1
        333.856886623977        70.8993417370462          106.7262230344                       1
        314.365345354023        34.9846788425883        112.284971196703                       1
        315.265037131538        67.9807724969101        5.59197515138788                       1
        229.904337535796        26.6229830840803        174.387878080602                       1
        356.727027631445        11.1942517525495        69.9241446843205                       1
         226.16932378247        71.0435292029561        41.9023004370552                       1
        217.580715550308       -35.2046362775139        126.308469466838                       1
        284.400641394404       -17.4581557895013       -38.4404293781625                       1
        255.465443276721        53.8446250777354        129.094572239277                       1
        324.584639503251        24.5987333136697        43.0990810162173                       1
        127.142946084281        54.0727587005189        138.933777676331                       1
        86.5764407833384        42.4235273499382       -4.75535086920835                       1
       -10.2931127346004        13.8120186113544        -7.7429622928577                       1
        123.577115869732        100.156603903004        95.4659524921189                       1
         37.493828123571        61.8380261419998        64.8881256662582                       1
        115.345221979816        84.9987091621155        120.687732255372                       1
        218.865960843461        36.0699922271689        28.0228566799715                       1
        202.564019900419        2.43691411432067        117.312823403851                       1
        314.214090503814        88.4815371773057        170.642939399857                       1
        212.864855677435        79.2857581836008           126.819335706                       1
        125.122978260892        90.5757961340876        77.3145159474944                       1
         70.891304602496        51.6201466936406         30.162681979117                       1
        106.475223380897         95.325107606532        78.9972913730626                       1
        227.766423266467         55.396612266174        112.187166795339                       1
         103.63906656752        59.0325197842078        51.1470408476877                       1
        162.663188697726        69.1851204702504         132.02956216973                       1
        133.990238804739       -8.77022196554039        41.3093665989899                       1
        333.213544854858        26.1607292851742        126.829279599667                       1
        73.6296789562561        63.8754115887947        51.4461854291969                       1
        261.583117125059        74.8336452802831        134.355257210133                       1
        106.279289890214        58.7651267786698        130.866305677816                       1
        50.4083590859639        105.537667927395        73.9947272407929                       1
        298.590537871185        46.2388536533413        36.9332701955868                       1
        331.852713876738        62.0164674409918        7.43847762566204                       1
        240.824010596343        40.4095872533196        69.8849730819382                       1
        58.7747464004911        71.1570974080961        36.6709628426074                       1
        85.7887009080013        64.3119941691317         24.011476576163                       1
        16.8384015161256        16.6382000082845        83.4040840942055                       1
        300.327956013025        41.8169545412358        117.005537379065                       1
        146.159238936074        95.2151377595406        19.3748068850015                       1
        188.885620300793         49.561969506881        80.9384639473741                       1
        272.677186312873        72.2777092661464        42.3633793734758                       1
        73.7919008918575        35.6796645498523        -5.0402751551466                       1
        206.053414117868        18.8021794600918        53.8716563970324                       1
        117.347207271729        42.1894089103836        18.4282376586878                       1
        52.0827425764942        46.3881074109493        46.1496517064866                       1
        173.311350285584        26.9505032825352        224.447172248962                       1
        296.071772348538        71.4403867524146        185.479953171244                       1
        286.706672578428        51.2060360778203        64.5444646650079                       1
         165.69189837791        27.5611474132197        35.6296415262012                       1
        102.132800926594        69.9261525115666        107.861550642155                       1
        218.041691878022        17.7717972276793        59.1696549166249                       1
        265.539162528109        39.2354268785711        85.9074816556306                       1
        337.141012630566         56.167896723125        127.722670965069                       1
        321.210518986766        53.7245504472566        118.523541597406                       1
        312.423024494877        52.7339500153428        145.655788550093                       1
        40.5938169463094       -10.3658440464346         19.998896994239                       1
        269.540251676906        15.4734221084448        3.54225199404792                       1
        57.7980532764378        79.2901710722802        167.297825597319                       1
        44.1286206098417        62.5611709471536        119.988484498267                       1
        305.527227013998        50.9766658857369        168.664455243572                       1
        335.377284428416        67.2215557842202        153.424915557809                       1
          70.78035040471        15.3059512986948         80.564970150465                       1
        278.868933080111        62.0613589781604        120.814551085995                       1
        307.120557020114        57.7348479476131        180.717166012292                       1
        40.0647136198751        105.609888423553        86.8034702369875                       1
        173.584838466979        49.5222769964954        34.3697340530604                       1
         15.023469643208        68.3781739921762        80.8797646664819                       1
        83.3956729282854        73.8462414659404        69.0150579516576                       1
        109.937494408698        47.1938745324876        167.480606971544                       1
        38.3222285659531        78.2886846223921        72.2450616674744                       1
        256.041453051185        35.4025818830629        159.014351398768                       1
        152.783949368211        6.41387723896589        128.899969464231                       1
        72.1979888502011        55.9606346899187        91.4397675922771                       1
        216.631407356358        69.7628688928306        147.402117621148                       1
        96.9662934002038        52.5556153963937        73.6712763205857                       1
        168.190138360432        24.0851794076872        149.866003331334                       1
         121.45956731353        72.7309557878777        158.115840307098                       1
        245.583355204628        21.1571469477592        18.7155493919827                       1
        275.108358882606        31.0695807189539        53.0099519408197                       1
        155.707127541767        80.6045883738469         91.432706642625                       1
        80.0112971452098        38.5572666569168        77.9668479110674                       1
        147.517470426699        42.6617110029747       -18.4089314331005                       1
        311.176578339859       -49.9339656261062        39.4265974101914                       1
        188.699992587506        40.0533126398159        8.04060367208845                       1
        268.667052248496        110.717293175634        130.312265265738                       1
       -27.8425079025645        109.689702961608        158.040736896418                       1
        71.9823426788033        70.4200772400968        14.1120575921294                       1
        355.532044456736        60.6787650285747        131.848683594366                       1
        231.588926936695        90.1527858958005         140.87173912429                       1
        21.4172375353052        58.7262815778196        166.566324024494                       1
        15.2907863363381      -0.836852423881187        63.7202677124368                       1
        151.660811125183        72.8473662247853        158.071878568467                       1
        85.3972572074371        56.5129704146329        133.572735897793                       1
        286.983461542433        70.1739186129169         59.538344793258                       1
        240.680415443655        47.4051023590073        16.2019879786079                       1
         149.13695171396        77.7917273353277        80.6321628400062                       1
        305.714387474338        38.8171301568485        56.6460343691971                       1
        86.9272322682989         55.304717329169        36.4484685772796                       1
        282.270859509472         50.887386872066        135.659246222959                       1
        72.7460843662391        13.4040220565465        23.8064545675462                       1
        338.576152741982        96.4293926766571         140.36153247912                       1
        48.8509869298534        44.2171698089846        42.6528102875695                       1
        104.658953545116        34.0919746073302        127.002707358607                       1
        354.499351085604        32.7999905343838        24.0609385747976                       1
        90.6573662126829        37.3514622090566        90.9160633284234                       1
        311.998913453243        19.5989794857544        134.570661327108                       1
        238.215000432321        19.3339935626777        81.8074615603664                       1
        108.443264093673        69.0091388152461        15.9965564715387                       1
        77.8657447159887        14.5497493395511          49.68155834433                       1
        334.702915629113        43.6563797238531        23.3016789155401                       1
        146.591578291695        38.6053063850162        117.659097692782                       1
        61.9808276993326        83.8352391505443        136.138742266088                       1
        119.346670583327        22.1590670682335        213.617962293113                       1
        171.043700202353        33.8449629468417        159.971607302024                       1
        119.711885744694        53.8898413911218        9.56166610341467                       1
