TEXTURE AT STRAIN


B  100
        170.722778926873        43.9492998258138        9.58513540817777                       1
        297.530048630696        20.9067315094977        42.8289058470329                       1
        160.662677552486        56.1111338156876        183.602336180793                       1
        207.823726755693        45.2547337610211       -13.8027617829617                       1
        293.591004558286        151.106675496806        133.765686591989                       1
        243.811153645969        197.083056800728        86.1533621467398                       1
        278.758159416221        38.7957241922745        50.6406564586318                       1
        249.455928275935         45.818976905615        79.6686093598392                       1
        68.6525069810408        22.3296816783134        92.5251489747355                       1
        257.710832434098        53.7216974895208        131.647139659865                       1
        69.8230626713255       -19.5144571842662        56.9293510585664                       1
        9.87008927834157        131.853413347839        112.394841399609                       1
        219.493517682033       -12.1394479498786        134.352139292064                       1
        175.237014398676          5.935255894646        186.655882768374                       1
       -15.7498101227327         27.596940717239        8.49724875166452                       1
        233.169851165444        29.4377292887904        89.7091000859598                       1
        219.608069674857        15.0389727508515       -61.6402464759357                       1
        123.673529397202       -12.1683737503826        52.7185327226994                       1
        29.3625365087102       -10.7547140254865        130.854397679906                       1
        291.605289996402         14.938617521178        216.268750701148                       1
        82.7389201324152        19.8118471087971         146.47320242819                       1
        10.4488739653782        32.2961743579681        85.4232303393248                       1
         375.00637836976        112.883039864609        126.898348516431                       1
        30.0330535205427        112.642353883602        193.419724923972                       1
        8.88901168625211        127.968445851322        190.274429432376                       1
        212.478902786883        59.9015256667924        86.7748932369922                       1
        4.28372514725188         153.81253766816        216.377761594647                       1
        207.433118224142        55.3053442202814       -29.5298258289092                       1
        270.593229865803        76.2376310788876       -37.6010812112859                       1
        334.102955594514         29.540055943839       0.475632315061032                       1
        64.7900554394471        7.64003511035831        92.2221904079406                       1
        88.3443738222914       -36.4650910522014        63.4643889084758                       1
        133.597898952651        3.62048704258798        24.8177224931972                       1
        188.327616838601       -4.21423516966821        43.4520194818158                       1
        147.439594423239        15.3627010196438        196.552543241306                       1
        124.356583596533       -22.0116742575099         19.565159564034                       1
        248.397580251553        69.5664001145555        79.8439131853452                       1
        204.036883782017        8.93291858548933        116.338756007506                       1
        149.318291408648        18.0301723441145        183.140806937674                       1
        16.4393936487682        14.6309086599473        137.051016839919                       1
        266.969601297179        20.9566267408063        57.2683797493886                       1
        153.112736829252        32.6622118833483        7.19565413935421                       1
        159.941149948887       -8.96610086369496        184.900154028713                       1
        219.828033886642        40.2297791977076        86.2566566902076                       1
        12.2224937735697        171.573035758726        200.050645855959                       1
        58.3106151924973        70.6390527686804        109.609184100267                       1
        26.8504817855284        10.2108578063632        109.754141832842                       1
        76.7110854526083       -11.2659291114309        268.697707622828                       1
        173.408159042474       -17.6366253290023        226.929987308615                       1
       -13.8335193686767        24.9693751397206        158.577747706492                       1
        306.708050754286        70.9710596616795       -35.2000339049459                       1
        192.812689001499      -0.877964073452756        135.591099127476                       1
        176.180818280539       -15.2669628177115        87.6492101149696                       1
         274.83455938046        41.8418077047132        75.9315354662037                       1
       0.299403937874504        116.826379150044        18.7539244853813                       1
        234.230672119322        12.8124315059604       -82.8999048572009                       1
        307.667618964401        16.7296914761161        204.482220096433                       1
        56.9322422459763        147.029767594771        86.5164864071867                       1
         96.140155693797        13.7633866404056        48.1702608307577                       1
         345.83508676104        20.8096835350549        74.0672669976256                       1
         179.23345556376        24.5223460229128        175.723941571171                       1
        10.8694192755032        115.271522452564        177.317198747381                       1
         239.98993942465        158.025502941359         26.686691646872                       1
        90.9329089632765        119.687724925501        117.224328511692                       1
        291.392478652047        77.3343692629297        130.565826697545                       1
        157.655627038696       -13.5487421118339        9.52582644403285                       1
        91.8965157637563        154.881467383221        109.290644349035                       1
        284.239332882179        60.2241889223072        78.6007976001846                       1
        316.749351468787        83.4175346687761        157.645179105492                       1
        229.745379553499        55.5697355347006       -31.3290175867069                       1
        236.948169008771        34.9986773624109       -74.8516650210915                       1
        213.552608392217        26.2304687823998        129.553017062596                       1
        213.027840480679        33.1549671149272        116.764201056971                       1
        70.9814005564966       -23.2825528508465        67.4429353042635                       1
       -37.2515958064385       -12.0184198732146       -14.1939266447442                       1
        227.739786718741        51.7476577466501       -81.2460633226402                       1
        228.653818180353         72.936113278022        93.3315064628748                       1
       -160.593842507594       -3.35525726814064        195.789063603707                       1
        301.226438841451        27.6842501188726        52.5263881680989                       1
        138.349419689142        20.1124532183819         3.8420156714369                       1
         313.38279163395         17.568444224719       -4.45232615331936                       1
        182.003106492122        41.0063732525931        159.339922071354                       1
        138.596903123739       -7.26169093270068        1.34932649606743                       1
         95.107904294246        12.1366411943831        73.2440122381002                       1
         307.61711279522        35.1294616555225        26.6665225439442                       1
        191.626468087553        22.3663156142009        144.936342537612                       1
        264.273175915269        26.7035715296987        71.5662896682141                       1
        103.577407562278         169.12199415767        216.374250764513                       1
        241.516903536947        20.2017148637453       -62.4572493315969                       1
        29.3625745948534        24.8759354005842        136.950453704539                       1
        250.774519038434        37.3192008631198        60.4987204944868                       1
        259.885635022337        28.7036500735757        91.3761948641673                       1
        171.735528445044        62.0173004576253        19.9313767216468                       1
         297.08848016128        19.7069993009018       -71.0216367817674                       1
        22.7216622004627        132.320425346967        102.112270249628                       1
       -71.9762910401337        29.0514469178956        28.5466010791468                       1
        25.5385455268476        21.9421221182141        120.093836203126                       1
        224.508542143733         12.323281203645        97.1486214343776                       1
        201.334741339596        23.2370576990727        110.986649297292                       1
        208.490406842878        32.7374787719031        149.841837054699                       1
