TEXTURE AT STRAIN


B  800
        49.0858001690586         15.289070571159        23.4840260932679                       1
        63.5564798108566        36.7713422324738        96.2801575299472                       1
        296.767768062087        52.7926036409494        72.2425566906348                       1
        273.590155914706        55.9818456330849        68.6620089418334                       1
        194.345327057484        59.9412021020413        7.60544145135675                       1
        161.082141217933        46.4372518915799        122.216930046182                       1
         295.60175917295         85.764582584784        179.481779861112                       1
        264.030736673732        52.8791670914366        84.8232393105456                       1
        280.993235327016        84.7167907401288        19.3782545705362                       1
         312.03110940491        82.2633280042995        112.187295870345                       1
        262.752791993458        82.7306101713436        127.602581310798                       1
        317.432208757538         66.772614030017        112.358740097038                       1
        298.203154004519        37.9050375182083        52.3000064837377                       1
        221.708738848642        70.7824531602404         64.671155780415                       1
        190.616176531988        57.2485505632235        199.169716382564                       1
          342.9886119871        19.1813349580982        121.570928878029                       1
        206.072748701996        105.526375638348        15.3579644058292                       1
        200.532382867657        43.3783947128455        83.8873572225369                       1
         303.39538056643        100.396391697908        65.5472304804626                       1
        86.1761890362869        59.2124645962497        44.0522626685875                       1
        229.197064422282        50.2942463273074         78.124375784507                       1
        128.708792260252         67.485772822011        26.5897991715475                       1
        132.985901082721        27.8028420759249        91.5540484414087                       1
        196.337714705117        56.2665846591346        114.763423152047                       1
        180.650208338462         83.190323681797        107.123413591955                       1
         304.29789335603        60.3897875052789        114.691237527611                       1
        95.1768773053105         16.278599316194        17.1532621318826                       1
        82.5036906160287        68.2216957087693        20.1114662205163                       1
        54.4541215025982        102.389774179551        28.6715197987031                       1
        146.669780255003        41.9724343633337         90.753525913971                       1
        90.4430485062432        34.4662809235215        187.507568931374                       1
        15.9653369319014        65.3957812935177        44.8104639649316                       1
        336.980838886137        103.794669892198        168.647649551638                       1
        82.2355030050034        13.2650948698184        119.361954339131                       1
        246.033472098319        69.9514309241018        32.2203481559097                       1
        36.3979720692758        13.9492439235573        28.4190174241776                       1
        108.482678619545        62.7380270863611        145.475081674256                       1
        79.8899056551951        80.8103260264562        102.783018332285                       1
        8.41706838360832        66.8643748240523        122.130791908526                       1
        142.478330588354        57.6603811940827        12.2654933812375                       1
        332.480950464169        110.138173497976        103.922898300624                       1
        299.781126371725        19.8741255003625        172.050129998891                       1
        157.981165998332        71.3964066058618        90.5919937985723                       1
        242.372855635345        14.4325683171613        125.312777819391                       1
        251.870894732622        62.9611233660925         54.445629800299                       1
        223.157409226646        56.2431691405061        99.0784199560933                       1
        212.318066633069        29.2634239519034        76.2706446108136                       1
        133.737718005904        76.2951570318888        106.988377041069                       1
        279.312527608156        67.7863285415039        114.129450287674                       1
        32.2096151607331        38.7687256029614        155.713221023055                       1
       -6.76903370137919        84.4984625887015        70.3586972941869                       1
        271.922667942388         82.091856168614        16.2841918636463                       1
        170.938870684038        51.8134277123741        157.841715515569                       1
        116.097916703159        30.0439884553508        108.801675207704                       1
        342.184884620077        40.9176915193483        118.882835423315                       1
        342.000472888589        92.8650522140465        135.051825215061                       1
        262.513206444776        57.9340984836075         157.97326489476                       1
        172.940588112019        107.361485522529        186.481634372645                       1
        45.7671559060204         74.282582723961           112.897301079                       1
        315.265464000519        24.5871434457769        118.917652976001                       1
        86.4587476054966        71.1771385440853         139.25267890552                       1
        343.056886269667        48.0608051120173        97.0144635024544                       1
        46.2099580185451        50.6321664306267        136.646796304408                       1
        132.385556755106        46.2868330188044        85.5628528850913                       1
        274.665662466429        70.3886434835696        16.1865011283885                       1
        286.416443757795        44.2863331370466        62.1270787453487                       1
         224.48518065207        51.8577120705136        137.134164569143                       1
        250.299164024356        55.5936326133884        175.820918266801                       1
        308.453968963631        3.49101399490377        1.86541204522171                       1
        130.136507724202         60.033447972833        83.3536497041271                       1
        211.389170762372        26.2260259296702        108.617855487668                       1
        144.386119470228        46.7356168166849          50.86859820499                       1
        57.1725375599056        70.4433508705275        45.3869207944426                       1
        338.365104446956        68.3251210434636        90.4223580110479                       1
        116.419285598873        53.6304823954736        122.948159171158                       1
        260.407200063788        28.1657431827519        130.122997698757                       1
        123.241016585241        70.4268162362125        25.7174940072841                       1
        333.118255838643        16.0825604148143         4.5777442365965                       1
        172.806387778317        55.1577037659428        69.9790657299475                       1
        273.155902702041        88.6604546657272        36.6265953381966                       1
        237.912683905665        55.7077085124474         28.625790641575                       1
        310.513676400878        12.6552854318882         118.91984061565                       1
        345.832913947176         114.50519780249        42.4991936361554                       1
        290.140993012105        95.8745791969077        135.570382810483                       1
        180.440380306974        64.0746709427063        12.0217192223379                       1
        128.324924716834        60.8620900954454        166.968894995244                       1
         224.71187732625        36.4953566332152        116.130866149441                       1
        289.702823422969        69.3074672617472        21.8589635788735                       1
        359.798508226681        59.0544404774833        51.2092365569206                       1
        151.734901505647        59.9244495422556        32.2748269730273                       1
        7.44068280973569        34.8832504216523        106.428584547475                       1
        297.751830911341        97.6400959330845        150.035768442103                       1
        198.375430259214        74.0302586792272        155.511890427812                       1
        160.558982885924        64.5237214600221        86.0492009646638                       1
        66.8855765443652        84.0720724031652        146.598623456283                       1
         87.990831450594        49.0308039154984        172.144937846178                       1
        48.2928253877047        18.8739579109162        33.8477961930422                       1
         118.70816411523        99.9356178071217        34.6748107389139                       1
        45.2268574169362        61.3944874677914        108.868195723739                       1
        13.5194863116323        60.3134727521239        107.646525532815                       1
        218.280753623232        90.9580564748242        84.7518429701891                       1
        356.492070564709        50.2687799437611        173.411233352149                       1
        245.340438114022        84.7144165524506        53.5264584622189                       1
        306.249775022376        20.9164009369416        132.661428991118                       1
        342.464412511102        65.8001757959638         61.770375090611                       1
        179.775234623977        51.7285390182923        133.960964670267                       1
        332.485398758149        33.3819989721061        28.4936829030688                       1
        183.198053056848        66.9111656654694        61.1575757789347                       1
        184.703735129354        79.5744519617442        23.8272618010184                       1
        205.010247685026        46.1307082594844        118.197219990597                       1
         274.42870725284        63.0305949139332        141.414492314502                       1
        23.8766568341472        60.7625761037312        173.819857314227                       1
        48.0927690948712        56.6933397829345        57.2869478122744                       1
        275.849950631701        80.3802051589876        2.21841614087881                       1
        117.807042445292        70.0800204687474        123.389355582543                       1
        78.0663270093235        58.4113405821371        63.3952776192772                       1
        334.658004798836        75.7469669856861        25.9757423610093                       1
        146.160498168265        62.4027980376057        71.7397132152805                       1
        49.0443809175159        38.1858163361107        69.1338945057696                       1
        132.763599743218        76.6753439234937        77.2897118861787                       1
        150.501438029914        85.4495775467736        118.217561743327                       1
         52.358041653443        93.6281122298103         13.443307541207                       1
        167.781591107036        70.4943471400416        24.6078254782005                       1
        187.990880434727         100.16638469013        39.6876848633455                       1
        216.671541659994         35.707038053884         176.46932542085                       1
        106.324312299268         15.310114854412        135.426129475228                       1
        47.3304882042649        105.504466440191        64.4236154724439                       1
        88.8185417501971        86.3483517841141        44.8384136895059                       1
        168.777269570398        53.7267061582539       -2.62759254001956                       1
       -25.6463659033381        92.5507040590882         28.319342888934                       1
        58.4359397992273        75.4427074494184        93.6492442227025                       1
       -9.82079194676238        76.4515039390282        92.2001091897776                       1
        252.926079024136        60.3349931205333        10.3574074191257                       1
       -10.9606281925839        67.4684475191931        42.7738777803824                       1
        281.036877149315        62.3535176201974        125.848486784754                       1
        189.383605157715        52.7568987382875        39.4580966207081                       1
         121.62843981454        48.6748828488509        63.5436847976209                       1
        296.528129594086        85.4880819894886        140.507304771388                       1
        13.7069386852051        29.5588333950988        13.6922805134951                       1
        307.613247496162        79.6832831599211        139.857093154366                       1
        268.349093394346        83.8012898210962        8.99915338813163                       1
        198.353710918123        50.6989162657766        138.790641494635                       1
         279.77235464485        92.0248793598927        139.368605082712                       1
        287.175792313269        47.0491646821515        102.388931531397                       1
        323.103839587469        76.4658777607376        76.5432459587283                       1
        67.6265670553486        69.4497726015812        78.8273553774588                       1
        99.6805794648211        38.6696259976358        169.242445891688                       1
        34.7391948924767        58.5456837444445        89.3612487815891                       1
        25.7574404487116        58.1091174675847        147.438615865052                       1
        276.861847799332        76.4275006340379        71.7012675107413                       1
        169.275804127917        67.0347196040541        149.661036669635                       1
        93.5207250687155        62.6578091933019        57.4812437060049                       1
        303.834358570142        98.8689314525264        118.868104170833                       1
        177.791616305604        51.5353845349023        41.9642415898787                       1
          259.5199425878         71.947316989224       -2.69450853843082                       1
         131.85816311458        29.6260177141188        39.2762032555619                       1
        136.470429933926        70.4787223785569        62.1549848238661                       1
        145.778084631604        92.3285408525936        176.126730298669                       1
        219.922653150832        66.4766897509981        163.672713362056                       1
        90.7441420971868        97.0586306992067        188.655337222673                       1
        50.3153312601624        75.1747549538837        70.0711548388679                       1
        114.819057265812        60.1356771495276        71.8176653801577                       1
        271.747491444241         72.096122815365        33.5727224698848                       1
        221.587782677437        13.0915283787453         51.563618619348                       1
        372.148570681195        86.3843873993458        195.960371191512                       1
        131.975532826976        88.3011541997584          161.3035391854                       1
        279.978760826644        99.7428502105483        108.273211807758                       1
         286.81169022479        81.1418931088433        164.529314632794                       1
         118.37420829812        51.6609000694365        89.8139611373227                       1
        226.871683944492        87.6271800891978        132.408759008458                       1
        300.588782751448        95.5574513257809        148.095016928381                       1
        77.1870447062665        79.4319017759856        52.8793056545583                       1
        120.179271128122        65.6518707679595         153.57532294615                       1
        286.084543725569        78.3452788502795        179.362190377764                       1
        184.501882423467        11.6412820980171        45.2683979853532                       1
        205.262746985883        50.2889211833685        9.98350871848707                       1
        258.652305706097        60.2178541087804        65.2536709281323                       1
        269.528766961766        72.8529655796442        165.248347290978                       1
        150.262622251231        43.2293218140195         63.078946335296                       1
        241.032026766532         60.973631750557        54.5496278008362                       1
        265.469675065168        73.3434206273308        9.13462464396679                       1
        286.316013066272        60.3460682930268        97.4551332778679                       1
        318.903666375232        104.839464397954        88.9196696261824                       1
        291.412949393974        66.0119429299538        152.685122358817                       1
        165.797725240793        40.3184711740889        7.71796956388781                       1
         19.743284120801        24.5595438077986        88.7568107806174                       1
        119.291963570502        53.5210838645311        86.1815335165326                       1
        26.6753653212905         70.708250400901        127.839331952988                       1
         56.591029592011        28.7078518033342       -6.55574116697709                       1
        281.528637376244        83.9341887691592        8.67358261125167                       1
        37.4856152058183        33.0468468472455        12.7288626711211                       1
        286.422173593059        66.2262678611158        110.965390426412                       1
        355.873918623396        13.4806434120992        35.7791532075987                       1
        334.025792752148        93.6659021332548        77.2562571900782                       1
        78.9149993806241         44.731206009076        20.8571799365294                       1
          307.6765922644        87.1286629092577        104.379072578972                       1
       -2.29620932854293        85.7545864947149        152.510976290727                       1
        338.082593185487        83.8040506592073        42.8946482002577                       1
        186.420853629303         82.636259480034        189.217085357652                       1
        192.336231293015        37.8176685297371        149.547311599621                       1
        163.823926676682        78.5145903266812        128.838647000711                       1
        163.715768210596        73.0052127883561        157.970805344961                       1
        68.1305439949976        59.0652435170293        39.2207166390752                       1
        295.496465754964        98.1814929245474        78.8263507612983                       1
        144.935641090732       -8.23359021276342        131.298215539844                       1
        15.0243926957254        46.3139734934494        84.4576774034488                       1
        98.9781297043862        31.5935132681572        108.229201309879                       1
        143.937485790102        76.1893313204473        43.7313734912656                       1
        101.557887562721        62.9414892763123        48.2549700697365                       1
        73.4845407403251        52.5855032609788        138.988263145343                       1
        286.590610884642        94.5284952080986        60.1165038652364                       1
        147.255383348914        36.8769723568469        45.8995137897659                       1
        347.080103216219        99.4676271928935        12.6698642048423                       1
          7.511916009142        78.2105941958261        83.8459281280068                       1
        52.2966363155598        80.3409288803319        77.5089143652604                       1
        141.615668690224         91.021788150317        111.225375184673                       1
        331.115026038711        79.7408188716289        145.483154998852                       1
        259.014974794488        19.0486039511751        178.647999993758                       1
        84.0127595511005        75.2440278181652        26.0433140610926                       1
        7.19393844296408         43.635164327916        40.1414080436223                       1
        62.9975159792777        25.8867927930471        163.122137944399                       1
         164.45098568499        46.2148046654978       -6.54603495959154                       1
        128.659560544133        44.1129198814828        129.724157117893                       1
          14.54851258905        17.9336049189303        109.591119799156                       1
        58.0811843130972         90.808510862843        152.906530757401                       1
        143.901273351927        48.1368306914735        68.8659169958284                       1
        289.668633988248        82.8823135264314        125.463846386755                       1
        301.164914906179          6.887795321816         94.479888095129                       1
        287.432241750159        53.1999483678392        137.521464849293                       1
        353.771837298116        32.4143285647318        91.0471678454672                       1
        109.332965152616        50.3384261638794        176.442794013529                       1
        72.2281885315624         24.660463339165        76.2757365030093                       1
        304.256883510084        56.2235877771555        149.653152469342                       1
        132.452519266645        48.3016351905339        69.7605090582406                       1
        171.183491558467        76.1645937391617        55.5711770118481                       1
        177.534114616274        39.1130127321789        49.7223906336968                       1
         246.63827710717        48.0431270589582         11.359374060433                       1
        153.848221615502        52.7975727022364        40.6858945567953                       1
        106.042652271952        39.7041150879847        128.706536854537                       1
        18.5621435866452        48.5908870808743        94.9637691172788                       1
         323.44949324235        69.7063417266145         84.320646473738                       1
        246.984548086513        80.7765386445847         59.246005869908                       1
        181.222571510876        69.2474549815742         88.441067859382                       1
        58.8022342535243        73.6754310001834        127.720362775342                       1
        184.259178854249        55.9108582915012        151.435167097042                       1
        286.166729998004         64.545992228309        179.213320144839                       1
         190.25027275579        63.4447570249949        133.611732067787                       1
        311.346262680857        25.2617041219888        52.0609852320538                       1
        8.94351700451536        74.7859453977722        97.3053227845335                       1
        210.131730261559          102.1092774571        27.5534801702022                       1
         58.390663779679        46.4361749246168        90.9331412639957                       1
        288.290245323779         87.500538989052        75.9952386861061                       1
        192.259908524409        42.2124093313579        104.717210331988                       1
        107.067865770143        83.0658898839804        74.2313935085611                       1
        194.427781868961        38.6512388794233        24.9270603164737                       1
        176.875575117054        67.1478783859912        173.185879181039                       1
        233.096977384244        64.8674884237937       -8.87528590259427                       1
        296.161270168152        71.6516853535017        91.5014548302517                       1
        284.446871981797        29.8245356730644        55.1305146696435                       1
        315.522569730476        34.9816204443757        73.4819174512968                       1
        123.568410051583        43.3830965075487        109.534698867487                       1
        159.726385251487        67.3335213429082        53.4293690818764                       1
        289.937840311389        91.9308495946779        167.911235012161                       1
        114.473528181866        81.5846078487069          43.18063119765                       1
        259.450589055943         94.216950600898        35.6902637733999                       1
        203.765190465886            79.846291361         41.809298207447                       1
        74.5644723270057        47.4256746051964        14.3917543080376                       1
        294.492809217442        67.4292712247212        151.301041675109                       1
        87.4758703736305        96.4472003220764        138.699748277776                       1
       0.801975064628494        76.3457846289869        133.143284735704                       1
        273.375846982355        90.7211787352497        88.1745095448125                       1
          289.8120740571        67.0663085689321        117.211427908932                       1
        305.582597430155        78.6367959115023        125.982068718936                       1
        307.916125107726        27.7570178915165        144.484797579188                       1
        54.1011347074414        42.4998384773696        151.304338331179                       1
        220.536676566299        17.9674772554004        129.049302907131                       1
        89.1781843409322        87.3593071632893        124.684991494991                       1
        356.285614862864        48.0695464485141        68.6690193420661                       1
        166.860967780777       -1.02454237823195         119.72191279698                       1
        318.484757728985        30.0657633513517        164.781280075669                       1
        95.4822152718071        81.8176603733862        161.429722503357                       1
        274.037402257052        107.917498816112        20.6501314174975                       1
        323.338409380684         101.60642014076        15.9831922155973                       1
         253.74264589276          69.88438465844         20.250276377837                       1
         289.74925564889        26.3660828723142        39.5501373631073                       1
        36.2449122235748         14.387197243801        63.3609634298234                       1
        212.456715835347        90.9529454949773        5.35985162160684                       1
        332.949120495396        90.6212794950838         20.822073109284                       1
        302.847184635674        76.3407436993931        97.4595290307559                       1
        135.104963120854        77.6833809917114        104.991128388754                       1
        111.269165192034        71.7551191061474        95.7552986885513                       1
        180.162518750015        78.2367585689965        144.577466194251                       1
        170.955863467283        84.6776344001077        77.2200970788207                       1
        292.199738262508        89.5262677908065        125.179488784939                       1
        151.267110156597        56.1564969789388        87.5679692960257                       1
        215.891395724582          56.57888744388        24.9466981804078                       1
        286.073251840556        76.9194566171558        121.024153914598                       1
        224.643281016324        44.6578981925952        172.199096047093                       1
         137.50112111556        61.9889341039101        120.333323716801                       1
          168.0041351604        22.8699738429889        158.216175850589                       1
        42.9875730897295          76.22938223577        38.6991994111042                       1
        200.187216166271        42.4615782332372        177.819289577315                       1
        151.832688054288        105.722066944095        178.768101541406                       1
        227.209587943982        42.5959725663136        128.059831091028                       1
        262.692694026058         64.409280229463        164.038910653472                       1
        319.004354746988        71.0943405173026        53.5534261239173                       1
        248.316492825523        68.0210189124854        105.459493354079                       1
        297.325465117244        99.8825072890882        71.4886265288621                       1
        357.071870792547        83.8629259173843        10.4496262670407                       1
         211.79712629149        51.1115841958931        63.2445412443187                       1
        168.036096780681        82.3065651063907        14.5855387716446                       1
        66.9578840586744        90.7901900356137        47.8428729871212                       1
        97.9400510392971         81.945670370732        55.7577209045703                       1
        315.948911924777        69.5314229659182        142.228915774968                       1
         194.59619055619        55.1772333956054        73.3593885398856                       1
        343.633254658597        44.5781826145828        12.8948181989228                       1
        95.9023409364912        80.6350077635633        105.654372900179                       1
         273.53784256609        59.1381752382086        122.549086767533                       1
        333.749426812353         85.569030071235        30.7128372423724                       1
        164.944864856805         63.942735046478        32.0139967219163                       1
        2.42494761058857        24.8588322460328        127.984577281504                       1
        148.648685632643        57.6265452723738        77.9193829588767                       1
         7.2981162320056        67.4498054331404        135.764170471476                       1
        127.758978383108        50.5717010625288        48.5410480793062                       1
        144.259034418337         58.203279197072        135.767084096372                       1
        67.5339915171377        82.2819814446826        134.120166712766                       1
        226.084733198246        58.4733463440509        144.486091604974                       1
        96.9219807863132        15.8159141825286        111.886759204854                       1
         242.41492997141        58.0624335901088          125.1497329095                       1
        284.181870536492        89.9022558679583        8.63941851909772                       1
        126.194257480678        -1.0320264386308        67.8861012862959                       1
        284.372135608851        78.9506764562192        84.6330395126252                       1
        137.413665734732        45.1011894539729        46.5900029708424                       1
        29.2136921427333         53.810677808695        57.7104603201118                       1
        128.278922990916         67.062771977739        42.4245846200121                       1
        200.952835202933        46.5849789796184        174.629233104759                       1
        318.202979394255         104.47514103307        158.499254667268                       1
        322.400013442576         87.042346852344        74.2974315537283                       1
        310.397826002302        90.4923721156325        131.361263119396                       1
        116.906585413154        69.9157694776018        173.576186628142                       1
        81.7721728308563        80.4170610763044        146.708820096698                       1
        122.612174386611        50.1332978348916        52.2641496367616                       1
        39.3741191536452        40.1213743821144        82.3814908288433                       1
        101.531923463261        41.3695811506414        149.181254169827                       1
        183.671374374372        42.0556718984154        101.015913493293                       1
        157.393599554603        54.9628118187038        171.652818732369                       1
        178.508890318746        56.3573632914086        195.578451436974                       1
        26.0421505785903        43.7131639408037         154.24898565552                       1
        163.814781201346        94.6624308700399        185.813692973544                       1
        219.414298865758        65.8297815530636        153.623445106737                       1
        190.232207377536        86.6593424671902        35.1369781471985                       1
        352.466970520895        95.2727793248183        155.006579435134                       1
         182.90448555229         50.017189421167        63.0343986834159                       1
        101.689631303614        46.2418375555891        160.655542351125                       1
        72.7733581412458        27.9676286632896        12.9019238501944                       1
         207.32946375328        54.8420624624747        50.4038377000172                       1
        103.720408417308        32.6878899698618        19.9946574180062                       1
        164.597545337164        4.49013604012203         100.96870533009                       1
        135.946500407495        85.7346317500129        91.3487272603423                       1
        294.824327287315        91.3567098652239         97.357253212565                       1
        83.4766631563008        48.8509355897443        155.656112655754                       1
        281.422433443209        62.8054156387111        60.9430669529608                       1
        184.856962043191        76.2666547340525        159.906700855482                       1
         154.59047702654        75.0094826449206        118.526045013007                       1
        267.076923247588        86.0166174329402        127.828770633814                       1
        127.875006674637        122.861291520074        100.086260585916                       1
         338.63505546115        28.3733687198506        53.3152182774507                       1
        108.934372999664        55.4269024745753        110.065632420969                       1
        12.4934197747948        83.4604176099833        32.1770550864833                       1
        118.812311136729        59.7645157973153        147.462259102224                       1
         8.6581784176194        84.6898903647394        165.969207591936                       1
        220.084372973076        48.4169513741898        155.779877152463                       1
        52.5341366592972         68.658404614759        122.479488432049                       1
        134.463452873088        54.0780209052756        111.040566071919                       1
        80.5029868984109        27.8083766636736        36.5091566610104                       1
        203.611824999883        53.4097244182451        170.066089398763                       1
        5.50297522039181        97.7801621250262        165.850756870053                       1
        237.795205167158        48.8737095647038         147.18441686523                       1
        345.119354320824        68.8765029169573         40.297119615851                       1
        162.943732263979       -18.0583074008756        35.8116829814457                       1
        237.591682350684        69.4876103029382        63.8065659209154                       1
        252.663106330187        68.5861024682863         152.05967379688                       1
        162.712983229124        74.8261049247218        95.4556672261582                       1
        326.273723020881        70.9619507761963        60.2375664208919                       1
        1.15211115799988        73.7593925777741         155.42688194052                       1
        338.344469569257        53.4552473100345         74.681590030883                       1
        101.965422295796          60.24986014458        149.664187835085                       1
        110.338079158564        66.9638669214428        68.4644992039824                       1
        30.0616880363806        30.4780193658995        43.8583097206646                       1
        141.549291536155        59.9663391034438         48.776539482431                       1
        278.888688514422         78.568876446236       -7.16019481101753                       1
        334.140718927641        58.0067748849901        35.8520252771634                       1
         55.518546247357        54.2175899908204        37.6927171413995                       1
        139.850869685122        65.6744913783731        32.2648429699586                       1
        319.085678486911        88.2848017960747        144.231776971326                       1
        23.0917479909654        65.1007533379074        158.711829823221                       1
        123.384664692722        85.5067507593496        122.257276484039                       1
         162.16733952433        43.9705045464911        37.9350577357339                       1
        259.722705990591        88.9760108620908        183.235518438565                       1
        132.766526477217        66.7164757901601        141.185485522631                       1
        149.104537865078        48.4244126443715        24.9802298218436                       1
        83.7637789737152        19.6066196409047        136.525662779056                       1
        330.793707193097        94.3008239618037        158.288194970825                       1
        121.305733030571        69.8332356419776        158.177704638395                       1
        88.9205746082905        39.9614261108767        61.5563017275786                       1
        175.902641117854        49.2609404651912        9.85613381548499                       1
         307.15125445634        77.0446768097288        79.9109975237708                       1
        294.727971593946        73.6490837657973        77.8437196331879                       1
        35.2140802148695        19.6164175920229        162.881865730613                       1
        148.123609411333        22.7511938077193        78.4867894795166                       1
        136.321933207822        86.4219269402575        106.698591243665                       1
        258.369595096179        76.1111568459079        15.8820457006692                       1
        128.485214568075        70.0876822629042        105.663032689842                       1
       -10.7523510248794        24.8582645301226        74.7726343105896                       1
        175.197133381542        75.9467273048796        157.157121573813                       1
        316.252260427272         35.945815600855          33.82721933674                       1
        247.241519883271        79.0302040753604        136.985073510384                       1
        208.028580346606         51.058166091191        150.342574766995                       1
        125.584201134306        104.204669382263        91.1157395101147                       1
        124.072908311248        49.9674654975097        118.906387309101                       1
        145.852502717368        37.6905302797664         73.432675591037                       1
        193.707111386138        30.7964041817549        108.128041161548                       1
         345.12867128088        41.3380177681762        36.9841537315872                       1
        91.6149746160428        51.8359408641513        5.68431382949194                       1
        36.5054331823557         40.972170509046         103.42270210948                       1
        358.154436744206        67.0344329964499        75.6974448028118                       1
        261.626681497852          55.43383015456        34.2640830344136                       1
        272.969330234685        74.3980474645758         180.43571033169                       1
        33.9590948349442        17.6186059024491        77.4165108123235                       1
        245.658955546922        37.6194442945621         117.00627277905                       1
        332.885906600546        83.0542517224014        152.601927199018                       1
        123.668554205222        38.8935588801277        67.5992643533973                       1
        266.301338131379        21.1127900496925        98.3783037480173                       1
        154.957454652602        54.5908092541167        81.2669339179935                       1
         240.86036398883         48.004905476023        133.519650855637                       1
        207.826202201577        85.0687437999181         87.690543115794                       1
        4.80901652941704        95.0853196953904        1.69364033195577                       1
        313.351133094235        89.8652412152306        145.192668552883                       1
        158.100706757241        60.7958805651181        99.2318007924794                       1
        209.203548124589        36.9506962851853        155.281008174014                       1
        45.9641241866631        79.9300610969771        134.039887964213                       1
        294.209274417622        20.2291565417689        117.762214278074                       1
        34.5327862507402        60.8952438356983        157.938847703281                       1
        235.114632488057          77.11879621268        52.0677835019095                       1
        123.336850346739        52.1180188228587        155.998709411835                       1
        173.786408659885        34.0116992291172        43.2703758361937                       1
         197.79463772491        97.1893930285635        113.083599491211                       1
         193.16500445431        63.9474059004428        46.4820520694686                       1
        286.851129716231        81.0247866863683        66.5457766987242                       1
        142.820568570304        77.0330588015081        146.090236846883                       1
         318.63075798494        114.436719353301         86.419200038416                       1
        127.275265854192        58.0261661975067        69.0138173444158                       1
        167.631405029985        48.3094245598516          60.25087339628                       1
        151.076678335981        44.5894896028335        52.5744352406158                       1
        25.9793439291748        23.4997103154292        7.03251720161485                       1
        109.628491939262        58.7490926048386        163.389596458763                       1
        64.3581146620373          42.53079894727         15.152669079408                       1
        167.248626051504        87.4271995571633        175.343008459503                       1
        274.144972457869        65.7376261965023        49.9087505893926                       1
        136.637299555344        66.5968640673438        88.0820985512624                       1
        268.118045920842        74.9145208623737        109.954114403102                       1
          243.9270351583        63.6013401400433        11.8036058981895                       1
        139.420187988293        82.3176955984154        183.757719648033                       1
        1.26913370848209        79.1607436266129         4.7254868657411                       1
        44.3416721061503        71.3898350470062        139.220032124997                       1
        133.496180594188        80.8860313953851        125.545369458633                       1
        50.9142892864193        57.2646443005257        163.875504795622                       1
        40.3928253680688        22.9263435797966        165.051261150966                       1
       -7.89400664875668        12.6699929749177        94.7691015490081                       1
        225.834145495797        58.1005839829051        164.132183902579                       1
        235.963166458951        97.4547133166247        66.2481143569643                       1
        158.312747155635        88.5110648732065        96.5237101787762                       1
        316.340468722172        54.5679350685541        66.3704205067373                       1
          56.83860334442        54.9049728563913        90.3487797813543                       1
        179.678860380624        64.2473016307273         212.51097997572                       1
        250.256213328296        35.1766653348254        103.979550069746                       1
         282.55873795079        84.7975126813428        136.087472269219                       1
        122.730461691336        64.9337499157219         53.753797208849                       1
         278.26372036425        59.5240077167225        157.879519526115                       1
        217.038014774801        53.2027794400121        75.3861455849825                       1
         336.23678019198        81.8728846747359        126.306324309683                       1
        144.963213381699        36.5195793424899        37.6557060625492                       1
        258.939425482878        61.4070860201322        30.2934386708521                       1
        344.615553829326        60.6334899977269        52.5401350371975                       1
        281.042050967134        108.423132481611        73.2874581265861                       1
        144.965499802976        63.6303124531039        118.653383778944                       1
        196.233960851714        63.7131377012798        160.633723543108                       1
         128.55403860187        85.1760700992782        40.6282063090495                       1
        162.856714216019        61.9759402150033        45.9438316426301                       1
        110.984432667732        99.6820005846028        115.868952294949                       1
        155.056285301752        85.7892539360957        34.1784199261929                       1
        15.3487211120891         98.710827210759        159.248054004963                       1
        354.870129294857        81.1211549336614          85.79968413739                       1
         201.39199992063        40.3731558928239        102.868954085647                       1
         140.90472697207        56.2830673472894        93.7284768804209                       1
       -1.67860137536214        61.3477604219616        100.332001779001                       1
        198.819036322193        78.5864163180202         27.334440358667                       1
       0.563785888223302        86.3033552151463        111.378832587318                       1
        298.343959020924        87.4938226200182       -21.5927466827275                       1
        249.948397191522        87.1765874539159        93.2449709919829                       1
        150.755720875541         90.986070218908        166.348079657247                       1
        5.89951886490541        21.0356239720085        4.34116689211241                       1
        59.4956297924346        61.9710198247595          98.16076981408                       1
        249.751353874604        91.2843492973033        16.9988748558975                       1
        263.105991065698        46.7328024221358        127.890765551853                       1
        12.7358696269826        62.7382163778626        18.7275142305808                       1
        330.402279691583        81.1785525996979        94.2655552624328                       1
        60.3566516701106        75.7161307474778        63.0847401410855                       1
        24.7559817182964        45.4718256492273         3.6113799844357                       1
        98.3041812287949        55.6921734622525        168.733496292254                       1
        322.281615461474        92.1930610787937        116.932951681025                       1
        103.828011906248        59.2262091216656         136.57084861558                       1
        363.109893845148        41.3249625989931        122.356451855776                       1
         158.62668400585        63.3593988553229        10.6630986465594                       1
        145.830772328889        79.1775608665298        153.150116720638                       1
        114.212836458194        98.2239721320311        37.4135389976581                       1
         175.34895812058        49.2838567079607        15.4415236566203                       1
        235.774784541728        60.3726842443251        72.9045343365486                       1
        297.976898444487        78.8863161623948        134.634406192848                       1
        331.011294497588        26.9529126642084        143.298375012397                       1
        210.973088154074         67.336793599183         109.76534062659                       1
        350.222704574517        78.5226845649227        130.038048786278                       1
        17.4183462087667        25.2949517902615        96.0051411275155                       1
         293.89815968502        80.2918880742979        135.965185115703                       1
        63.1023539716385        49.4795869718926         132.50222127691                       1
        353.802359006109        51.8986532930346        28.5828690867235                       1
        253.208099761882        44.4421149776311        97.7879196012451                       1
        348.987743461157        80.0078757987388        151.276361523455                       1
        193.667678002363        63.6270790997136        41.2205745577446                       1
          245.6826203119        71.6960296995252        118.180374119284                       1
        124.110106043782        91.2214066309572        117.241539091436                       1
        36.3901155076329        87.4997532352051        146.137764629437                       1
        203.767791000308        33.5967802502312        57.5396323776897                       1
        126.709096278087        62.6145807872258        99.7595238173424                       1
        141.767460763351        53.6083626890468        160.549222034877                       1
        19.1467857778651        94.0026133411884        80.1596116699399                       1
       -4.10378032232166         17.875111738344        57.1494111608401                       1
        203.887907934541        65.9679016748023        56.3110089282323                       1
        257.749594711164        77.7394405560515        53.3488510452044                       1
        323.336910976843         85.429671834062        136.772794433648                       1
        90.6692235455863        80.4595118207252         187.82924869391                       1
         179.23268196758        72.0842379448614        55.0828471605514                       1
          301.5020957413        63.6540972708713        135.932606581475                       1
         167.50544103368        91.8235255248124        120.618078240158                       1
        320.327593707116        80.5291787011257        124.892985159422                       1
        340.882736573117        77.7560941249915        14.5199784048083                       1
        344.517047722835        28.4210884228573        112.429779690811                       1
        282.279123874246        63.3708086081243        57.7943346394592                       1
        132.616004454652        80.3463554655008         20.850331629736                       1
        265.098193563303        73.5920004242813        64.4545977425661                       1
        61.9715299276191        31.6974261508053        62.3499599374864                       1
        217.808431581112        36.5449564049929        65.0306092247892                       1
        54.8658776937868        39.0502383892622        84.8057983346037                       1
        181.132857051979        66.4093046497182        177.738981784951                       1
        72.8142594379441         50.155058088351        106.483935941919                       1
        335.880965128456        113.956818606043        142.558547712497                       1
        188.162277186335        74.9186504481082        144.162286297484                       1
       -13.1965021596116        33.8855290968658        24.0025947415938                       1
        112.329150501109        82.9944491388379        167.267684611286                       1
        289.364139518517        75.5666533436319        98.4734019288579                       1
         263.91193424789        80.3928639402162        57.2330312226712                       1
        45.6097113016055        58.0305693594227        121.872292310833                       1
        144.858124908108        74.4862037850432        53.4475524255723                       1
        117.209240962159         73.840196255381        44.4021622008087                       1
        95.7563300422335        80.0304801833741        102.602278795563                       1
        135.888578361626        33.6802001900238        49.7159126737807                       1
        59.0577401931321        97.1609086371943        104.517815059243                       1
        236.728282623024        88.2544265007642        86.8729143860499                       1
        112.525889091267        75.3883313205697         144.48817163349                       1
        185.306853313187        69.6662041404481        9.86579525288258                       1
         323.31964186863        101.765293658209        93.4704075854732                       1
        276.365612982647        71.0987135778073        168.816522198524                       1
        40.3377441307889        55.7812957157709         86.380685120838                       1
        162.635233256553        91.6235338051043       -10.7200088952877                       1
        331.261256243306        55.0300626770984        55.1667913875051                       1
        98.4195913620353        64.4675276659284        91.8990093126574                       1
        69.4984085288196        65.3294087301805        30.8211421640827                       1
        165.517625681347        33.7926203310753        15.1176563598671                       1
        108.501178854681        70.3755325289063        9.91568848922118                       1
        80.5569681057443        97.8322610789506        24.3912363265369                       1
         320.34670159716        43.3070379423711        151.428765587196                       1
        157.593018976157        78.2200221310747        35.4619443614845                       1
        172.191291482423        39.0161104049036        98.7629899729213                       1
        217.210721105182        83.2579288138502         95.354706544821                       1
        31.4361468778706        71.2405755885888        138.076216151021                       1
         305.79597018434        94.0043167319642         78.197642708357                       1
        34.7377064728196        58.8286999968734        177.485696422318                       1
        352.894539995033        65.3897992493174         116.94144183143                       1
        259.835673556313        71.8365481249466         1.7911546045337                       1
        283.382127355413        83.4161440790339         156.40633393402                       1
        189.039219562408        61.5768185062497        166.530860796651                       1
        362.521287547773        50.4658825005512        117.996004249349                       1
        171.220653950166        60.4496595789875        168.611661678454                       1
        17.5433152906493        103.156391336819        6.52459348199601                       1
        280.373369311462        91.7750016611799        151.333464839423                       1
        105.258615415173         80.684330726099        185.901612049395                       1
        224.528445139899        60.4917220559641        55.9199062934023                       1
        326.415505889927        57.7949414099421        16.5836679334581                       1
        132.871095603919        57.8949603410258        99.7433987610666                       1
        76.3435086092403        33.2000452812482         27.330754947292                       1
        261.723665097858        52.3900140989855         145.19847596768                       1
        102.411441147252        50.2921686542925        128.639967148288                       1
         71.787603148264        89.1366405249029        66.4796111281125                       1
        296.168719476995        8.05399708361516        130.486753164596                       1
        28.0962733239358        42.3344135271932        72.3906948247442                       1
        165.469424383352        97.5230984994794        162.575040232149                       1
        189.346680598674        54.8539916974494        71.1784342413956                       1
        120.106924132978        83.5205598775457        22.5047779391154                       1
        197.015880895212        48.8557869085169        161.853859697556                       1
        167.808301780216         63.210612442487        52.6615629982654                       1
        138.599136314674        71.9432063218307        103.790595847084                       1
        244.861709653282        68.9112518385036        74.4752927788665                       1
        161.907087886174         60.298693214524        70.2687323176552                       1
       -2.04065589594675        97.1997465958272        143.107082614214                       1
        71.1852224657636        64.8357863082745        146.839364958452                       1
         105.31402221339        28.2109364190132        76.2178754966098                       1
         300.95379991906        63.0054954964578        96.4924921886121                       1
        323.860392071922        95.3885889543133        71.1444350123256                       1
        233.236974500003        82.1525593523818        179.902957884437                       1
        273.588137617953         80.152820371683        73.3468949006713                       1
         113.51298067979        50.5426124426399        138.355760918423                       1
        148.142328209683        56.3638700747996        102.454702338713                       1
        325.724567063975        112.920004922109        74.1983315533256                       1
        100.903353073127        71.8116416634896         82.481368559982                       1
        87.5623549251055        93.0662818669887        115.321054990235                       1
        122.262831258264        45.5701969500192        99.8030316844116                       1
        322.493220739222        70.4864531453031        36.9835234335311                       1
        225.370016746024        67.1086718997612        98.0015063759399                       1
        127.694405583447        61.7915821848926        167.372262481349                       1
        262.454737389807        62.4640587698449        16.5303371838411                       1
        260.428028289518        24.9483258313058        91.5658482160789                       1
        309.387608960977        13.7653991644338        62.2105760990411                       1
        134.364767936572        93.1216004810241        91.0850091127368                       1
        52.1217755127239         55.800940225531        127.540071636022                       1
        276.959223081647        45.3198455351457         128.59434460765                       1
        324.945080361094        40.3710644413437        43.1319656588294                       1
        172.897242288046        34.6560162290172        36.6222569487568                       1
        203.319973510635        62.5664093816853        2.41782088741435                       1
        107.833183514514        75.7553595481956        62.5460082385201                       1
        123.503815326968        80.9750941439007        58.0549600873213                       1
        350.419781478268         90.901783810987         27.186824717316                       1
        17.8792289745462        86.6586008969503        98.6735478284744                       1
        311.695509436546        17.4959070452037        177.786583603937                       1
        325.260804171112        47.4146955071408        54.5443455834314                       1
        25.6278595088762        58.8944675634202         148.64703513007                       1
        137.145537019083        61.6057218932035        148.330802253127                       1
        347.562252393393        4.99866810521996        31.2648081413873                       1
        271.564698445686        77.1766206944072        135.995676327385                       1
         14.464201752405        31.3140939094349        107.595271663443                       1
        228.465317832749        73.3273849958021        129.247687865164                       1
        334.674984250978        73.4054070165457        72.8522533330552                       1
        296.707739221493        67.5321387041034        110.059873378802                       1
        258.039264917949        71.3657120951962        53.8369562986158                       1
        205.475690080207        62.0392736067209        45.6561747239409                       1
        251.718066212459        48.8680412550349        144.647038003709                       1
        155.585340560643        75.4917940352533        49.4833112791755                       1
        284.635115352641        75.1261036227715        144.007874540412                       1
        267.841177741793         63.090885679606        88.0128340905047                       1
        20.4963992645428        75.9461797268542        164.715135468898                       1
        225.050779238615        24.7394281757213        133.944525308968                       1
        336.678128113575        33.8339623571322           166.584093757                       1
        189.010591753105        69.8701062317464        72.1230604568979                       1
        140.247069796828        72.0414136948942        167.096896118546                       1
        150.345443092225         77.919410712944        28.2549592489772                       1
        86.1598951563524        15.3427177243829        183.608401025813                       1
        121.806496388909        69.1887795156833        78.4782472465384                       1
         62.133269614542        59.7751400781548        61.8637583698008                       1
        187.300771882725        24.5525813298168        163.562851613914                       1
        309.375567767457        72.8271410247911        75.9028973380807                       1
        305.120834943745        83.2535283004131        112.090140137808                       1
        64.7198101136613        59.1641850871497        138.376307283091                       1
        167.002547961108        81.2389615576345        107.900794758334                       1
        47.1547215344951        46.8009673240574        156.470964010056                       1
        156.279957801811        51.3372313075762        15.1434466592289                       1
        279.131735101265        75.6025393740666        152.548873253962                       1
         300.32867699228        101.158527405371        100.702977255638                       1
        244.901120387415        65.8498190861267        174.995597093601                       1
        203.989738258302        70.4720132072284        108.871781217345                       1
        210.811251541188        61.9543084804959        122.934639980751                       1
         168.64256638186        64.8371591616405        19.0877967482129                       1
        229.848632642692        38.1333321925816        41.5229048090869                       1
        184.031744121558        59.7946223793642        103.455292865719                       1
        104.133288616783        90.3234669454687        54.4086122323767                       1
        179.722491975864        43.3388406373671        27.4448357395275                       1
        51.9099137984361        27.1948972596361        52.2525675479652                       1
        120.425631508343        76.9397527831421        53.4992446594113                       1
        353.524745399248        31.9966729336695        100.019476673298                       1
        305.012502465326        26.3381280756049        52.3578299506952                       1
        252.488915214708         22.725386886884        25.5680928761693                       1
        134.705965840825         65.635379955223        37.8501396326363                       1
        152.413310568339         78.250820042251        173.892366575259                       1
        116.703514629925        94.8113748252196        63.2299351842059                       1
        169.783961033296        55.3978555326767        86.5768354836308                       1
         124.49604931565        8.28780718356076        64.6490358993003                       1
        84.6072542327715        64.4875338218289        177.413317174465                       1
         343.74266437166        62.7946830535854        88.4182961440453                       1
         184.37577705245         62.450101006335        32.6912790820496                       1
        178.580026765407        93.5616219156054         95.505799515961                       1
        12.1039108534193         62.764589236765       -13.2699909558677                       1
        131.125190855836        68.1502233832342        46.0020797739214                       1
        54.5959244871048        43.5104382511675        57.5811703479481                       1
        175.472173205885        67.3061072333784        181.106201999029                       1
       -12.2438771483729         97.409339230908        123.958672256386                       1
        119.668225413274        33.2715038287486        82.1556019805917                       1
        161.753836683814        68.9295884286108        70.2128170930712                       1
         346.26799555713         75.883264529448        26.8675066725972                       1
        256.410602185806          86.60249824149        62.1997479158595                       1
        253.028741293177        76.2501594818367        41.8621747584362                       1
        312.124618960325        42.5970908904779        124.355252412003                       1
        31.2421335571087        79.4401785096219           58.4020829202                       1
        54.9798526165431        33.7842193657479        144.729458827588                       1
        77.0808013598748         74.377211790903        127.603123967905                       1
        345.662870229929        28.4395766130076        38.5230676401759                       1
        147.299488530652        71.0680634587128        90.0251837611934                       1
        263.146475206035         76.683525946413        28.6433519810387                       1
        265.810246926926        69.4665482189972        138.732894288159                       1
        120.365948427031        67.6590201052031        89.0064358760621                       1
        125.563067484295        78.1477799756177        2.38012138568436                       1
        342.064505037054        68.7234539170304        11.3278050743422                       1
        304.777959126446        74.6549265387971        121.347578163754                       1
        103.994896380823        33.5220413514311       0.887990209324229                       1
        314.367238680834        77.3422318782728        151.719455324677                       1
        219.028980373858        81.1502470098316        166.748942611008                       1
        246.022765277091        76.0131510453793        9.20562697115026                       1
        181.332568135671        79.6348486021438        180.851503146449                       1
        220.098252584818        65.2341359444554        2.90879250815347                       1
        183.374901074574        43.3043204406937        169.371453567556                       1
        307.910702775957        10.5064790269961          39.47519671032                       1
        99.6610550104937        46.9142865191668        87.2286214537337                       1
        118.567935405703        46.7040714247257        76.1142307319737                       1
        206.001403921419        51.7876374431291        145.952138708592                       1
        127.723431459725        92.4059258086045        43.4760581806438                       1
        198.787416161007        71.5324400902964        6.85047760720757                       1
        261.593334414576         84.298457064567        82.0257867866155                       1
        177.659336208771        54.5350643524881        184.097582608155                       1
        124.914487005112        38.4813846450562        161.116016653784                       1
        315.158252560119        86.7465344718825        38.3554347914145                       1
        265.377481298566        59.4025598939083        176.128449101538                       1
         203.96642660955        61.3522324252363        170.144016998118                       1
        146.319931963064        67.9441239814932         105.06434491035                       1
        79.4481224188104        44.4066106700439        39.1744401072841                       1
        204.379813274451        75.6882788130334        126.451046700752                       1
        277.518059005342        79.4295070930636        48.9847557910531                       1
        349.703598196888        102.403034379517        135.772309012198                       1
        98.8406995214209        88.1330687336984        61.7965546650498                       1
        103.037367288814        73.4719279452035       -7.67884392974196                       1
        2.47286163126492        63.3612511099008        182.723640868059                       1
        38.5927416436735         49.414593116088        153.807775686461                       1
        151.775931469754        73.8399802810564        157.074970558765                       1
        43.4919470482549        35.5920897466572        47.7141110919671                       1
       -8.69910068163116        22.4735042946352        99.1414230140859                       1
        329.572305491735        60.0891053608519        118.517289131329                       1
        133.710857847623        48.9193102851776        130.480674732642                       1
        228.711674086139        42.7487707883946        148.732526491394                       1
         247.88895002915        72.5820374806229        40.5405789339558                       1
         82.567136222789        35.9563743708552        110.507190142622                       1
        97.0654336744486          88.33303431219        10.3462245848168                       1
        96.2868709343199        52.3428856333554        24.8699228143212                       1
        111.076467298216        61.6788882895559         62.891438432563                       1
        269.290890282292        87.7583620975265        112.532993823109                       1
        278.705378080492        40.0849368500421        143.768572001123                       1
        151.144713992829        49.7882088210555        112.170311528992                       1
        79.4646513407607        84.1043136433394         159.86150515122                       1
        208.044757441433        72.8330636765343        148.939973641598                       1
        119.994908905099        63.4380147817048        104.480109921972                       1
         24.454126579545        33.2095518081228        78.7119734127017                       1
         44.946937290491        61.4112209741949        161.000048137033                       1
        40.2983577800451        65.8360688691306        142.340146140664                       1
        294.668184299157        81.8441027718519        61.4074653607634                       1
        236.581057523772        59.0298077806197        66.0460715529211                       1
        104.377650078274        39.8377337870146        32.5103483109804                       1
        263.207041181064        73.1029243993528        71.1163482005298                       1
        225.726037100359        44.5843519434811        83.4642219729282                       1
        209.890153039013        47.9320515947541        78.6562417274101                       1
        166.645771277042         53.943622508806        42.1379198189411                       1
        37.4630413044758        71.7503520653483        103.111307847133                       1
        253.919637233386        77.9743183243552        68.1677861047464                       1
         305.90056417191        68.7805473749825        131.506049189622                       1
        285.432006065681        104.700583715377        49.7687923166207                       1
         253.79460347123        83.7876097114417        73.0217777324823                       1
        261.314186459678        91.8694022389249        46.3712059688371                       1
        74.5774539015344        43.6816476856262        63.6943286255855                       1
         250.00070080014         88.555246079616        54.0206646570531                       1
        156.162665646507         68.603308367321        169.851073092604                       1
        244.664730337824        104.738895069955        18.5105421795024                       1
        188.241168549904        44.1524534856004         174.78925669611                       1
        219.064280897746        106.457930600271        95.8694882544459                       1
        22.1753805275264        75.5621004484921        182.290698628583                       1
        211.366316533647        69.0817185619171        12.2237242771555                       1
        37.9141600340051        14.0216757307932        122.370411615309                       1
        145.482365242167        54.4305853494158        74.6893840877786                       1
        270.615954663948        68.9177096995347        25.2047642308818                       1
         275.59022100967        63.8260522438961        143.486337545853                       1
        198.532305479024        96.1335441006723        25.0246101310086                       1
        71.8328441200113        34.5294989102124        173.503788022893                       1
        283.623458472781        69.8112792900231        134.780856806586                       1
        319.758831439406        75.9479405851583        24.4214389689746                       1
        129.095612681688        85.9827675406452        92.3306468531857                       1
         14.341928538274        41.2306342653284       -2.13973460020242                       1
        205.877287092748        56.9910654100322        22.9062418048834                       1
