TEXTURE AT STRAIN


B  100
        302.423663880153        53.7889566111127        105.626211882755                       1
        165.274220857156        72.3792475995982        7.56028465443045                       1
        292.444304858251        65.2774295908475        90.6646835664822                       1
        299.733187815109        52.2329925305966        83.1407784615265                       1
        330.944188985563        77.0069816487851        98.2589801383856                       1
        324.620603940137        44.9399981881069        88.5546621196184                       1
        324.480101629548        74.6984517155925        115.623040276068                       1
        119.126417609024        99.9330037839912        91.6147232015533                       1
        323.421379581746         67.593733489448         98.607537434185                       1
        310.884677383483        74.5864716102684        94.2367243366995                       1
        344.278571622758        87.2325314810904        4.96594865754427                       1
        103.413519268476        21.3935165145783        73.8289229761552                       1
        150.476497578174          83.76825472524        19.2263693115367                       1
        286.291736532196        55.9306661933092        121.211111073178                       1
        318.274272446947        81.4143649361643        172.413524196228                       1
        321.195578527695        58.4576173430677        99.9503499913122                       1
        313.244459248676        75.3317222385415        109.460725753005                       1
        335.199054203103        87.9361801345246        19.7408052687937                       1
        114.766453572326        59.3792195976662        104.710565222028                       1
        168.564909103471        106.934437683576        21.6118647135159                       1
        189.386538029077        67.6990466049102       -11.8980459724614                       1
        279.441435191264        53.3595194632206        -72.914991248684                       1
        20.1622489328304        59.7916496461937        51.4823303529297                       1
        305.777668584724        40.3576741578914        89.4512347620655                       1
        291.260979168206        70.5837614154272       -69.7428932546689                       1
        169.188457374647        74.2706265074593        7.01284259425186                       1
        40.3281279422979        6.90217113160744         139.67000104514                       1
        167.105176681062        87.0458528653223        191.347577829044                       1
        141.403719035581         11.722322650945        56.8288464770165                       1
        341.212043388948        61.1490739122991        100.099942703033                       1
        110.129371600245        10.4826224409308        42.7897254317376                       1
        336.907978424894        68.7731290784814        182.602505858335                       1
        139.212995482397        97.9296189613556        103.099556864439                       1
        344.556261506725        47.9048944018163        18.5460894812108                       1
        333.066477641705        73.4312266226169        84.5085415035987                       1
       -1.48946250926901        38.7212631554934        211.980550793771                       1
        318.857313159598        59.2109360219895       -3.21255777290211                       1
        2.85284719005419        27.0892788306682        191.113389508838                       1
        334.245397350783        66.6807038497408        21.5241593216545                       1
        178.806610481304        67.3685467438475        64.6398954570401                       1
        167.685380895875        82.4069024128163        27.5436188198473                       1
        346.761198733723        83.1324077094683        177.075638267601                       1
        139.881328395812        61.1176209437759        19.6723602347322                       1
        155.294076346111        78.3474728224346       -2.46347769684045                       1
        306.571057029318        68.0485341235523        106.669308752931                       1
        299.810137028769        44.0358204572938         117.63877061159                       1
        312.660484781158        58.1771307863951        109.440019137798                       1
        151.656837710398        70.7221102951433        167.870081216162                       1
        149.622100213282        90.3949201802166        12.1332116818443                       1
        303.696665060065         67.189190933482        94.6776833477491                       1
        24.2626141124588         40.182886216905        184.411974125097                       1
       -34.6868143197364        49.4752950536397        152.907243482463                       1
        76.7314380724599        22.1350835811698        86.9929620648206                       1
         160.26074579241         54.152156092626        10.1475121985444                       1
        300.365245753527        62.7475780952941        127.440343641343                       1
        274.929748758642        35.8201308859611        120.162490902062                       1
        311.396563135745        5.79764420686228       -118.081146855863                       1
        138.847487215991        94.9585730580129         87.245628814538                       1
        346.906480156019        79.8242987546875        143.864459976347                       1
        356.837004105014        73.7648786606683       -4.38799906675477                       1
        330.819637803556        44.2921935150553        101.332962401767                       1
       -15.5180337018627        57.2762799049501        178.644017290804                       1
        311.126358700273        67.8908995048834        70.9043489014542                       1
        34.1351281019297        18.0507137196371        126.746612916792                       1
        2.97813098167558        57.8850702912274        205.596922119558                       1
        233.768503821957        34.2307059069886       -16.1129652304541                       1
        331.309797413494         68.955896838171        68.3364132588769                       1
       -33.0037433993716         69.084673978331        156.556062365139                       1
        168.279378111799        65.6534010599017        172.843868107511                       1
        333.603969717286        72.4514428679805       -8.36399171737942                       1
        45.2119802611137        30.8807027114008        98.8732038809441                       1
        182.407325297823        78.7272876212284        15.6171477496623                       1
        181.632611078486        96.2883092189099        20.1504618827569                       1
        149.919079200589        56.7400479114311       -2.17091136581497                       1
        148.617940713011        75.1660840364444        9.65300147682933                       1
        193.145505447409        16.4755071826197       -3.01652182043945                       1
        340.355836526445        82.9113751464649       -18.7701451987464                       1
        39.4005528898129        63.0006292135046         30.219997247788                       1
        41.2778329684606        18.9645034285054        162.609023553989                       1
        142.061376070439         91.965570224423         27.347538684494                       1
        313.910351654312        59.5033933121032        85.7092115318929                       1
        107.064516547916        44.2559679852006        185.876905113597                       1
        171.907821158484        81.5848720899054        169.226622849818                       1
        341.981814346112        54.5299498633739        157.726597622811                       1
        136.514776064235        76.4036020403316        33.0606186955895                       1
         316.57990761603        67.0035294658923        85.6793980971411                       1
        305.540487172846        87.2694985831395        103.770454928673                       1
        302.504650979748        51.6872503625508        97.2695740381049                       1
        134.104227168181        77.5259892898104        12.2137330945128                       1
        342.000677037576        61.1030714693751        80.9063794702671                       1
        323.479024705834        59.1405924416655        113.097115005978                       1
         332.36676854111        87.7272705022509        2.93812726646472                       1
        335.333923018181        112.160619073035        155.544173646667                       1
        180.241901348476        86.7513999453499       0.356428286579781                       1
        134.535429972696        53.7931493719816        43.9179707913865                       1
         324.70297674088        56.2235697888471        88.9122213971169                       1
        177.179126196574          59.92284603444         10.100780246871                       1
       -35.8977190914036        50.2973250945364        69.2963147589974                       1
        244.590675182484        17.7956997054057       -36.3909902851948                       1
        352.053282967258        69.3712524344984        10.7743633867361                       1
