TEXTURE AT STRAIN


B  800
        290.309998036992        64.3074370921868        176.358964474755                       1
        300.548913360164        49.2580909547007        26.5202020511472                       1
        9.04528408879162        46.2692091421759        7.88357846544968                       1
        249.340868784477        33.7074213547405        81.5701739606466                       1
        120.544638937402         31.304952875629        105.460111202323                       1
        228.487428503025        81.9426545281782        -5.1586815202388                       1
        13.8415463776538        96.3405306402814        3.17364729440974                       1
        122.868985817329        56.2660342826466        157.507414278765                       1
        336.438944495914        56.3714255551579        110.478456987346                       1
        125.679811134136        39.5946762944814         163.75685069204                       1
        112.884988265421        64.4854277466275        71.6604335324094                       1
        225.317932006585        61.8162492013238         -18.30023991358                       1
        167.287712276618        91.8347772243539        46.6652903306917                       1
        123.570695100574        82.2116052351575        134.916056863405                       1
      -0.830597980453736        20.5859031713052        112.963869513568                       1
        113.993973309285        81.0193220018559        108.465165466367                       1
        190.237246566193        58.1047218393377        15.0511646768317                       1
         289.41158442607        81.3850951299646         22.496202342195                       1
        205.833092776204        50.4629798978078        8.47889569882163                       1
        177.851805739679        63.8904547356576        32.9510743372277                       1
        77.4877699005961         74.145402143494        112.786654686641                       1
       -17.4540141243089        32.8363377454657        108.069348939631                       1
        109.579740460672        70.7108956276986        45.6119646691277                       1
         135.89991635339        36.7019324511035         100.60018161573                       1
         105.60358684297        71.1376168064057         113.76623897166                       1
        117.257835203874        69.0697887555212        122.653911047275                       1
        345.645414899397        63.3831677508796         148.55435384435                       1
        302.919661449523        77.8333691070625        155.938162625407                       1
        172.723816481984        55.9520672593216        114.112924876995                       1
        222.596577438253        50.6623911572574        115.941925162041                       1
        181.234264788979        66.7997696875638        100.744867037475                       1
        18.9030397993281        68.7540546518656        9.67110156878087                       1
        309.737047973848         87.406761806892        36.7597665616051                       1
        336.223747340199        16.0739332412324         176.70212360119                       1
        44.1701438002901        84.5019783385294        148.975827761288                       1
        202.284907215513        73.6532103937791        56.8698512551855                       1
        234.485752853902        45.7053930057548        165.447863445387                       1
         229.26751854375        65.4093198032685       -21.1765559386565                       1
        149.055454003475        99.3584825676051         145.70818857845                       1
           150.371818195        48.2325584166258        112.847243949592                       1
        300.113407816199        75.5890315969711        175.287436386868                       1
         147.89218511536        71.3597956226623        97.2085760920845                       1
        196.670716951967        78.2741941651736        108.333633386773                       1
        87.0904191141174        69.0160525962511         36.918157395335                       1
        308.291843904925        92.3250293109462        99.6340084629027                       1
        276.620440716311        51.8722893065855        122.708050465777                       1
        240.863883024935        77.7248206653317        38.9313320681252                       1
        101.282959210905          43.72769188042       -24.4822102874763                       1
        325.552472737266         43.024258385727        180.393280453573                       1
        344.879797317938        41.3548917757925        177.920761599243                       1
        230.630646167169        56.7386332147868        171.622271078355                       1
         102.72681738018        11.1185532983881        84.2620356066832                       1
        293.307527868973        99.4200945274199        136.460147743074                       1
        342.513273829644        50.8291684249971        162.692562001001                       1
        70.1881839632855        47.3221126446938        147.601023358215                       1
        101.613137813356        71.0812304230465        16.9009942509284                       1
        127.005461047042        45.6624442337739        86.6971088792834                       1
        94.1625188955121        21.7317039539691        45.4205480426598                       1
        169.310396290678        33.3557753362863        116.372725248753                       1
        178.254948489798         85.329149988541        114.208500918127                       1
        342.748590104113        33.7855790509704        23.4288789915493                       1
        83.2692971522021        75.7721414907116        14.0248874298262                       1
        306.526488122258        8.69429791035162        97.2608938349986                       1
        310.122851032976        20.7174713745932        85.3966409955548                       1
        5.81071088199573        30.3339894412908        142.199126843366                       1
        40.4388682935468        99.7854697777377        149.848409810328                       1
        105.809010214812        56.3648103799931        51.6522275652959                       1
         131.80956120985        62.4970485052802        70.6613657535139                       1
        323.014260920576        102.604763605782        23.3154965800412                       1
        232.233828362085        72.6183651949611        140.645149733801                       1
        218.390456948388        61.8017664180883         110.35658654362                       1
        174.559681574122        81.1778645108975        64.6610592583299                       1
         293.49516886752        77.3320365123714        134.965884187218                       1
         114.86544839026         28.551501964677        101.165321538558                       1
        33.0809064055886        17.2614254735425        137.374467834866                       1
        163.262649869312        94.1948862483323        14.0113998704393                       1
        122.846205154893         71.096721880073        97.3750479250586                       1
        157.329076582772        66.3029573124592        76.6038740541551                       1
        84.5801383521113        80.4620708590532        36.7856435743016                       1
        162.130175840459        54.1867693762891        40.5025946605092                       1
        336.837547261927        93.3833250085485        69.4199276694542                       1
        278.008716735657        83.1182597748267        77.4699883438809                       1
        344.836342007926        30.6012910982785        175.885237413077                       1
         288.26856532243        43.4866700107919        30.0778746042476                       1
        358.597488339848        47.0589971707207        131.378778296018                       1
        11.9788966226958        62.0586562548726        31.5603496441781                       1
        324.379996286748        52.7575320977337        108.407701146785                       1
        189.017249966379        61.8713984148357         28.060454022025                       1
        233.074356706542        64.9266734836384        33.5325574466636                       1
        265.668685111774        41.1630039544067        50.7546432517186                       1
        30.5448026904813        47.2342734211382        171.147575251064                       1
        27.5842027972668        69.3552466221525        42.3687486863468                       1
         99.210259012788         91.623928838304        25.7462712002964                       1
        153.188118858779        25.5438417264263        113.386279818906                       1
        148.580044126895        57.2147934903428         28.293804273886                       1
        255.807887123755        73.1756384521902        130.437655024762                       1
        202.206551872962        64.3054391317149        9.11875999158374                       1
        181.149509749362        67.3208695891983        58.6890797942594                       1
        331.899860677786        64.6228526829285        119.894522602769                       1
        318.274816540347        47.9749479506659        25.3893892703384                       1
        32.4533941613936         64.201081216516         5.1022412030158                       1
        362.853863359225        80.6009808781203        21.5405081061116                       1
        78.9236231176365        49.1335341905347        122.026792949318                       1
        137.624870498175        46.2982178233819        57.3033095058318                       1
        263.284923103432        61.4347842651554        42.7458632285545                       1
        296.481769386582        72.0083277098835        98.9145114068994                       1
        203.837285612771        85.2607404931259         9.2931790468339                       1
         364.93880102652        85.3779184441261        140.589413089751                       1
          13.12991573118        21.8328047707151        85.3393197232408                       1
        110.353670113478         77.038944731297        80.6864628975566                       1
        217.348545256465         14.683480196873        108.822362540563                       1
        11.1812946508905        19.5003662070287        8.70216847060778                       1
         273.70673564586        48.8817248193116        167.325144992567                       1
        363.297551480885        52.7698106879212        178.092595933127                       1
        132.761322087504        82.4793421395417        49.6618201137004                       1
        81.7287902001234        60.7808345604813        135.964411141121                       1
        319.225725532072        82.4624915449643         183.17199465322                       1
         33.805313019009        81.7327823809105        111.156858585532                       1
        38.4827538181491        108.802280682619         127.78392052234                       1
        119.502928446014        53.5369558626479        35.3594725150695                       1
        125.716875140325        74.9220391887786        170.729246477095                       1
        41.1779978119066        49.2763132082889        161.168467873594                       1
         181.92118653671        58.6127756946835        132.186453507246                       1
         325.26209366843        71.2419047895499        166.728239053471                       1
         305.52041080265        78.5808940894427        142.823737887141                       1
        174.876760019266         30.877705675152        88.7659127633736                       1
       -6.89502288054624        84.9331223184166        33.0298496768099                       1
        304.239472828236        69.3190454330788        131.637187938944                       1
        199.841401853807        67.1219422759509           11.7631097849                       1
        83.7351662094827        6.57041103096368        127.163185625599                       1
        151.459228408847        76.8870826772636        29.2645954288768                       1
        241.333964252256        79.5900745549446        139.286520949917                       1
        83.6144784768574        37.3078759366463         59.086590404831                       1
        230.664247937245        49.5746262161967        83.1457791062994                       1
        103.400933178579        66.7825826710531        160.041485002415                       1
        228.744679196364        15.8455767179254         70.909793335966                       1
        347.257967848082        60.8099664201946        38.0183166059281                       1
        69.8932276642655        55.5406324122781        183.494930910081                       1
        38.2269350451102         66.238930429282        29.9245660744091                       1
        170.541389854979        91.3259110568147        186.558543241028                       1
        152.647615539108        89.4346984640856        82.0093813267934                       1
        191.830738132013        65.7858728529355        76.6679640581539                       1
        130.006601287562        95.6179987786334       -1.57244878785823                       1
        312.618965969314        51.2908273090792        90.6728000821721                       1
        357.889961812453        78.1473231987416        50.7607456530694                       1
        341.775359315167        32.6228539506325        91.5924876750035                       1
        138.691029427834        63.0394523723803        43.3598255896114                       1
        113.184516527035        52.3526845466443        65.6896694736732                       1
         148.66326596418        71.8785671256388        95.2517428184755                       1
        314.239276331632        76.8883836205725        90.2224146753239                       1
        70.1070032785424        55.3070299970233        164.538244950628                       1
        283.750891971956        76.3363387490807        49.5876956483104                       1
         273.17049780389        94.9590102338782       -1.24876522374339                       1
        124.173731420691         86.627215066014        24.0609736433935                       1
        77.5589027546127        32.1715232821265        146.835536582115                       1
        46.7625496235911        33.4826466411213        150.412128356789                       1
        2.43497586927364        72.1162826762249        11.8597940316927                       1
        129.261348798359        62.9802738909907        113.393916529649                       1
        280.356150896383        38.8070689447766        142.245700681062                       1
        85.8965030271914        37.7222984327558         125.10529163597                       1
        325.545557267141        58.3198892645269         148.92541379698                       1
        7.43715388212056        81.9766697016855        145.788402035272                       1
        100.675902917853         55.738450265867        113.400023432205                       1
        7.75236848549404        34.0237012419593        72.8382990104769                       1
        173.974894640318        72.7186336411083       0.362202618444244                       1
        206.557512746223        18.7260690674396        63.8834564099228                       1
        347.214579423863        52.5939481597643         82.601772954654                       1
        216.990886593604        65.3687447831212        70.0007547283341                       1
        212.270456617622        15.7727007974742        129.803673341609                       1
        259.378806028576        36.9087171758597        36.6170544704247                       1
        322.347484082159        73.2000243110425        157.085846166725                       1
         306.70354325042        32.3309972079542        110.428828900866                       1
        362.192506370931         17.744160113527        44.8310688840596                       1
        95.2840825355193        28.4173115616185          168.9353733806                       1
        62.9499065617405        85.1569601373037        114.418239263645                       1
        143.789024949143        90.3310945731969        167.294941590531                       1
        21.9922680114903        13.1982248648631        7.79197675279132                       1
        33.3797794280838        83.8268305454171        11.2738849942578                       1
        151.006713933991        14.9662117801055         127.85360067305                       1
        168.675847472694        59.1903414491648         87.219895577821                       1
        251.208029777617         62.279158498889        151.588626226337                       1
        224.961916461811        72.3031917206257        80.9586708272304                       1
        182.601637729013        54.7624093591162        176.680387732249                       1
        321.147505158118         77.037055912514         51.231152121421                       1
        324.625553373126        40.6909227312802        146.380045747642                       1
         205.71799299734        73.6048627298608        65.5946769818096                       1
        354.023972855621        65.1827399562091        6.51999768663815                       1
        141.897828853334        94.6199540723602        63.3011035269373                       1
        162.433275897481        69.4371897302833        19.4881838175429                       1
         252.35111302133          87.42124791085        19.4643340259689                       1
        181.749337811119        60.0636824839853        175.368918260344                       1
        204.532269869831        49.9268439763824        79.3864279470566                       1
        329.152301004571        95.7672595266453        44.0854719398622                       1
        61.3638895550716        91.1364065674794        21.9976232586792                       1
        190.116370291459        70.9590821092525        20.5119558337091                       1
        33.1996737016558        53.4862806952757        41.8917169804324                       1
        233.373806398149        86.8855763594945        43.4083885750071                       1
        227.970386113146        92.8046275185035        177.514405650553                       1
        257.141065334257        87.0729349898982        6.68617201267199                       1
        96.1647293505955        42.7351055637889       -4.06469889171867                       1
        125.779767285326        67.3707177106416        43.3792906617675                       1
        39.0536892199337        98.2861907443984        5.13884589977387                       1
        4.66187705588395        69.5544663468085        158.420868551428                       1
        30.1137252189824        46.6479836923406        122.122002912735                       1
        160.259559789174        29.2728864507538        178.972281510072                       1
        112.671823657383        36.3181398052833        51.7799206205245                       1
         343.00457114782        60.6180358964346       -6.11137684109162                       1
        297.951992033839        88.2156064598192        79.3136510257376                       1
        38.0608241330648        96.3721423764362         102.41465262336                       1
        98.3032968540164        69.3959130352142        137.384542843618                       1
        310.027832200675        63.6972328368016        2.68333339885838                       1
        217.408521018123        40.3855312706876        160.521726654526                       1
        13.1947203072873        88.7068923053863        57.8784027633115                       1
        249.289149120377        74.5130590054005        117.529445718909                       1
        16.4869377739122        93.7828739974804        97.9991533106817                       1
        280.476823733167        47.2682913089044        60.3105832009179                       1
        368.654682268469        80.9458583390521        65.6922760755564                       1
        258.172017892486        23.5688936494068        131.241682232872                       1
        229.828484532659        65.5697861720585        71.8421970462076                       1
        282.250426695248        89.8597348409363        57.7291851622123                       1
        327.160309369684        58.6139080621634        47.5034200255285                       1
         219.43851089535       -12.8266542108221        120.480593642552                       1
        257.352711334741        62.4040041489072        70.4031674110532                       1
        111.111767895788         74.872331036187        59.8553224511981                       1
        270.217819382918       -6.49531482835224         23.332360387175                       1
        310.164964223059        21.9733353410848        134.091949947836                       1
        137.738653871058        31.8480176249292        112.101810501404                       1
        48.4142701380627        82.9192426116028        85.8383655757879                       1
        206.611312232815        57.5429190932923        163.704744652621                       1
        118.756796583318         77.419820076121        83.5584453988936                       1
        206.548467106456           86.7096018442        131.884769511365                       1
        357.997081162304        54.2760826550165        126.164863698007                       1
        266.776784993929        74.0254293913565        27.1778487609395                       1
        194.545279565419        48.3306788345333        133.826970799437                       1
        201.982809443122        45.1897643799846        85.5289424405553                       1
        306.697570595727         12.432746064268        111.296505888131                       1
        206.086768952608        77.2444300619684       -7.38272505666564                       1
        145.470540415985        73.0146995261764        46.8251020108498                       1
        169.976609186218        76.9081559064259        47.0127191612779                       1
        155.606420745246        42.6023726300704        137.810625566308                       1
        195.664870012853        78.4457450117303        188.646022586591                       1
        65.1087054129713        46.4651891459157        13.9621448400571                       1
        81.8653466497889        83.9543492748407        167.221616512314                       1
        269.358126968069        72.8976857143933         139.71642350533                       1
        235.530243612106        84.4289193943688        81.6989151073458                       1
        125.160727019353        63.5481040669007        49.4713215737906                       1
        199.391103902802        30.2949155970797        109.873703679883                       1
        162.075211225871        32.9376853690824        168.840539038307                       1
        194.673307742992        71.2283076427599        24.5865798132265                       1
        196.184160824563        52.8509956395393          183.8434719482                       1
        69.2291475562566        66.6997268368728         112.09556527444                       1
        308.635513192868        24.6612447337098          174.6013157716                       1
        257.745311585459        44.0223112417344        146.155687771938                       1
        17.6545128024171        41.1497080038953        108.199478374384                       1
        176.903517842359        78.1124091295911        173.804926566077                       1
        244.188034659149        53.4203364588954        59.0337709293662                       1
         252.44375623767        52.6740324405867        48.8776101118341                       1
        220.508553595846        76.3277055171392        180.135981940945                       1
        200.549457908165        66.3585811859273        119.507813223453                       1
        132.800287252597        84.0915567114441        133.790091537768                       1
        365.092251388913        96.3283125811391        165.620034695151                       1
         145.49499891502        63.9158688735966        52.3434185298338                       1
        9.76481872513957        33.9002522601508        2.94549906566425                       1
        212.208075865768       -12.1338336548182        99.6093283787165                       1
        96.6086668426774        82.5914611957823        139.354150338329                       1
        91.6346005300017        87.3200245528157        198.766343215436                       1
        200.536263889886        60.5248733854041        90.5501671331349                       1
        324.384180027454        93.5642355003019        62.5950593410637                       1
        274.657165579547        52.9416446044667        19.6031452206682                       1
        13.7885210109959        60.7626836656817        172.499304647972                       1
         188.08824858591        42.8450178484925        32.5794322433661                       1
        95.9875983200294        20.1467493915141        65.1574408540184                       1
        287.147556631647        51.6439180342914        152.357080530576                       1
        92.3898940835446          39.39660659038        107.899563662495                       1
        308.334189289878        47.8797060746273        105.818490898735                       1
        29.6875648677911        92.4678169409624        162.015578414677                       1
        215.570514900875        62.0547237661816        30.7571926100753                       1
        149.803116295702        68.0410973377792        18.6612869628374                       1
        314.152536099642        98.4594833563229        150.004281499999                       1
         254.13103407195        58.1246109750398        116.619803025673                       1
        305.043418830548          54.31403317415        101.132695956745                       1
        6.63159199876174         65.797899962269        60.0798412069082                       1
        307.642252139631        99.3018344473028       -4.27204778143041                       1
        201.940347317042        31.7117383486949        169.850520577279                       1
        322.449328865104        24.8789338169043        29.1432280171115                       1
        86.2195654531549        63.5102860938342        23.3402849705409                       1
        187.338057711806        78.5897286256128        5.42210237089065                       1
        261.521046874098        21.3530955346802        141.114083642446                       1
        289.248294176696        35.8057935810253        128.560802472108                       1
        42.7907807282786        85.5208197919838        121.210690163333                       1
        263.862461533081        51.5160268328962        68.0921730347051                       1
        157.119646015481        49.2697755218199        97.3074947541044                       1
        216.031145988858        38.7852347028511        95.1623350948973                       1
        159.436703816592        21.4235453393669         28.582921800775                       1
        143.915764412506         29.785869669796        127.458560121832                       1
         126.79727111544        5.87722711174758        137.177008303754                       1
        179.038551980629        18.6453495267092        58.5726410610132                       1
        255.756056313794        5.47101642430172        35.7019888133262                       1
        22.1684388854078        46.7350609160362        58.8615224443073                       1
        329.336533323598        36.4606103370492        71.6878720986616                       1
        135.521875109186        99.4811618735047        144.752676155283                       1
        145.744730365941        13.4018490496522        1.08248507073657                       1
        96.1944155819755        96.9094565640145        169.689543573089                       1
        109.814424184409        59.7082906298735        10.1538825219662                       1
        346.794290235698        17.2445372090259        141.851204942667                       1
        282.000299524632        12.3760601970384        64.7112539285561                       1
        110.280858388375        63.2114349441088        142.244509666511                       1
        143.704351607395        17.9375277366035        29.2141792873562                       1
        41.5802816298621        59.2974915114988        125.582174227634                       1
        215.751013683139        56.6525368744531        176.260092360251                       1
        313.987746942576        71.5738097475786        24.4674609973682                       1
        196.077194789359        70.8603214753666        178.530238125298                       1
        237.236414104346        72.1428734941389       -5.21577961192634                       1
         136.86171693662        63.7121319653245        24.4042170131722                       1
        353.704998798161        36.2287936336181        126.714105615284                       1
        312.965221512947        39.9371654014933        76.3091286352227                       1
        338.607096597209        44.2807019190533          155.5715245475                       1
        73.4764769152528        66.9769547474068        146.486731523169                       1
        55.7220773140403        55.3783377887361        138.614030040811                       1
         279.65857298684        15.6909825736479        39.0063508834725                       1
        213.969551004614        68.7911015282542        76.6381366886546                       1
        83.4487250363178        51.5658642228892        142.519927236916                       1
        335.435164289979        96.2535379302028        111.131460833784                       1
        290.145722737283        41.8785529181385        116.536082407207                       1
        295.654235360988        57.1761632614426        61.4878930914195                       1
        100.250947426614         76.479930537825        54.4683929130919                       1
        205.103096638811        21.5875333421097        11.0926867603365                       1
         164.32926252897         40.698494274296        163.532042220433                       1
        261.458870802504        58.9394621309791        123.285948512445                       1
        286.296407209297        88.8486456675212        71.4110347114508                       1
        299.694108454753         48.008306677955        108.531197762801                       1
          214.5955183151        76.5099086259428         154.33735522462                       1
         163.66049875052        71.5989587340383        185.377966641341                       1
        210.434799957439         30.619249955137        17.1353934240591                       1
        140.424236244816        84.3633810130897        130.782019590541                       1
        46.5039236362071        49.6942416971648        63.8640330197455                       1
        77.3576590098549        74.6099260002013        14.7913441929622                       1
        319.100250667943        38.0230165859471        76.2177263173639                       1
        2.45237201143591        90.1884292359307        114.556236503394                       1
         20.296798759622        44.3799433816041        62.2381126238078                       1
        236.636996620155        63.8477860496596        58.9064273440345                       1
        126.511481000316        94.5291400257888        123.474105217733                       1
        270.822147613598        84.8195217762466        142.229148673798                       1
        293.608984008383         46.237427289096        101.795912665509                       1
        349.520350699049        15.8031225924654        161.994606161543                       1
        292.615066852388        63.3139835797933        14.9499513935475                       1
        166.372899631251        70.9181081570837        121.086053141622                       1
        260.056716482198        73.9055644292726        11.5724520985608                       1
        330.055682621034        57.5454482081488        171.935341216531                       1
        309.207437376159        74.9113522232227        62.7875578138879                       1
        66.1437531626397        64.3892743658326        48.9014324664508                       1
        180.857028917739        79.6814644898029        93.5377222337809                       1
        104.474708932016        80.5233761979357        116.055240433377                       1
        105.461061762487        88.4558320019038        145.961072601911                       1
        334.182898778437        70.3281692812303        27.7877572598841                       1
        357.909778928016        62.5104107471034        88.1994413125225                       1
        10.2836753631034        55.3906043633825        134.364013836778                       1
        260.786325360738        22.1122443646151        108.431772729934                       1
        249.591072878621         28.064498908058        139.033593210352                       1
        248.957731669421        55.5348398830909        151.430425403355                       1
         127.09881613478        23.6630033571587        28.0410149353198                       1
        314.725744917401        85.3189691421942        54.7800274406907                       1
         348.30236648606       -11.6604869762075        25.4174000251184                       1
        327.995864041971        38.3059229009591        101.396730470166                       1
        209.658656796085        31.9409609298314        20.1890872639364                       1
        257.970025551859        1.22457986586695         57.196806443682                       1
         337.52089936274        82.0037963824412        26.2967644941083                       1
        27.4321997536424        13.3690688589092        105.290849477923                       1
        173.806034655332         81.804303114179        29.3170221760625                       1
        147.423348279834        76.8786467855535        8.47927336960307                       1
        89.0905700811955        63.8723079866142        113.438663669332                       1
        250.895936448985        95.2620304567497          133.3631919932                       1
          116.4946447055        27.6219435487434        68.0898396459768                       1
        66.9519710859363        80.4645554162873        36.9794398200232                       1
        190.608126316555        36.4127094945556        76.7631346156517                       1
        177.497600707709        75.6533206177434        7.35870927830758                       1
        88.9944383914052        94.9286410406346       -7.90978387030008                       1
        173.660741306473         59.389023841447         22.410517476345                       1
        184.947804922522        81.8234005088357        48.3900464959087                       1
        61.3278930186024        89.4642871538891        114.268245253085                       1
        194.739946426467        77.3913706825989        167.101123961099                       1
         363.62674593291       -17.9112995178716        65.8869211961693                       1
        90.0910256546289        72.9237950395634         94.074505343003                       1
        40.8542950934128        62.4356413336815         150.82663960995                       1
        171.783410740238        58.0134788883007        139.066573708715                       1
        348.249077188184         82.127107754988        152.098439627004                       1
        240.755008692265        44.9392207170976        144.708651166627                       1
        98.0472444175211        69.4495078545317        130.547145329702                       1
        160.643828702698        38.5922675243202        148.960412035766                       1
        330.493230629249        64.5470294454966        14.7101126566561                       1
        245.661581195972        72.3683242103107        49.0035680324376                       1
        236.514808387262         98.880965441356        86.9970420666462                       1
        351.151092285542        40.0868402988117        84.0847154423902                       1
        366.333679969661         46.104840673071        153.040271551742                       1
        239.170754125932         63.813805273302         8.8391439981275                       1
        222.729252011015         66.319757075286        10.0335686072519                       1
        189.103362417292        48.2809182512065        85.3407221493911                       1
        18.3247540476265        88.6000810428347        155.334629590666                       1
        60.7759621544199        58.5855958229173        89.0132113592645                       1
        339.357796512618         15.259908062757        115.177941525664                       1
        292.514402153115        100.265382124874        51.0778964895436                       1
        153.332962890666        95.9018692336129        96.2935336356138                       1
        283.939586577935         60.838912103373         128.39086294656                       1
        147.479289418881         60.593084998201        67.5243878326477                       1
        298.400977840251        56.7680328553275        111.690285283324                       1
        59.7391411459252         44.685780017043        125.742391787104                       1
        183.479507348772        23.6804066176664        39.5776716526348                       1
        157.675473794805        72.6309226954512         58.352929397387                       1
         49.400525822999       -11.3878291051547        180.185476565159                       1
        58.2702010845934        37.1865910101049        41.9694322954766                       1
         236.76623332828        60.7536953739211        83.9044046225886                       1
        110.170664016849        25.7996953753894        72.6863480404053                       1
        343.104989904858        71.7036984160482        139.241592358956                       1
        45.9250625521643         68.270780920232        80.9785036882147                       1
        220.260047998087        77.9521719874804        129.230699991745                       1
         54.643296093757        23.5954063209767        148.256645665363                       1
        164.324034241827        87.5883551417225        50.2892745008074                       1
        322.844217789622        47.0062077876609        92.0573495293214                       1
        232.258399982131        28.1507432985448         157.06339411825                       1
        241.927393586013        42.1038591275724        26.1946540274227                       1
        130.962033982037        45.0091450434359        124.006216235484                       1
        323.950817756688        71.2124709846704        104.854723440214                       1
        172.980922876361        55.8932362159932        102.446398387093                       1
        54.8562595180517        82.4680683123664        172.055319488094                       1
        249.046648269884        70.4646367853215        13.3492553181426                       1
        57.8056596150312         99.851067435425        160.820950829374                       1
        164.850010593321        82.2749874083493        20.7957990924198                       1
        358.556945045113        85.0650502721764        170.366359458111                       1
        140.346919954156        68.5381146067613        128.177405932138                       1
        129.947322466232        27.4917201310714        69.4385081987232                       1
        71.2704688678775        23.6241685532889        116.099792953053                       1
         368.46422196554        61.9818310356304        158.463169517892                       1
        261.161605042266        43.1092291323704        171.170658352221                       1
        16.0364187759959        28.4213829577821        99.7518916237434                       1
        173.319337306538        50.5720903373148        11.6969360713293                       1
        253.187187266927        53.7760853681513        57.0068112923696                       1
        347.372025249609        40.7586011297335        41.8791673232632                       1
        69.7192504665269        103.867968640995        27.9320086633341                       1
        114.370136128223        49.8997516647933         66.199716063805                       1
        135.108836916962        73.7864180466894        116.729942504965                       1
        226.794429296722        109.641492434182        71.6771097744294                       1
        123.190173680857        72.8016708695145        144.444342435498                       1
        91.5193985574845         16.172149472277          159.1325679602                       1
        212.620960053904         55.767885585443        193.485955959091                       1
        302.952863360565        71.4457211366576        149.500583592729                       1
        242.950371521619        40.9880121430068       -4.78855291800435                       1
        144.049386985225        97.2411653331659        104.435889733943                       1
        70.3440236441539        23.2347277645288        51.5457623573526                       1
        306.040502037749        58.7213440821858        146.967580003718                       1
        58.3279507622945        61.5845654372416        36.9987875534777                       1
        322.685828068834        44.2603805540789        166.075831534303                       1
        217.129079073303        24.6728861074052        142.800896324258                       1
        282.076368994537        80.1189284782105        7.73729770059236                       1
        111.356409756776        82.9561485626089        5.29957113450156                       1
        256.600452642934        96.2082015829908        100.712070008729                       1
        21.2499478293364        56.4957752894252         145.42589326256                       1
        216.146047720332        52.3595520700172        156.838578759864                       1
        84.5520934994574        104.402554851642        63.5250052718246                       1
        72.7981498633349        17.6274701512389        36.9069037384698                       1
        263.849233316033        72.6997428214607        174.470803360259                       1
       -18.2660442555661          49.72017052684        65.5967853435405                       1
        71.9496541032651        71.6616069895074         166.84218245659                       1
        309.661337949535        14.8807906623696        115.018895306735                       1
        335.697223567193        27.3296934665412        74.7643166155414                       1
        186.108356650449        37.3201336447169        104.391963873015                       1
        64.3791020652173        76.6533122531052        101.019351749642                       1
        197.072672583047        46.2067003038307        102.156438476756                       1
        359.185794310345        42.8243605886538        177.414066553252                       1
        62.8116595534004        71.1129632294379        26.3388315398134                       1
        207.611673956782        80.3895719730845        43.7732871311504                       1
          282.9733328365        31.1751602854676          143.7236344642                       1
        174.600092664769        7.12714265316771        51.4765931305607                       1
        263.506819703328        77.0114905057912        56.3236938454806                       1
        306.272314092625        82.3991584232835        15.5251225961371                       1
       -1.47862287218683        92.9602597282873        150.654843151528                       1
        77.1322700949626        62.3612370285541        22.4988567306308                       1
        309.828315430865        73.8019649931651        160.503558530244                       1
        55.7515409616626        69.5068298478342        102.419813237315                       1
        149.817660967411        87.8898094529814        37.7124872311303                       1
        64.2701069040184        90.7042541052699        60.2722711609275                       1
        320.753527829279        34.9967837621009        92.5206883570714                       1
        297.625093241072        90.5935413464397        99.0467095440874                       1
        321.208960290181        78.6108215075077        135.952465438431                       1
        351.951853664668        70.2805256054869        20.7765088280787                       1
         198.29129585415        18.0353534378585        190.410434182433                       1
        72.4825032324477         92.498429017515        156.916710374911                       1
        338.249553914355        47.5022419531799         26.318722444561                       1
        167.222518070827        25.3636349390256        36.3265183984838                       1
         216.75267919734        68.0104337810394        89.8363721089265                       1
         199.40745134446        79.4390295419664        35.5678411698287                       1
        11.6821911252312        63.9884448352502       -4.19026436081012                       1
        98.2002257027993        49.1276930330628        174.779079910405                       1
        112.612083594729        94.3412861593339        131.698931824313                       1
        12.6193178476566        89.0819983323154        171.960570214091                       1
        57.0339137431912        56.7872867972995         9.8740744717087                       1
        112.458671233484        55.4542586211971        89.2084245257112                       1
        221.267173080853        44.7905814198348        138.024080015076                       1
        360.820712300426        23.0835468438303         134.64707864494                       1
        341.760068333022        22.8806235253743        86.4494227206772                       1
         28.746904060494        36.5439159015961        86.4433003309543                       1
        265.621333752036        42.8427243098198        138.923428857325                       1
        80.6959694422271        54.4722076604224         16.151718976662                       1
        96.6230602868684        13.5389938616534        178.079504378332                       1
        139.639066578584        4.59141128562142         102.33256391522                       1
        71.0733861655242      0.0230733013236295        100.463689450908                       1
        358.247040190082        49.6812452850733        176.048739040424                       1
        172.866441571885        73.7806563963486        27.7325182451708                       1
        161.241350995508        55.8115525258568         136.77824986032                       1
        240.103316260718        70.4153238282088        61.6206860489759                       1
        108.513565477229        83.7899709721791        96.8079139332287                       1
        65.8737267935468        73.0388086792626        71.2448513597192                       1
        29.2628034241897        26.7385872990336        42.6969834805676                       1
        245.967585620889        51.7654453049368         141.50656316577                       1
        90.5360470843826        25.4667970799273         114.09798616794                       1
        35.5469251361015        30.5040859661394        109.106307625931                       1
        303.310533016947        81.8024032354678        93.9522424139774                       1
        296.181117919521        39.3309731226426        37.4334625795433                       1
        93.8279571721358        73.7785974559084        183.543171244937                       1
        63.6819418282656        80.5568340634712        11.3249150752016                       1
        206.876400107016         60.146009356236        21.8309927302226                       1
        65.6279446810936        18.0210110112863        151.751342140681                       1
        338.259306765469        76.2349373025403        117.493296325163                       1
        165.083986926243        87.1526142571326        100.862849054683                       1
        279.211979704608        74.2244936259489        60.5596699099498                       1
        294.321825110551        38.6308455674137        113.513126163554                       1
        228.004604429487       -15.2755440558892        102.041563950733                       1
        197.186079616502        48.9098815566456        22.3663177245144                       1
        57.8320364417389           51.1522707666        161.652737672068                       1
        314.414225381696        49.4680563724315        116.994236954768                       1
        262.658229333021        23.9016652294259        171.978587507031                       1
        181.095150340214        69.2482309321671        50.8934074969266                       1
        303.375899395839        32.7734868712371        134.260954506228                       1
        132.459595906151        86.5132332002891        119.979628012539                       1
        162.478238825218         77.176938554578        80.5047614435895                       1
        243.650678190212        25.2000665916146       -6.26041519838555                       1
         133.17232806633         87.207013406618        104.035784948528                       1
        284.539040695448        63.7944571988123        160.446607838007                       1
        202.693979229952         62.063193723985        11.7086182831306                       1
        268.079517466747        66.1005552023294        44.7389763724316                       1
        129.384708759706        51.1466831502235        110.416187756789                       1
        114.772213076399         90.822957788373         49.479875317452                       1
        155.710036665865        72.9484047936053        141.726600817117                       1
        73.5998258717951        29.0206404742516        22.3560710410257                       1
        136.548101972782        51.9406226039104        40.5471837124376                       1
         96.298180163954        84.5239728857161         98.918462518026                       1
        271.886104217554        14.0039158872044        144.946600110704                       1
        284.179273744189         30.842340181349        96.9567416179337                       1
         287.63866089811        76.4806197909971        169.125239508509                       1
         344.70398717071        42.7361716969814        76.2060644823677                       1
        208.218799801166        73.3777679634487        4.50836572293187                       1
        40.7339167608804        51.5805324100152        163.713591171988                       1
        168.010833984695        64.5990997462087        52.1759549342426                       1
        152.359421371969        55.8324009972978        128.221816392331                       1
        59.1688339136765        33.6678103040814         179.27826253119                       1
        126.190317315835        69.1829951874757        150.327760471313                       1
        352.888129271483        73.0324435752357        152.442158996094                       1
        229.722037020805        16.6260469356255        143.226644967323                       1
        290.985657384468         24.527092878797        115.622295078743                       1
        32.1969650388102        33.7839291333395        105.807021227874                       1
        128.164171729672        85.3402571347033        165.228342828388                       1
        354.715306861126        66.2005598742456        71.0010969069848                       1
         130.46186638555        80.8864913010389        156.763555349982                       1
        19.5296517523759        47.2464618660172        162.083511399766                       1
        190.477671713424        64.8202376889086        6.35292660504142                       1
        88.0465961066244        86.4940526435734        51.3535573355625                       1
        267.938827789568        49.1253232673779        116.893071735326                       1
        119.053889727025        34.2374387648431        144.125203341474                       1
        95.5800970803357        39.2153520756385        70.2903574902288                       1
        302.296027839744        92.1532899992332         65.600910029043                       1
        151.669810451248        51.7499736271436        54.2027057511122                       1
        292.283590216924        33.5677506102764        36.6276864656067                       1
       -3.06827429777498        74.4452460392218        155.177964868287                       1
        237.748756465088        39.6469818839653        82.5932791268998                       1
         149.54371325724        85.6226238359176        14.9424165698152                       1
        318.302692978996        57.5453142117025         190.45520814239                       1
        283.663857015583        72.8708922782663        25.9076294390994                       1
        90.8073977547905        60.1131989161146        53.2725384153088                       1
        306.284188383173        23.9110304420728        183.545390346715                       1
        282.548922317589        76.0203805599023       -4.03721785814842                       1
        68.9249130678378        68.1234560272214        81.2856925277587                       1
        310.988188432716        62.6355632373349        170.591972883974                       1
         198.04389907144         56.856262962038       0.427606101501164                       1
        321.352408476452        63.6534132389523        90.7171342511847                       1
        133.274329509238        41.9703238362914        146.100865221408                       1
        91.9912080986281        23.3126146038269        106.990053987339                       1
        235.492246667383        28.2541805948929        74.9890899283151                       1
        291.104112720639        85.9482100917213        10.4092218092218                       1
        178.451634470026        94.8398497446577         170.97442695916                       1
        260.367429072085        26.5454044673826        27.5770194266918                       1
        98.8827259297825        40.0885700510055        130.201368053857                       1
        306.034454567036        87.0161374773971        183.437223752395                       1
        180.490948787531        66.0653277865756        8.81931311137572                       1
        326.329528497104        26.5968434718329        181.520176256773                       1
        128.307703929797        71.7399339771929        60.9751669476352                       1
        281.449728054298        61.1044328189702         35.829971313679                       1
        183.469177526238        75.3602714841774        72.3686182851565                       1
        128.258993184895        59.4322487502005        139.615147590655                       1
        276.611365634797        90.1300533415554        144.876316538697                       1
        72.5335689214386        19.4116198299148        98.2996700255794                       1
          308.2481621044        61.0446690334451        46.7360944311211                       1
        86.7848448427714        66.4549558527536        178.255949062662                       1
        249.938397416114        70.7640301854477        34.9609370336107                       1
        55.7464141783421        70.1957913915404        191.124239690974                       1
        35.5978510923069        32.1987971431104        145.456194554298                       1
        179.530602397184        66.2483875086047         33.471658742636                       1
         296.25393657197        83.0419622179786        62.2190905491224                       1
         148.54551965181        21.7720729149171        73.6816890402836                       1
        243.860567509366        78.6930669538786        184.380525969702                       1
        276.360129260864        27.9167297851637         56.097643334237                       1
        259.521153415474        75.1431287484542        108.104166186541                       1
        190.808527249037        65.1497114494043         170.09783451247                       1
        236.949200017265        73.4840365478119        165.796182431539                       1
        65.8685215421274        86.8172573528339        76.9218923665525                       1
        338.069671714611        54.1742978289571        98.7842215307047                       1
        111.877304289525        77.4596636577321        142.846188114328                       1
        240.100968953027        59.0254236420262        53.1362622346403                       1
        53.2595605357047        70.2446789784599        140.965725516601                       1
        251.099257519817        16.3503643075512        128.850157716287                       1
         174.06775925797        -1.6064367953014        35.7086974446815                       1
         254.12897716345        76.3508536063567         131.05767344917                       1
        222.563592709211        60.2092530494394        170.581642992098                       1
        73.4229622585498         90.808787065215        94.8744590504705                       1
        259.046113873435        80.3418792182973        133.950957976148                       1
          260.1390212807        81.3555134847049        90.8715098569748                       1
        257.028883817839        37.0179353409608        57.9442780566163                       1
        343.449457193994        70.3273490500066        166.818270696575                       1
        46.7975240504796        29.5733091706892        74.4556588508697                       1
        293.940993652732         17.507874367681        92.5222564702456                       1
        91.2832828721307        81.5293636721524         155.74940743277                       1
        298.058018055041        62.1096314152489        140.338850050162                       1
        264.957426384454        62.2750711192599        104.344833953508                       1
        133.809354349992        114.137605836407        73.5124924232318                       1
        359.940036923296        82.9950151317812       -17.5270372520165                       1
        66.1828906027306        92.8638919017103        126.743631140522                       1
        296.931094290065         89.855026304225        31.8188748507611                       1
        27.6594570905523        90.0103650834428       0.454991118690178                       1
        148.412784383676        111.347923164167        183.433628055513                       1
        320.283313499776         74.047147613496        65.3143843107934                       1
        157.874184289938        34.3236813298891        133.042871044146                       1
        59.9053927226675        33.3414854635433        16.4149091572218                       1
        174.865666912555        45.2239644424341        75.9048143037465                       1
        117.914471468272        78.3074551047311        135.853569001996                       1
        162.748152313668        17.7751388534602        115.535033406704                       1
        296.679027335508         89.088621794792        46.4131111381897                       1
        170.370705227521        49.1369410171516         125.44535165546                       1
        3.10213997615136        44.9038687591299        50.4314603357218                       1
        160.652744878865        64.3138134673715        32.0015636670804                       1
        287.361315243517         62.209115749079        42.7980281442024                       1
        133.255659662624        78.1839980368655        144.735300182692                       1
          89.89169900056        57.7782710737697        91.7355006156823                       1
        355.751081832207        58.3276678730124        165.118954279188                       1
        26.1886019033714        9.00058772180155        150.427505701284                       1
        301.433466344986        104.966032745026        65.5591368640064                       1
        238.408596755973        59.4611916815169        68.6173615660831                       1
        62.5144462800629        55.1571678939237        24.7408488009914                       1
        208.489073421962        72.7348600652332        17.9471505528674                       1
         249.97358783463        60.4933568308259        40.5293497795229                       1
        336.890883722813        95.7360329889991        172.275308068436                       1
        350.371522810554        57.7876743246978        88.1150969242878                       1
        105.062249197639        63.8656585042405        87.9625422030855                       1
        317.585691185748        103.118305293282        112.801808132093                       1
        241.211476645034        53.3408998351824        86.2284311476452                       1
        195.607508264126         62.526604367988        159.401886086035                       1
        342.992784634547        75.7572339361242        97.5510255634178                       1
        102.869010264178        84.0642344595881        155.879115081679                       1
         16.754520239631        80.2007850950186        179.332926105974                       1
        136.723211097356        14.1086272430806        179.457578789265                       1
        8.65257965385059        47.9603447813591        54.3005234717609                       1
        226.222026027185        38.0675577341704        168.234061549943                       1
        222.841766990171        11.7203114448943         168.60682726375                       1
        274.769461635691        76.9184531563339        119.449735612312                       1
         53.429914088648        93.6691093750776        113.451887384289                       1
       -15.5280596233858        63.9489224666966      -0.659882225501591                       1
        336.278067894317        57.5503806553446        14.9000431800267                       1
        208.242491512857        55.7424461888316        104.041820446313                       1
        186.765145936818        83.6036717323314        24.8980170949017                       1
        324.566189128749        99.3792235600977        155.670733733245                       1
         333.19518527705        79.3400688879368        143.409086601246                       1
        274.065097188182        64.7878146373326        125.669181569331                       1
        244.528502122097        68.0704746491838        92.3812289002466                       1
        251.610397639035        79.2363461503715        71.2367963961099                       1
        120.384046444452        48.6656600766609        130.462358168617                       1
        9.27969948099994        55.2627330485427        80.7014583022938                       1
        137.903029796746        88.5359379801079        13.9338908339744                       1
        211.902578267323        75.3044451434716         2.2349898414991                       1
        78.0134874211643        72.4938941456062         150.72442981574                       1
        13.9548931672462        33.0695222853803         135.21880777205                       1
        279.294980820149         69.570669417529        118.895032975591                       1
        17.0619904856669        71.4851727544292        134.074355483087                       1
        24.8862714255672        74.0416499704512        95.7963062075658                       1
        52.6059467472243        102.204890511018        132.365884400461                       1
        87.2289786857912       -13.4126480316041        113.543054934434                       1
        46.9553578847078        50.5820374796636        43.6770594210814                       1
        256.927624445411        31.7347597529878        140.082275100002                       1
        97.5719693232155         71.624316062464        100.871858054569                       1
        131.817171987762         90.074608221245        141.983550616115                       1
        81.8168190562553        86.6777496256186         62.075985062624                       1
        187.190120232076        81.4209520567435        17.7679065818327                       1
        39.0671571425802         39.936583603203         61.797067503726                       1
        298.382316504813        60.7260163955867        163.290208531486                       1
        102.652372530284        55.1966695168896        68.7142990242046                       1
        317.212864460713        24.9750123778192        112.449721910285                       1
        226.814867352799        79.5662850102884        14.1730785957671                       1
        51.6298347329907        43.2215661359392        178.319399631647                       1
        347.302284063106        107.125743707188        75.8449012747605                       1
        236.781242970833         66.487300137919         28.267531709995                       1
        237.635092933564        79.7092050022899        148.827364476546                       1
        203.721257091281        92.8992885610912        165.678943601844                       1
        256.870529174278         54.022359130984        30.3616662449548                       1
        341.550312095151        79.9761016655292        154.320571827639                       1
         80.117369954745         44.544498819215       -17.2981093239811                       1
        302.104169993609        68.2692124217667        6.91924180534418                       1
        160.271670643949        96.8418876613144        173.668983278484                       1
        190.206693113695         75.512613271479        191.326303039486                       1
        226.835157383761        53.5961215503014        136.483468728813                       1
        304.792907550339        71.5191650392323        51.5552677890623                       1
        295.228328255056        75.5101844544439        175.369297113739                       1
        206.372703939566         22.356274698586        100.318686457482                       1
        39.5689498394663        25.5815747234591        172.816890779633                       1
        186.081046332206        38.1492657938729        160.770126366991                       1
        264.613381930589          69.64330316794        158.803368622636                       1
        88.4639681135776        78.1225461668265        133.216292632112                       1
        145.096249929431        97.0195760411592        23.6233203603298                       1
        269.672983238598        56.3143361719678        36.6347246176594                       1
        81.4793536373836       -2.52962362555821         66.906146876211                       1
        255.464104642156        63.1726541460448        178.389841137275                       1
        223.669229792463        36.1262936043224        58.9281564912832                       1
        39.5795816221565        87.2588574848402         67.206382532106                       1
        75.2005846763926        89.3946099109873        22.0041983425626                       1
        127.176494535258        63.3129451604264         131.29161371935                       1
        145.278637896032        47.2437579066237        84.2977615280938                       1
        181.746265136575        49.5972467495009         25.792805682402                       1
        113.433843175407         83.124141224534        93.1227077296084                       1
        28.9271753237004         46.875420645585        29.8270524117054                       1
        340.766514774442        56.3274149344309        152.476824239038                       1
        188.852283777857         57.375744060921        101.803944228429                       1
         227.23167492614         77.452720177225        98.5177251667436                       1
        221.284356353882        63.4856463637208        77.7640623987349                       1
        142.495310459062        39.4577088788575        88.6379138539205                       1
        44.9532378165484        3.85513617926409        147.058288306736                       1
         349.12148320281        72.1939076267483        160.179065032719                       1
        93.7160153723152        91.9616362817835        150.231969233123                       1
        269.793022643229        32.0462814614954        120.756765186076                       1
         354.79014374241        50.5636048545063        93.5172912120806                       1
        337.940397698287        75.2275720408576        25.8087183074352                       1
        272.879096368751        58.9107156018994        143.395420093299                       1
        106.554492214639        40.0833621173398        106.208676677174                       1
         65.948603807914        36.1650227192298        13.4633980586025                       1
        280.627675122789        64.8484320895392        59.1459642244194                       1
        116.508274602411        20.5859223500813        104.773606431377                       1
        85.9022954694715        55.7937504103387        76.4195108224237                       1
        163.705012535855        66.9787343619032         50.320678560093                       1
        196.681470605086        94.9802199523407        151.591329244505                       1
        125.157480237054         69.632369619378        102.807720086848                       1
        218.032707518316        52.9529273463301        7.97774050549648                       1
        2.16127858781297        72.3939052393223        143.336104653308                       1
        135.642339135368        68.9755986896872        10.7853379290038                       1
         207.47093645366        72.3474347455208        27.7683302330516                       1
        39.1983221919973         100.12521792399        122.301994660443                       1
        187.662098173726         70.516951250912        14.6294241236128                       1
        279.435467835501        50.3194941911297        54.0699408849185                       1
         287.79575417885        87.2725349388006        172.750604662924                       1
        24.5184261373726         58.291830357909        111.231724243484                       1
        296.766480242475        80.7519598339388        17.7821245478645                       1
        58.7584673549522        39.4109284713854        137.632786968483                       1
        121.312547404088        13.6526477612508        113.906019991843                       1
        172.733854671742        80.9809062687728        13.6752026243974                       1
         144.46641642414        20.0209915795163        149.317027235763                       1
        79.4698791771629         45.271102797113         177.73062576704                       1
        341.794737988004        75.3777008470498         82.742416327665                       1
        298.317334260847        31.2017164319764        94.0758838270164                       1
        327.267914536069        69.9948774406853        110.714802126889                       1
        319.143961539179        54.0649686452672        26.4166512173066                       1
        203.213982445248        67.4730682340585        170.077462456181                       1
        99.1167459151495        107.131948553111        30.4977281888874                       1
        148.158309151644        8.60895758795515        133.878816722267                       1
        110.297628931529        54.9484346605415        21.8421870336154                       1
        288.586541432973         13.521290096618        167.106138705094                       1
         267.08709894977        88.4444548254661         51.187196446315                       1
        330.431610340229        60.6160662116025        141.684254121084                       1
        79.3531061187932          89.30272540841        38.4784647990654                       1
        192.345203451469        76.7730680535442        36.8558171368162                       1
       -4.53627898736304        35.1431017375696        139.985630437627                       1
        265.688069055204        37.3874192302528        145.246925975237                       1
        164.472240291958        89.7621135495632        34.2082658406252                       1
        177.291285587709        39.3654654526121        132.409855887163                       1
        351.765072975975        57.8907531508149       -1.42594638150333                       1
        50.8873418863163        75.7374499642551        125.569996452352                       1
        318.025608070618        69.9626857286029        159.482168659704                       1
        73.7570646329839        79.7647125968986        127.905224754006                       1
        294.916962494448        7.35066846260896        77.5786687541128                       1
        119.480110953007        30.4143300703553        126.639922503409                       1
        145.650871983351        89.5253019057953        66.8552779534943                       1
        110.860737619899        70.7117756680444         64.632237544395                       1
        143.719472483352        59.8008437002858        163.679881910025                       1
        232.198015539332        43.4923363782711        73.5374666824478                       1
          168.9870365985        82.2925833141108         82.296953709746                       1
        51.2149057954329        89.1734563376653        161.791833314986                       1
         15.638479505989        32.3107435727718        65.5072417724034                       1
        293.776458199489        76.8395851960197        152.197350719722                       1
