TEXTURE AT STRAIN


B  100
        305.342883882499        95.4110435156845        150.463032268054                       1
        26.6232338681756        62.2733437092976        75.5117166133532                       1
        369.125617278097          50.38470131151        101.421338341661                       1
        325.053837878516        63.1128041297341         96.719109942552                       1
        353.329701361392       -21.6062629698817         159.01017928389                       1
        294.612435160584         149.85071634231      -0.562232721883415                       1
        335.556799632883        49.7826638604409        78.4429715306006                       1
        333.381378566895        68.1341502071854        71.3889344170564                       1
        114.751148664984        6.65164274096582         31.624916940696                       1
        98.9995316649671        36.8610373518866        24.8853926358522                       1
        77.4384395245024        156.015355343321        67.9646004915079                       1
        130.010157936878        24.9734057553519        185.770616109866                       1
        66.7304620327837        68.8887988822521        62.1847109580853                       1
        345.447740401079        61.5078015207109        127.517615816426                       1
        105.317634281786        101.991733349266        58.0927261471874                       1
        220.524388552036        22.0414064697924        81.8569524620365                       1
        74.1836909760614        53.3576117771094         43.043178438528                       1
        197.479243472202        70.0966312018024        138.081269301452                       1
         200.06169671854        31.2281014881956         123.24985822562                       1
         305.09300621982        89.2154841550427        121.704582187729                       1
        306.857157695351        129.090939618362        109.783564021851                       1
        42.6908439037362         40.392060304622        233.503439928681                       1
        121.747785131723        11.6834787732538        176.528127949988                       1
       -33.8569338032868        131.848807639392        140.587085542423                       1
        279.800361524332        74.4790461897043         137.52414160905                       1
         314.11487670912        76.4213579267226        84.3565801547576                       1
        133.692514301377        63.7902199704794        24.9974945825771                       1
        132.151973008219        86.6983266723404        192.798665094365                       1
        31.1739686333312        45.4550291110236        78.1202240329142                       1
         187.22240423373        15.3952174990294        122.214703476125                       1
        318.047490490788         52.849186880144        156.921874947106                       1
        246.857792610444        12.9554703581011       -22.6377316508073                       1
          114.7247448853        51.6967524630986        8.84364409319085                       1
        276.082300824839        13.2017055237982         39.109188947619                       1
          339.3216380359        54.0203506120103        59.4459042791838                       1
        327.853985200984        75.0708347005234        13.0134388759859                       1
        250.245666194052        114.807756921119       -19.9605346567502                       1
        51.9661929185637         60.174580364869        78.0569780370886                       1
        210.826765489905        10.0186186377884        86.8369629326752                       1
         174.93791504385        20.9483477437714        121.580779340268                       1
        117.222639930565        117.793536400263        234.536742474183                       1
        476.805944506848        74.0373260619641        199.883984302163                       1
        315.421171815027        54.7731320204836        80.0729088167076                       1
        86.9638236705704        81.5910006661176        54.8754704786333                       1
         277.00465942839         110.13896605102        148.197362065204                       1
        312.262630893019        -25.937482500978        190.690435429401                       1
        191.553433670137        35.0268980233931        110.772082107467                       1
        291.423770101562         100.34514462647       -41.4965237030183                       1
        40.3555253475868        73.0942296235584        55.3438242683864                       1
        126.565656906663        106.326598178842        69.6517282828467                       1
        315.350664150809        68.2839353761806        93.0668864420846                       1
        173.321188188047        28.9941383921321        139.284330490437                       1
        279.707509062872        94.5505274185641        114.306055318002                       1
        298.137230141221        81.6333505477873        101.603786863906                       1
        133.369763173023        41.6220725069207         11.486001075496                       1
        297.636315665818        80.7238994348636         140.95471693086                       1
        342.765879655782        65.2329721324998        83.5674752729876                       1
        129.921787568869        21.1788795382691        174.718578712465                       1
        225.827944056581        35.0842566367199        17.0253691291239                       1
        48.8807583465195        52.9289735504501         62.132878271934                       1
         34.649802356268        52.0220543111984        86.2441065231147                       1
        208.164604908555        15.9393394434116        35.4451712976327                       1
        217.151841536699        24.6954708584111         42.552793718479                       1
        163.445972117447        38.0918893328885        142.481787510565                       1
        228.478730597803        23.0776559479212        93.3489851185349                       1
        60.1971582701302        42.3635830595037        61.8823707173407                       1
         294.66917750491        63.8771569997048        101.230762009239                       1
        2.37431258508579        66.2640013934359        -43.356370552437                       1
         32.439765220421         30.905456229805        95.1088756876593                       1
        68.6760938157189        27.5000840198837        43.0072024370572                       1
        173.625572752966        15.3561192324794        141.006647934005                       1
        116.006254453098        79.4982860411197      -0.380983652508828                       1
        264.046931736969         80.466347084783        132.380818461323                       1
        334.075086683909        157.288439652944        26.1506513681823                       1
        210.825563856418         124.53706660552        122.379646108401                       1
        256.612901762612        6.02234177965436       -2.69910269076005                       1
        274.557995445108        66.1952261028635        19.8809815554562                       1
        227.806433254737        114.310323762217        115.033245762874                       1
        423.135832362315        5.00168679403982        66.1315676116931                       1
      -0.895183016443768       -10.8525228977341        140.446817230774                       1
        108.626516122682        89.6380226741375         204.15335778385                       1
          344.4470039033        79.6705984058108        202.948975370818                       1
        36.5069706078929        41.1163142191012        193.858862698442                       1
        343.066577079686        144.665127301916         19.301948852341                       1
        202.531401721176       -14.6882427637427        264.479029037169                       1
        310.863259854533        110.357523108217       -5.87599922021365                       1
        156.064443059075        28.1954883661814        137.673865191811                       1
        323.822940896647        81.4480858525074        103.306220793859                       1
        185.147581001166       -2.35699108011964        50.8047109715895                       1
        260.855638002797        23.4212899360703       -17.4177985037261                       1
        81.0406324094284        17.8480205694504        48.7788746850875                       1
        115.316697953645        64.2451711820669        118.274021158507                       1
        51.1839000113669        57.4265882728004        36.7778417248945                       1
        11.6096048255014         40.654438901354        80.8052550366497                       1
        108.788647834713        14.6005375923968        176.597133362032                       1
        130.791941309048       -13.2435805589639        254.184427142149                       1
        282.182976417301        89.3028554006447       -40.1588993242837                       1
        251.882923691882        36.9435741869862        134.863421155905                       1
        135.932777351133        37.6584238620014       -10.2652644253167                       1
        62.0309060787287        45.5421975332541        37.9175331895843                       1
