TEXTURE AT STRAIN


B  50
        307.231400443439       -11.7373925301733       -48.5155461380189                       1
        179.033242069513       -1.27256417836281        67.0200232154739                       1
        329.676150451113       -18.0135669406217        95.4974155227917                       1
        54.9019341143497        75.0522002517611       -34.9270561596603                       1
        211.327168409949        71.8224984597344         92.995273542942                       1
        29.0626725604774       -9.83791318383445       -118.103494874176                       1
        300.673786792609        -28.993494805577        130.193583969164                       1
        342.839948527061       -22.1612542483257        -79.427633868552                       1
         385.47200722038        141.592189969513        139.300397874533                       1
        66.0771449521579          70.95650994212        20.8069714256679                       1
        203.002089046164        22.1813023343473       -13.0964010188867                       1
        371.250090862081       -9.38242223485723        42.7938069526979                       1
        29.2434072268301       -24.0091086368466        237.301137352965                       1
        58.6782202308107        90.6780097060029        126.938463757338                       1
        346.499957242611       -28.1285931115669        89.3258363816214                       1
        44.3433466687657        87.4555316402149        138.935136427072                       1
        222.874456069883          54.34256703103        97.2769879264047                       1
        31.3117281140394        101.537861764413        133.280779240219                       1
        225.941706394085        84.9134310124587        31.7099004415912                       1
        56.7280844985267        84.0788327073761        157.037606667697                       1
        74.2816948978936        88.3575747627455       -19.3498325871926                       1
        200.807994412119        56.7561679729365        53.6940666719778                       1
         177.36442833418        39.4005238975846        70.1853095309314                       1
         193.91244771582        78.9739409411736        243.370921639758                       1
        263.434095690186        17.5282931339378        159.836371220812                       1
        270.783196887426        12.0650831876001        167.434581407936                       1
        249.882004561831       -70.5057972403031         154.03323456508                       1
        326.021122809888        143.740996474004         84.507173832144                       1
        138.382868904355        21.9864703582985        87.4370996469285                       1
        -58.704708212248        43.0782019573926        20.7156358301357                       1
        47.7361102555715        105.572923057851       -54.1125469018237                       1
        394.521272439363       -16.7917846106335        38.1794030130012                       1
        239.108798459708        80.1971200822605        35.6810152009447                       1
       -108.346009591652       -78.1810643862495       -52.1616093578647                       1
        46.4392661858658        112.508369941782         -33.92054922857                       1
       -140.674452207221        27.7474950329184        197.571663988447                       1
        263.527765069626         94.617471490044        40.4120630494963                       1
        96.0959002567918         195.34047920067        41.3441611780537                       1
        243.153246828964        66.6811854461795        42.6746905946653                       1
        178.220964855691        28.1090324823376        53.2773012044035                       1
        84.7045304115046        73.5446300001763        72.8965582207521                       1
        208.113507222136        65.3651598090261        71.2423748569462                       1
        61.2911260044072        103.296974149727        159.898455577142                       1
        253.615141752471        80.5940925835495         46.840037221471                       1
         191.26852932013        18.5509395021223        54.4314807656043                       1
        58.1220370100801       -28.6881093828987        13.9140659112037                       1
        67.2088202381618        89.1843985275624        145.163634717966                       1
        298.214157864863        59.6838294973467        214.373449122076                       1
        199.923401654923        35.8418499429148        61.1511362974242                       1
        79.0893814887625        102.850152323667        147.717523730333                       1
