TEXTURE AT STRAIN


B  50
        192.031581972133        53.3167347410494        44.3981753455387                       1
        110.080081894261        7.33257793188551        182.874065938919                       1
         217.68231651179       -35.7207960277255        92.7935494594601                       1
        198.925795394302        55.9168233880837        112.215019385499                       1
        376.845970025597        22.4690967881036        118.960408801622                       1
        90.5768424217701        35.6042194469517        218.552214184852                       1
        413.973613220891        21.8447392769224        66.5091654828972                       1
        211.728535543498        42.3227007255273       -58.3664565277317                       1
        120.237450621617        61.9349059090552        174.447009644376                       1
        219.338333578782        5.79859865353255        87.8647801030567                       1
        84.8436550608203        35.7055836112519        164.333041052086                       1
         319.70350098832        61.3853063625784        45.8667765067128                       1
        279.866475367782        108.712120954394        34.2036932864315                       1
        60.1088218352535         11.860484272584        72.7257173638542                       1
        304.080689159647        69.9052305178497        138.049188958212                       1
        298.544685142948       -26.6516308125621        195.835572218885                       1
        154.475946214754         11.925967630827        161.407817638705                       1
        331.686840653126        16.4860585767222       -26.1792202457537                       1
        120.919130910309         93.723764593253        51.2973161647153                       1
        268.184237538977        91.6339381577586        39.2605065897926                       1
        365.801723501508        25.0332042239712        111.688614835724                       1
        55.2715217990857        21.0300130031135        51.6209539481048                       1
        294.592040339894       -44.2488342852414        119.606629811231                       1
        61.8067318809201        35.9725775465864        69.8323129192469                       1
        214.787714408182        50.1552970449549        40.2364236983742                       1
        133.995838780965        78.2643302676514        152.907454114198                       1
        196.058664442744       -82.0707205304412        72.2612939904187                       1
        297.268449489595       -75.7920256659036        60.5884287058202                       1
        343.007643048885          7.205834155611       -47.4756043031121                       1
        251.034168133494       -34.8290162851606        43.0387987783028                       1
        288.420963916479        -14.629196090603        218.977059180412                       1
        144.802794084793        21.2245157887891       -20.5216161777038                       1
         274.70742315962       -19.6076293468314        212.267908900583                       1
        375.703395197458        15.4633678771706       -90.4850799083624                       1
         267.52792835032       -35.1900203915881       -36.4751173426219                       1
        236.522324195609        151.826039840913       -65.4890909617083                       1
        230.642241549437       -24.0156329450853        90.6196189306859                       1
         137.69801194845        53.6471261903756        111.101789516369                       1
        118.750524620511         34.397984054951        131.275500494662                       1
        100.418621313892        28.7334291203748        196.009863982679                       1
        79.1647620010968        13.9642404807923        226.401861375724                       1
        211.958750991543        147.437639850616        99.5999686679461                       1
        79.8413344265726        25.4662137678884        61.0178039263662                       1
        97.1203321427396        49.8449907178588        150.523018205952                       1
        96.9036772085062        20.6359665904807        190.867998507565                       1
        9.19317570925173       -42.8495887811883        62.0623733378107                       1
        11.6345177612177        144.665878248002        3.50236173616361                       1
        392.809519234623        15.8417155707783          90.61489996873                       1
        214.788414474344        62.8114573683704        115.637095437692                       1
        346.994760539557        4.40108152771427        -25.348367776995                       1
