TEXTURE AT STRAIN


B  100
        207.422340945029        13.9850817018132        167.001092440479                       1
        253.203437469635        28.1176551086293       -10.3087697583038                       1
         93.234090352024        100.998727012188        10.5518354409718                       1
        116.265259699469        88.3187623207589        76.5912151436172                       1
        299.969035069866        72.5188925415539        41.3958270964882                       1
        112.416224366245         102.70625748199        120.579418405025                       1
        250.213772135553        52.5752293938733        72.3111470765476                       1
        218.120572703502        28.2290149332825        145.004506047679                       1
        114.049673631068        123.855535070219        102.423661561981                       1
        266.805690261458        47.0444847869539        8.84398627701869                       1
        38.6990481060353        133.362677011113        49.2491035125643                       1
        296.922770393558        67.6818176935235        94.1841441530962                       1
        252.592851725652        31.2568972095208        11.8960096362171                       1
         278.02855036267        49.4389935227631          25.69431234032                       1
         275.43515462541        79.8160938062495         74.239814169661                       1
        114.696822808678        60.4475867195833        185.167108003794                       1
        155.029760244822        22.6329184083601        64.8661352604489                       1
        43.6132229338632        142.458636588055        14.0173340207638                       1
        100.536896597313        104.704827796737        83.9370761666115                       1
          100.0166312095        95.8273403270906         67.352726727376                       1
        95.4190533662843        27.4080044747792        145.308758842419                       1
        119.271868479223         106.09135952128        106.410740246974                       1
        126.502420368081        86.3850733848682        110.819259888115                       1
        81.6279711855415        102.327248749074        70.6093916442105                       1
        336.587141541714        97.6615228085475        25.1027649858121                       1
        309.674285208537        79.6579296248635        89.5398493309953                       1
        110.362401968297        72.1264528939449        201.942264882273                       1
        264.825819982918        42.8251590858266       -52.8461936853445                       1
        287.003584817525        59.9407526816808        108.992880358222                       1
         274.61663257914        55.7847731721477        109.356372924087                       1
        103.777736313426        75.1907336895139        168.102618204643                       1
        199.787032166488        24.9345033707189        15.8518491435603                       1
        103.551017688701        91.1085783954499        26.5686936019097                       1
        293.559145732134         52.742318964671        53.0773566463772                       1
        276.496836201154        66.8295505789737       -20.7435759109539                       1
        263.384242519752        58.3109448874581       -1.82062873151679                       1
        328.861869877369        100.087650984906        4.74284950757783                       1
        92.5073059398082        64.8034019346344        131.098661777378                       1
          241.5676350341        44.3804076472386        16.5769532905824                       1
        93.7633686546739        46.6884782380738        136.948426566057                       1
        291.331436732761        60.8581206374236        56.9997173183001                       1
        284.349300108099        38.7441153879798        55.0512522862084                       1
        93.8514454963778        142.588717098419         79.827766078391                       1
        121.339770262717        121.364474085322        88.8613664760587                       1
        285.561683968568        38.0966536649467        70.7452912499808                       1
       -3.67484801926212        42.4437355756322        175.682014062224                       1
        107.831110663441        108.431470598957         93.206827108634                       1
        302.992764180973        52.1008791069099        63.8772510348722                       1
        63.5315724551347        125.463413061499        144.276836920261                       1
        120.584165104672        77.7166711116112         174.44765226863                       1
        275.842450007141        53.2717647801497        50.1248584184433                       1
        121.710142010127         14.349014396868        109.691263486974                       1
        283.499255666368        64.7488718494626       -3.03135951133796                       1
         100.26485816796        108.489772865299        127.630677959393                       1
        129.835387409865         112.30212556682        121.009990536698                       1
        83.6666891977759        114.859779330674         53.671501560608                       1
        106.382074551783        83.4064439978685        188.657281532874                       1
         100.64118156394        120.566833016801        112.957354664791                       1
       -78.5067264919221        54.0711034251081        87.6753837645981                       1
        277.709129465906        73.1753670030864        115.507427503153                       1
        300.742188274727       -1.16485426900698        87.2488787497308                       1
        93.7614944790238        81.9655876391144        180.072843121165                       1
        68.8505116223422        116.694954784866        126.659954020715                       1
         113.97995018954        95.8444394984209        14.5336364053225                       1
        80.9436413592018        111.365188813679         90.203960583901                       1
        103.212580016261        51.0862178866541        111.544179808298                       1
         313.53740941534        61.4471040566162        77.9729748527098                       1
         300.01479765254        43.6168048967952        88.9609726386752                       1
        111.147319972809        91.4503164753486        97.4393040171061                       1
        95.5010075969992        85.5776836549538        197.397762603074                       1
       -10.5050519439304        100.705471929448        64.1551784684267                       1
        247.643910299463        44.5793428042642        53.9521435463853                       1
        345.691821909164        80.2494539643592        14.2176935772109                       1
        287.902355542538        88.9148074767379        6.67926565064304                       1
        92.3168570916397        113.641907630217        81.7067873090588                       1
        279.566551539808        19.1133369154021        103.076497857564                       1
        269.567440457282        45.5482330832826        -17.021148225992                       1
        4.32036616257293        103.871277261859        188.435991164082                       1
        86.0325042907369        92.6648511214045        51.4550487699799                       1
        247.494590376121        36.0777477956485        35.6555725869247                       1
        336.001604396683        85.0714127001281        171.452234400428                       1
        265.362221264256        50.8052574560307        80.8272794921156                       1
        314.981226162879        87.5420418475331       -7.72423946125457                       1
        357.563713336387        84.3275898938609       -2.24133017375536                       1
       -8.37860468782047        96.4952639226236        200.603084954831                       1
        260.704399043026         55.501896537173        104.376840195355                       1
        114.965415989428        33.6595685644189        110.781468402822                       1
         256.31552318298        25.2923819198222         144.64703437421                       1
        293.583489164498        76.8828607978421        103.301130165295                       1
        291.721911195548        35.4993207610585        29.8337708506252                       1
        217.211694471823        12.2912381016319        9.58034552908101                       1
         98.529066341502        113.127668755805        98.9919635410804                       1
         83.008337608068        76.9224445179728        34.8494435620898                       1
         291.34585080248         72.172714864796        73.2203495411137                       1
        291.099985289891        54.4287142953066        34.4120898949931                       1
        262.038353862381        65.5772294067699        65.9627850189046                       1
        99.0209890224934        68.7201976337362        187.495418399877                       1
        345.852055541941        113.533066204854        11.3234858996951                       1
        346.509157776428        98.1491722512142        182.757337197926                       1
        94.6260293268289        94.2550626401051        88.6121965008723                       1
