TEXTURE AT STRAIN


B  100
        273.895768293601        12.6354368979898        172.384471375762                       1
        197.856212203545        23.7903842884113       -20.4610068249251                       1
        360.087492560448        75.0430846410076        89.2051361879531                       1
        250.947914010829        103.105964743861        243.231406847735                       1
        111.623447042894        113.860708597478        126.790544809391                       1
        185.626630826664        81.4719013199601       -17.8493115447341                       1
         249.27911631447        50.1499900173691         27.534218815109                       1
        200.666730601442        71.7093581191473        44.3338597421733                       1
        369.832767188593        37.4841767343736        68.9288116314649                       1
        17.6188547373713        26.1675705581399        39.6245999861123                       1
        246.729286014554        72.3517120709595        69.8114524771728                       1
        230.893850030665       -19.5777629604601        132.164319905603                       1
        310.812016253373        49.9208570138875        100.200537409616                       1
        64.9563677985947         36.723367083324        133.308166946264                       1
        187.736463926718        95.2251991024557        150.008017128049                       1
        315.898317614612        19.9511410976819        17.4488578547592                       1
        216.228556211223        76.8108846546999        26.1639018751272                       1
        198.515418938647       -24.2878684620141        103.090887465555                       1
        69.2081412280395        19.0140553682528        -1.8952680960123                       1
        256.367969399106        108.196847218277        149.978333759491                       1
        255.108366628824        91.2098872276009         78.238688965203                       1
          128.4110623433        63.8027577242543        137.503894781992                       1
        44.7493869538039         32.239735350104        33.1014103385552                       1
        325.220053281375        88.5170596381326        28.9990083929768                       1
         130.49541802238        84.4174359793601        46.6459254079871                       1
        303.363800472658        81.9851838608173        121.418322671247                       1
        265.068632992239        151.144315814332        2.48401525848008                       1
        198.998713236452        87.7951290677242        54.9261035510536                       1
        261.954544671513        89.0014659310001        53.0210149616364                       1
        186.359507849831        106.206455712349        132.692358434868                       1
        167.118158200572        14.3176051214619        150.372103265523                       1
        51.2158842930979        80.3390320793392        135.896946135861                       1
        116.434997045175         72.047810155259        166.950082505109                       1
        304.154809409741        111.792181625711        122.795965215089                       1
         347.27172586633        51.9707588695033         93.113826749798                       1
        126.827466541132        56.3051159573736        173.903862730782                       1
        277.165613551543        4.65259952775771        -27.965725601868                       1
        4.11566726720536        61.2976480646223        102.908321999249                       1
        123.859823966843        20.3175239661488        -48.167018780463                       1
        347.708641125339        67.9826300701491        171.076764232954                       1
        115.270862139832        147.078980163908        124.847249916866                       1
        133.046663786838          14.49888830816       -36.0516137168717                       1
        338.994432753132        32.4860587925238        81.3466508048706                       1
        275.483749553429        53.8742152694096         5.4168552114595                       1
        280.119317003102         76.864878223517        108.834353149751                       1
         85.482651380016        6.52984974013483         108.44244774012                       1
        209.767911740425        40.7215072673456        159.704859970984                       1
        211.499198499977       -24.7609921820372        106.103650515052                       1
        195.085159894065        106.141859009034        85.9420744322049                       1
         320.20447192385        38.0899796840187        142.946914978549                       1
        117.394350668308        26.2083198971577        70.1066929289847                       1
        209.230121180627        98.0846584877252        37.2548154898171                       1
        310.077527022413         74.504065649503        135.046292469502                       1
        296.966243295493        107.840356003591        154.503003409982                       1
        55.6822046865662        4.78994848651036        93.4552802621406                       1
        285.571637121088        114.747413603149        23.1127154217241                       1
        313.875077938156        32.3484924201226         27.798639837883                       1
        361.789874118913         19.612363140074        72.5639233949787                       1
        278.117359004753        38.2418188120836        85.1799718038796                       1
        118.522982448671        127.651184108644        147.489226077601                       1
        198.988735228917       -7.79151585240118        103.884700803357                       1
        128.144020713533        85.7987831090471        141.904000523318                       1
        22.5157729857634        68.8117268685916        28.1604160846458                       1
        158.697175152131       -16.3122069036636        79.3385441866904                       1
        197.805916286587        93.5426297008637        166.655003435157                       1
        289.417470492274        94.5940864449767        200.685485822324                       1
        249.773574053338       -20.0086111630372        135.866423147992                       1
        54.0192448769045        60.3348687914104         92.726756650316                       1
        145.173210996555        96.9426241357985        34.4902695370838                       1
        332.438642428132        44.1332433375945        161.275112729104                       1
        129.208076386243        42.6381624905312         72.024996419527                       1
        153.858965639931        33.3783836410665        46.2051547679074                       1
        152.165746485013        80.0148659119015         203.77013173658                       1
        288.316140270509       -54.4408573919307       -50.6110440647308                       1
        145.022792108251        63.0827209084487        116.079568924254                       1
        34.4963221937405        80.4357722216284        118.128148335332                       1
        295.859233748019        92.1365576073201        92.8493326849793                       1
        112.201293014221        48.5093524554045        69.8043641224179                       1
        61.1761931448935        94.2050176280625       -56.6568428320994                       1
        337.908847724657        20.1696295390341        154.402954850618                       1
         184.15617875903        36.7716723579718        186.823050142345                       1
        141.656731280924        53.3302371694893       -29.4104637217485                       1
        170.974251919468       -17.0103186453328        103.748809465467                       1
        224.021446401673        49.4219000145442        57.3693945749995                       1
         138.83954675479        71.8102290983161        35.7678304078868                       1
        167.426412381811       -33.0881815718248        160.130927537438                       1
        398.299155027629        93.0702608308834        131.705725235782                       1
        258.427960437333        20.1060137050867        95.4030362961982                       1
        304.863037227016         18.263622386072       -13.2412854196497                       1
        358.265956247482        88.4443725612248        110.191492998248                       1
        352.888342647405         31.714195540626        182.728532166291                       1
        210.070381191102        59.3869076779506        104.229198583909                       1
        210.765348337869        13.4464112188789        131.123050471272                       1
        160.208707568974        83.6463220788284       -39.8783050652494                       1
        165.962282921109        99.8254440308412        129.114034431511                       1
        38.9652700972261        14.5927182373263        45.9034238116213                       1
         90.932226963233        75.4729639480868        108.051563863562                       1
        225.897693344256        61.3411256111579        136.921470593218                       1
        139.915528559729        75.9337997812852        128.901281282363                       1
        275.122410200452        91.6807641837121        33.0394774382914                       1
