TEXTURE AT STRAIN


B  200
        330.118663180767        62.6234302622545        44.7623609748552                       1
         334.08640532402        71.5351747754116        67.9541131776749                       1
        130.837873298284        67.9044720533927        120.465764358304                       1
        110.444245042461        102.574822571629       -33.0645511823813                       1
        72.0297798633059        85.4420944623251        98.4976585514865                       1
        178.078463281617        101.591685548939        90.3532212031965                       1
        134.722166768222        77.9138732125205        119.673120045934                       1
         169.00714186076        77.1849400160835        117.309855611116                       1
        155.478888579478        77.3252150704882        131.570610692073                       1
        242.536461763484        49.6504950114339        158.676204430515                       1
        305.402748689419        53.6349807020083        90.2035879470249                       1
         150.30931122612        96.2156662024441        128.894715734742                       1
        344.161548828548        97.3037598157934        88.2099829609101                       1
        79.1877895082516        83.2453066932764        149.254215163042                       1
        83.2921111549479           75.1279366915       -35.5802764694159                       1
        52.8413863155226        106.731538833343        35.8550136285146                       1
        330.494374064908        39.0661242504243        65.7495934320591                       1
        172.015943735166        62.7279549696869        98.1072862748078                       1
        323.664123479354        59.9212630004799        120.804356615849                       1
        337.356121095975        67.4226837637471        22.0118141653581                       1
        291.896374908897        44.3081842387808        57.6794094655488                       1
        262.472674216889       -37.8222752345785        26.4665993245012                       1
        74.3826491536829        96.9776755912759       -36.6894104047928                       1
        271.574074968897        47.3134599608103        241.403712628661                       1
        188.051052409953        79.2240905204153        75.1856773195366                       1
        65.3263562487443        74.3923877356129       -13.6218692087111                       1
        117.302974630385        89.3171975103596        88.7714251058542                       1
        467.206181957877        13.4015742125932       -78.9119043813116                       1
        92.1466538734097        66.6266853942121       -58.1175311240017                       1
         163.51815393584        98.5138057467409        96.7356156538834                       1
        136.090509007345         26.549058054642        106.696624108084                       1
        306.026047634147        72.2985212672848         59.377096423901                       1
        161.513674729723        42.6677321163971         104.68212573542                       1
        308.986992491808        69.3999315895409        39.6245298363488                       1
        247.969763897918        38.4728626817897        96.1664302593103                       1
        129.939725897865        110.087492167288        174.856497288182                       1
         265.03206498906        98.9465461431264        46.7839674115968                       1
        28.5594333234192        105.016738739312       -27.1223483401235                       1
         91.461021215327        57.6389548734907       -46.5943485995612                       1
        295.394442857216        58.8161606165822        71.6135712318449                       1
        91.6973498990447        72.4959430696996        72.5677487001282                       1
        189.204892907374        90.2583545636326        108.947349303848                       1
         294.35274548506        37.1303264834078        56.7457109838695                       1
        266.455413082695        49.6937865317371         168.66319312397                       1
        146.640237524707        96.2329041383382        200.269566579256                       1
         268.13675122589        55.4766283357966        43.3283334803809                       1
        131.538963411197         28.109307521465        225.803848267902                       1
         128.51013959106        57.0942040391523        79.1000540277544                       1
        136.616073539103        41.5109319936408        113.432893823118                       1
        152.680669323565        60.1535698672118        121.234276580204                       1
        -9.7846495696671        60.7867657647607        70.6292741364322                       1
        83.6156537714974        74.4844067024519         84.987007154287                       1
       -13.5829819075108        87.3305398532043         68.675110291691                       1
        114.012733779653        57.3885193060296        123.290767308679                       1
        152.744642315272        58.2757103218641        100.743359421091                       1
        43.0492052023037        25.9178976912951       -9.73223753499162                       1
        251.606512696519          88.47822531552        58.1757311087416                       1
        259.763284591505         35.767517363569        112.578688867649                       1
        112.834110480659        29.0241081620516        117.168394718395                       1
        316.416103914871       -41.2885164092722        84.3439206974054                       1
        144.155058005774         66.292323133742        95.6756056216354                       1
        313.841482798892        59.7163009646455        71.5494477748854                       1
        104.626255430957        40.3792634413123        175.310982034364                       1
        205.078629356071        63.2969565104195        76.3728477552132                       1
        322.076466209755        23.7512621499633        114.116782352642                       1
        368.427397185532         24.797033381328        95.1969290297529                       1
        157.268006895068        66.8269329708914        79.4702855221837                       1
        121.694216469826        74.0202063309825        71.4485162072339                       1
        170.198048220898        85.0245962125538        132.175783111259                       1
         359.35140892073        86.9968325728633        32.2538548537753                       1
        218.942585873804        13.1963623219912        223.862741143989                       1
         135.95629969359        90.1949759983537        38.5172704606285                       1
        282.478988260582        99.7643750904787        214.244229123022                       1
        70.9734857931976        112.667223249046        25.6551336836879                       1
        300.487261856834        89.5110587969078        124.072234892809                       1
        138.722186650082        56.7682663879509        114.800585370775                       1
        109.939648541953        106.762316072039        67.7837362196225                       1
        302.040318550195       -12.8567989566855        68.1271775879078                       1
        151.169695133668        77.8284496559242        123.444614999634                       1
        271.452243840437        61.0150511639611        131.361521901901                       1
        62.1581888698264         83.918543099711        132.267671011492                       1
        147.825340504552        85.6384576069619        78.7288222013998                       1
        117.209151169844        71.1468038297895        13.2050747381494                       1
        157.333068428964         37.428362333073        114.342019574209                       1
        131.538463372627        71.0173293792812        53.5492711761599                       1
        129.909065064707        55.1652961789318        177.897151570375                       1
        103.143375204313        68.4626844651422        54.1607538508622                       1
         321.27858580242         50.546343520863        35.9462644239643                       1
        114.076833554689        69.2267019218365        69.4125115753967                       1
        383.927668272516         21.514753658385        45.7377943240638                       1
        347.075341554242        39.7400151483885        87.6806155636319                       1
         33.179296317348        31.2877834610822        86.1914011037074                       1
        67.6693053058887        69.9792066127596        74.1771902076761                       1
        112.222454520281        180.292262558654        49.2886794425386                       1
        88.6467944222886        91.7591455471815        154.432377452012                       1
        424.926163418518        41.3259158118742        29.3648838512361                       1
        220.548701361695        47.4228766262852        61.7205034515077                       1
         138.68027752333        92.7419828703333        57.0403883316203                       1
        193.718587351589         46.704077696629        70.7297903141755                       1
        138.631701767071        164.864049292169        91.5687241296642                       1
        293.964928588323         57.174941090563        48.6856674775573                       1
        120.251850597704        83.7737557519209        28.3419498327901                       1
        317.243684155487        54.6732635804831        198.555477323517                       1
        104.984727089234        91.7073235456135        110.845425054198                       1
        265.017994840336        76.0827019484821        72.7053021739489                       1
        116.807220812821        91.2611636922781        71.3081218152353                       1
        233.681687710656        56.0967611195008        124.625349191178                       1
        147.670905662193        42.7626226350548        128.723760666335                       1
        155.492808589369        19.8438249566863        74.6387366229752                       1
        346.063525996411        56.0225554668861        95.4354506074248                       1
        213.542538871107       -10.6274828033846       -19.4404407564995                       1
        135.330973314031        43.3234140478424        103.927367914444                       1
        265.128608196654        68.0128473787129        55.0399101588053                       1
        142.163722777952        105.673844947753        131.914927627667                       1
        127.865749487216        103.323367648562         89.800828738917                       1
        170.896333362039        57.9703728155101        210.226376617092                       1
        314.845605558861        -3.1145690448819        159.041143055498                       1
         88.269690761358        20.6602040665515        38.4886718001415                       1
        102.816004677945        84.9554649420176        231.943167162292                       1
        338.300923355092        79.4880044492745        34.8780790725696                       1
        91.1731163071911        90.2327945221761        126.186629517209                       1
        64.7666370271328        19.6981331834138        43.0041073842464                       1
         69.883256765028        66.1702622429072       -41.8833000599007                       1
        175.806917782046        78.8030862063639        100.736658000354                       1
         440.83059837387        5.09845101369987        14.5351215845994                       1
         154.59421874825        47.4520565030582        59.7977660123059                       1
        70.2302721422009         23.991844532917        17.2247305922999                       1
        28.4968973292038         126.15118282676        5.53144315610386                       1
        281.911017829003        62.4521491188593        22.4193484467286                       1
        407.656060638531        15.0530957684385       0.294422594155934                       1
        366.498848672842        62.7630996098162        95.9319624152653                       1
        103.569815692191        78.0780851678611        37.2009589339869                       1
        344.956749667721        80.5548559862998        46.3808511296663                       1
        79.8372932095943        24.1102477754626        170.371609225674                       1
        88.8766127782257        82.9732694590884        110.769786889536                       1
        314.437115286361        -30.361104034094       -46.8918893280999                       1
        141.383801656956        61.1536190703768        79.7916900555933                       1
         166.87423278482        123.840677520216        152.007184189314                       1
        101.633719647804        91.0509938132138        69.1540193400615                       1
        250.820176349948        52.6064411400833        61.7659464296744                       1
        46.1205356628122        62.3318598460397        29.0611061977847                       1
        361.563772235399        22.7882703503581        39.9770747231258                       1
        290.741173954515        76.3207490318082        52.7537480985092                       1
        82.5006999226594        20.0593828715114       -54.5448415941121                       1
        125.846119174593        26.6521053370458        72.3146476592326                       1
        119.805964633098        46.7230451808405        68.8493682199736                       1
        119.039944690785        38.3473223260528        136.962268546271                       1
        231.435338461692        100.459098042387        89.8019308426149                       1
        219.842963798161         37.067199421484        185.916587791179                       1
        102.264354345411        28.6044890280111          90.61575732664                       1
        70.7202107208207        121.371824023274        42.0756193495987                       1
        177.780112130287        26.3470640102091        33.6895444918601                       1
        275.108415062731        52.6876090728081        83.2201085447034                       1
        284.671672224689       -39.7081549088844        140.638246026432                       1
        138.355838995069        103.918440609682        114.834209453802                       1
        128.823933696142        142.714651293947        146.071055161497                       1
         115.72871163455        60.7137402591307        135.569064505794                       1
        150.731068238432        83.3666463293108        105.804954989921                       1
        297.322451297201        62.4200393864572        27.8226834806489                       1
        52.1760280578159        30.1344523452153        12.1216254956475                       1
        180.818168590794        106.437403123727        127.750550270239                       1
        129.938013015866        21.1006173720959        156.763399355639                       1
        281.982210923958        62.4364275503347        46.6679326289003                       1
        139.070813421641        74.4810786141739        70.1330363502434                       1
        293.184911049754        84.3017823362935       -6.35409282818607                       1
        287.668136187905        68.9096247914379        64.4764057819324                       1
        131.443364280647        81.0619727286335        95.3015686562651                       1
        119.400767525002        14.9241003738202       -36.4347659349268                       1
        222.756718675195        35.3004485917466        41.5493354602472                       1
        287.051984655426        45.0757920713564        86.2391631083685                       1
        282.574199467266        23.3575838636336        102.363516417604                       1
        116.854463661808        47.1318744865343        152.200068049395                       1
        267.309736465918        33.6315259375733        61.2642817490276                       1
        189.669618380127        71.0770034724841        194.532183536989                       1
        94.8633826781124        103.801221350788        142.049654271764                       1
        221.733814315144          57.40513519324        79.7717456594826                       1
        130.552447999906        56.3935662719092        101.840269367216                       1
        120.175629849811       -42.6933885669195        32.7020598115524                       1
        249.792351641664        41.9422832298081         208.52331228107                       1
        223.925062001268        59.6111402720015        4.62532312886378                       1
        369.300367643119        10.7461238934315        19.9904349608672                       1
        276.401646543188        41.2958599601353         84.591218048119                       1
        105.087562468142        81.0745199743176        131.113076975617                       1
        105.970609977667        58.8129754018994         108.46047508443                       1
        306.917588472583        83.5625117880495        103.790299909754                       1
        277.296559083715        78.7080578627609        120.437346164246                       1
        274.100181021098       -30.6187721393965       -3.74627891009823                       1
        191.598675216311        62.4670082663782        31.5127063747382                       1
        300.464427040047        54.2075935181671        227.118002986439                       1
        368.799367892202        41.5942344687711        87.9147572790402                       1
        307.436480166464        97.0029941889912        163.806444918038                       1
        106.723574313599        76.5317527302665        114.071915757844                       1
        91.5564993200904        96.9826558866327        137.007739011436                       1
        351.299161964801        72.0615193326671         36.255580561652                       1
        239.401190100668        46.4238722470076        19.5894173089301                       1
        330.046263029806        66.1724906902606        87.0427722967628                       1
        40.2094954845985        41.3374263918064        53.7536223892397                       1
        119.104468684401        71.4593839867574        87.8901545335008                       1
        325.637032803034         46.195452384638        176.304177923747                       1
        169.158430943028          21.27818625105        111.906133138815                       1
