TEXTURE AT STRAIN


B  400
        180.985008380653        97.4076199907219        96.4285264777446                       1
        340.460938105567        57.7555288008545        133.535918553551                       1
        210.639491324493        52.7470805592879        31.8318652003599                       1
        227.191569183667        85.5899766839196        135.203567066997                       1
        159.895657398729        18.6864882044133          59.26958572076                       1
        72.1375877287223        80.0314200196429        18.5624469282334                       1
        215.252688230498        65.7475189895204        50.2118816320115                       1
        342.612770054894        57.0360395250579        86.6047955613349                       1
        168.942863699221        78.2609788730326        6.95723050141866                       1
        231.325318674542        65.9173777499884       -10.7440649846698                       1
        184.684379082301        39.0922556750514        146.305131276265                       1
        229.572768607448        56.3795295982088        104.328828724876                       1
        191.489144784415        19.0986573074738        70.6618989249619                       1
        147.575364368391        15.6282368456393         39.304442390573                       1
        199.159746065177       -25.0750760094476        49.9733044148825                       1
        139.077155225871        48.3719081488273        91.4759544732678                       1
        96.5990399456199        81.5841238746328        99.8353613612704                       1
        352.514642343974         17.483097573928        60.4289336474146                       1
        105.997847965461        115.925112138243        64.7886442036288                       1
        112.663595545716        19.1863398849106        151.687872676079                       1
        89.0744796037612        59.1981530977414        44.5527133191789                       1
        305.553139263227        17.3573362129374        4.69342137890293                       1
        343.009403720114        46.3275062786759        65.1612159578842                       1
        23.1062555473673        85.7398214169434        193.344320277886                       1
        147.149975156865        32.2592798610971        125.333293764131                       1
        221.534703891103        78.2296571681668        31.6650427379059                       1
        168.928165843428        23.3595737274433        23.3772352165738                       1
        327.637907845837        37.8537767450963        67.3568125121351                       1
          282.6763755492         51.873076905672        174.245539678378                       1
        303.309555614126        38.6453275717699        101.460102010899                       1
        152.412465517026        56.7124707244215        7.98550422946741                       1
        31.0763064831426        11.8493638618022        124.625273433834                       1
        227.435533899559        65.3527272667846        49.5193255596742                       1
        105.322090017369        95.2906717114612        56.6922006634946                       1
        109.855419112826       -12.8183952294045        46.2033007146593                       1
        35.2040995541754        23.4334472771448        5.01808933043745                       1
        68.8657640895726        47.4373693558569        54.9642905144216                       1
        146.277221859834        80.1696943075701        111.047219497874                       1
        203.060380764994        62.3443183000149        79.2436370391593                       1
        207.814314287063        3.56497914330761        47.7696955768523                       1
        128.556058986086        40.0706361730026        13.4567328450016                       1
        305.458970023218        49.0717017268336        121.354963067331                       1
        326.322716546491        19.7113666651144         76.071037712109                       1
        203.547548322188        49.8014735896283        157.051926326559                       1
        59.5395107856947        38.4177038926311        110.356244979328                       1
        178.392002964961        56.6812639300662        41.6048359016177                       1
         151.78161801168        16.1257475738152        24.0983066519346                       1
        367.280262841393        76.9014508991079        153.381166459174                       1
        308.286713339984        49.1290136461341        61.0400753425093                       1
        210.987977121996        36.3277920218922        52.7484418126235                       1
        360.915005948999        65.4204696527356        140.008501035196                       1
        27.7542069707205        49.5340601645721         144.02033551623                       1
        314.966369237142        23.8316264228364        17.1315675694428                       1
        219.786491243616        76.2101621157075        118.195006240354                       1
        174.776196414193        62.7375923931414        169.794115438545                       1
        339.118402054029        76.5928897238175        4.55714037903177                       1
        247.928154759287        35.1823890728919        115.830135598833                       1
        259.055412804794        42.7243359603099        52.0362534277065                       1
        36.5212313519338        71.2028444589624          148.8467144635                       1
        15.0647343308161        36.2584330935774       -9.97509661316783                       1
        219.033204955057        34.1641086440193       -3.63164572974438                       1
        57.0664678279135        74.6492338081353        189.273794574335                       1
        108.221307659382        99.7513193070096        38.6741446426109                       1
        25.5570477460773        67.6486568939487         117.23150497035                       1
        157.760901367139        48.4277821161608        154.538670059922                       1
        235.203245617876        37.3026819661033        82.1372235159349                       1
        282.736263236086        102.339852016124        56.5968306653657                       1
        83.5360124696093        61.4654017056582        9.28784810890986                       1
        126.665584849212        37.2508171591597        90.3104409508615                       1
        56.6964391813938        21.3110891503376         32.823912684416                       1
        330.246722857156         58.638429560707        68.7011687051781                       1
        88.5623481528758        64.9913808041873        23.1623784893594                       1
        5.84999036637944        133.738076623112        26.8637622543015                       1
        226.291459974316        31.6330009622213        109.432214623399                       1
        155.783490206185        77.5208810236979        29.2936245310658                       1
        99.9558147708582        55.1517937760518        119.443498600891                       1
        65.9138150136385        57.6118883920684        93.9934267564958                       1
        370.163477863614        52.8930871930791        184.306569422292                       1
        103.866044839055        17.6384201942508        93.5497893520328                       1
         17.160413802932        57.9988090065054        8.00613731259426                       1
        300.161072640879        36.1981101654632        41.0844274096708                       1
        210.898676369323        80.6268519961774         14.529497077572                       1
        143.046265472595        94.6294801102959        190.130507986145                       1
         31.481169135184        85.3556993688893        105.422880496855                       1
         35.532434478923        87.1379421727332        28.4233246097668                       1
        92.1694016683917         16.754917107699         133.04525537167                       1
        322.276819882984         70.806704071726        54.6409240021619                       1
         97.894233700423         70.260354909652        46.5596855010872                       1
         144.03882266177        58.2858285184575         115.91369035516                       1
        17.9858255844359        52.7426097122884         154.69923695986                       1
        228.140965597351        48.6219725835989        6.64057471544408                       1
        344.062463328884        54.8916178485034         42.106619453486                       1
        67.1105245501115        53.4672025430645        76.9749924386048                       1
        7.66540138206198        63.4905097022729        158.365437474309                       1
        180.967001651413        15.9633969335769         58.057555966359                       1
        87.5443670653223        59.9392523796793        47.2238006656463                       1
        89.1169529773499        17.9000084919133        120.318076465796                       1
        152.111572053157        53.2691608289349        73.4604149586398                       1
        189.291006351167        53.3916208159052        107.621791277679                       1
        293.714796436397        84.5796458372382        27.2945975015916                       1
        179.925929877389         42.093997534421        81.5085230992611                       1
       -23.4723359539222         84.208435918555        160.159667569467                       1
        202.143882418436        57.6241729486924        20.7490358020348                       1
        304.684715654716        59.4276025086751         104.89813678069                       1
        346.346836979363         65.706854977164        56.1778401701185                       1
        72.1505355738013        80.0518997347253        183.909036252178                       1
        221.674471754823        87.7012098908274        44.9296634340771                       1
        165.354870465399        96.4090824600305        39.4842719777133                       1
        151.670994714699        21.9167666611647        96.2233475660435                       1
        350.460803583692        94.8638703259617        164.368744505808                       1
        208.895710651577        12.1686922375289        65.2721755699298                       1
        40.2099491987783        49.0630735565176        82.9648838771491                       1
        144.937776530809        82.0168504356537        164.966262789799                       1
        349.762728617356        38.7142920237265         110.89457661787                       1
       0.498580185098808        27.0378882249693        52.9862507519089                       1
         147.02657303537        102.559133321987        112.366004861499                       1
        148.583201370493        52.6845456464916        29.6001995347561                       1
        40.0412186415638        65.6650694670516        91.9139524715806                       1
        254.274899599879        95.6607498521448        55.2999986127417                       1
        134.377235920227        4.48285769371666        72.2573531190848                       1
        109.151342140019        79.1018138706267        32.9091228504097                       1
        62.2500872876086        18.1134066044433        168.397629271057                       1
        204.279764079863        27.8869345421344        158.310766806567                       1
        248.737406760839        116.844208269769        135.723279194471                       1
        307.471138673073        83.0211315689561        112.793216337849                       1
         28.922794861985        16.7575862342569        50.3714774424229                       1
        313.754204917314        29.5292675704135         162.77625569523                       1
        142.974569638309        23.7140667721699        83.3619004389803                       1
        120.173686135386         108.52463878594        57.1534255402508                       1
        176.023032786781         102.46844510376        87.6952610135836                       1
        115.727114056814        64.8634995312052        105.349151217971                       1
       -9.60894254592528        42.1310291452525        71.3391478672236                       1
        183.927561217501       -16.4186628229735        67.2264801057829                       1
         257.07931610585       -11.0772727113585        -7.6923351074969                       1
        173.450206256532        42.6836370693669        133.203690366707                       1
        203.247851016858        64.4469117315116        37.7323012805423                       1
         370.05380521977        28.0930807853621        81.9977563401402                       1
         91.028260914577        91.6681275198193         61.910135906038                       1
        126.370107341892        19.3863225318933        117.035094568781                       1
        270.297869673588        103.723769039269        130.644967551134                       1
        205.415698332918        72.9059181941982        28.5529630109024                       1
        273.185048584306         103.67522808461         151.38076074196                       1
        45.4114959037393        59.0508647014602         28.698568219271                       1
        304.141117042827        49.2006452211795        99.7583721298769                       1
        239.994697438201        18.0251796738549        116.128568581663                       1
        185.194892906034        26.1590230248717        160.748944097939                       1
        102.618324365623        61.2288712774057        15.1610355798515                       1
        169.311788045864        62.3969349602215        133.506782992747                       1
        199.495927354638         36.472841453564        142.805924162324                       1
        299.515803877132        64.3477136920526        20.8662099080379                       1
        185.240088335443        15.5424765389873        19.3673271210007                       1
         31.219418527106        105.594595890329        111.365931569822                       1
         276.74442031813        77.8940300559933        139.642574288176                       1
        82.8333326628745        34.1006632749298        147.080934866684                       1
        185.354111739298       -11.1709209900582        89.3886331245192                       1
        329.031253973719        71.5510456485291        4.12196135709208                       1
        1.93595922709007       -19.0891233120628        155.751832874544                       1
        264.843502972397         15.361140804653        25.1933384369275                       1
        99.0555659318145        104.913813615723        25.2608201156624                       1
        100.462974473692        27.5578368790357        80.6211877738838                       1
        22.2604702687509        37.2432256722244        131.588055513596                       1
        172.323085421226        8.79767208577295        51.5287623686952                       1
        287.168264212513        40.7195316353244        145.690452412271                       1
        141.054053931607        68.5312412021736        176.145976145044                       1
        135.444172036864        22.7284032101063        58.8226706625816                       1
        82.4392365012473        46.5584538047805        85.1929890785702                       1
        223.896875075139        69.7101313890497        12.7981057375992                       1
        44.9448118216526        78.7034256559071        40.2604020183345                       1
        277.081575164162        57.9730633370578        144.263889024832                       1
        272.580728344348        15.1057003657009        164.231848208794                       1
        20.4348743944048        76.2293318130168        177.498846039775                       1
        17.7213337156006        64.6917471097214         96.430277410931                       1
        209.323325470906        10.0374873223361        127.118954748116                       1
        206.755063601334        72.0753114596342        48.9222368399437                       1
        16.2998177663421        104.688799803867       -12.3688627190399                       1
        202.380388298255         54.740194282666        67.6813145118359                       1
         239.53572437287        84.1268973571217        65.5823902877182                       1
        336.621318929485        30.2351318164598        128.281853340766                       1
        92.7150108793973       -22.1992786359403        82.4500952927783                       1
        169.221591296735        60.6731787100541         13.362977048321                       1
        325.311159900041        48.8625303930384        15.3533387123749                       1
          183.9360151079        70.2500671393433        184.140408602372                       1
        224.877485841636        48.6317804675814        47.4001560945711                       1
        104.285393654639        75.4419355782823        144.925037921682                       1
        60.3837872423268        72.8848642754077        106.255084054903                       1
        99.0321814134302        77.4607713052354        9.58043565610951                       1
        3.87125602446559         66.110109798498        27.2724655161981                       1
        153.786503362573        65.9567456677853        77.9430426209483                       1
        216.045361873183        54.2943785602094        124.209680823368                       1
        116.015566252689        15.6481633742169        113.860717022892                       1
        70.4309040250948        73.8441171456479        62.0816956538141                       1
        238.540721384176        61.4329590133888        69.7085941074199                       1
        259.247014482819        86.0448163487239        175.367061793578                       1
        138.083350102691        66.7044016831606        154.455881325632                       1
        245.178409306075        47.3234893177237        130.641130226897                       1
        137.121256180234        107.998054907688        99.6471258503209                       1
        67.3865549644299        82.1703752139582        31.6570853028946                       1
        186.426200598385        54.4203899350166        135.205489110003                       1
        96.9103351375072        42.1985092083871        28.2606265175704                       1
         296.05453182073         28.568429287263        117.715764114075                       1
       -3.15617858854811        14.7241380895745     -0.0644536921720418                       1
        241.345097185109        62.1142540404519        30.9900989641936                       1
        60.6021038266506        12.8385026447034        107.389885239624                       1
        64.0365088327163        105.328278976819        31.6042837487691                       1
        248.906659009761        125.661689392834        143.972267518433                       1
        81.4675284265658        67.0784777511247        133.661855199452                       1
        27.5002216484144        66.0374384662176        51.8515436549444                       1
        60.6593417895751        30.4698225173608        19.0022694053737                       1
        273.719177203749        13.9872906940316         139.95784065376                       1
       -21.6901272055456         69.648356219609        100.782340378792                       1
        299.344166000431         32.291510446247        142.955029086981                       1
        38.3513760920185        47.1738536946912        24.4561103326349                       1
        73.1968184512396         63.551673365634        168.404229634688                       1
        50.2790938160972        105.226183332109        70.9247861373595                       1
        269.006922598698        36.8951623815458         24.816356788762                       1
         296.90015937231        67.6194767331413        98.9071390640642                       1
        23.3697014187743        31.1711568472865        148.168567981431                       1
        142.375001674431        42.7308218355682        52.5349965784124                       1
        81.5119409191815        69.7828570254182        86.9810781141241                       1
        85.8993690995785        13.6732374651222        65.1204834826477                       1
        184.779505802353        39.8513861690418        54.1808977782872                       1
        352.208122607954        60.8389463649802        14.1927301557299                       1
        153.754833061726        38.4940517921641        86.5807941822088                       1
        280.564191491205        91.4806860777715        159.101486552099                       1
        319.096714351875        46.8029729632901        108.060937741794                       1
        39.7761992301971        97.6543199358453        189.045014403532                       1
        171.887846160011        58.9635065198079        151.345256899303                       1
        97.0677968122475        39.8872673239992        51.2597502733949                       1
        344.608372887211        70.1933957118773        121.416957686862                       1
        245.308795894434        56.4052688766975        114.363558636984                       1
         140.16441378111        79.1166318647973        96.2027604347336                       1
        164.755273802931        36.9844279680416         84.046860659304                       1
        320.153514622499        57.7972831973248        87.2238480138899                       1
        218.627153084602        104.217709337895        161.129672629891                       1
         100.49693588888        27.1663505425313        141.466247759487                       1
        222.319326905973        64.3366364176743        5.57864541106727                       1
         250.50975178963       -24.0597675914239        -5.5765779053285                       1
        205.543501572709        118.118824063853        152.344568873604                       1
        320.764365125728        67.3001672029429         110.89581641678                       1
        170.905645499736        83.5821812157171        89.7011276433065                       1
        321.249234381187        57.2624105728813        118.208176504387                       1
        152.402140020302         28.439180718847        142.093707408701                       1
         320.22860468527         37.061238740562        97.3785252807058                       1
          321.9874545761        17.4753321316878        109.393544462002                       1
        78.0765066172366        27.4632009767556         21.194013609001                       1
         75.191820745762        68.7521091042828        80.4715645708306                       1
        39.0869516745379        40.1132317473622        149.376117676961                       1
       -3.27159443212857        58.3719815584432        39.7858909590871                       1
         242.15410947097      -0.141660249461705       -1.41274426013507                       1
        98.9035197840568        8.12898848063982         170.39972560878                       1
        335.144851989076         86.501572371441        100.617304193531                       1
        147.620405356506        33.9234321884234        189.934124315452                       1
         62.360420289342        74.0198810683357       -6.18036297930287                       1
        339.875928028914        104.457399010612        78.5793544124762                       1
        306.989134288776        69.7474605774441        6.45113155343669                       1
        237.810148030664        10.9234798877955        132.712986966076                       1
        113.361538056518        12.1821683580528          50.03684385206                       1
        43.0694148887303        24.5063143890908        4.53406293316719                       1
        80.7750626529678        84.9112538884565         36.748150643813                       1
         214.14489156749        48.2154580411934       0.504213322123893                       1
        340.550996475897        70.1945593796761        162.731857102894                       1
       -26.3135237991048        34.2039815527058        57.0212436905944                       1
        253.108327754453        24.1219758361142        143.243452851475                       1
        8.94996676291322         101.68697637229         45.546734899296                       1
         43.503939533153       -7.32891899703012        129.598923918837                       1
        118.589486412339        83.8473057583688        49.5945804191446                       1
          155.3347413099        63.2404340192981        155.416794153138                       1
        126.205443610803        41.8131804444613        37.8592997337946                       1
        253.655885523232        71.0287283893117        48.7448746704164                       1
        7.80708576009837         35.933422690359        122.656321035095                       1
        188.717717454379       -6.59797909582722        49.2354297203271                       1
        118.806266338765        31.1199413230861        50.1168002906048                       1
        333.784671356997        91.0950505813484        78.2204025911473                       1
        359.119045254468         12.673458989477        177.546088065787                       1
        82.2551878440062        76.6928224129352        141.380674432288                       1
        81.6429044489699        70.2021250032571        36.2351450361203                       1
       -8.54213975664809        31.4033388713369        79.6624054673691                       1
        160.184829912609        41.3925423459494         60.818982652108                       1
        185.404115903628        69.6445395025463        22.7093639991913                       1
        117.826081681325        122.128249906842       -3.22346277677145                       1
         138.74045354888        62.5311793718751        93.7615367975884                       1
        87.1961018598732        87.0808059789521        23.3665110373943                       1
        355.195275325793        13.2941785033347          154.3939657211                       1
         159.05784832822        64.0078546703196        100.474488234199                       1
        181.137600572416        24.2879594345032        137.077600333792                       1
        305.137663163771        102.525558568886        45.7533677078457                       1
        165.376175624464        29.6280524247211        70.9245663057595                       1
        292.451854679942        17.4182064918706        125.984069690126                       1
        290.989497175675        40.3562281807125        17.8256422871551                       1
        57.3864651973272        44.8119077574048        52.7945771371337                       1
        48.5880799009811        61.1100049694194        51.5105238314954                       1
        319.511260004196        47.9499829044052        73.3090939479307                       1
        163.435456305251         95.908416450906         185.33946617459                       1
         62.483337618874        94.9637465511008        11.6264739041526                       1
         5.9782012452808        54.6563191171453        96.4282948010347                       1
        62.3769326865789        62.9978204828814        23.5906694803801                       1
        342.515135973853        24.4567687425314        75.1269164338102                       1
        226.430436351965        20.7813804445599        3.74994985572811                       1
        207.501559190782        20.9199120713294        141.649295104713                       1
       -23.4224216741738        29.2590946774588        110.102003237553                       1
        106.939129505981        55.5793441885504        42.6027118331683                       1
        188.667905982206        66.8419873698543        146.548759087446                       1
        41.4457980364764        59.4944033990498         8.6576330957875                       1
        128.287279923397        27.1134565398886        114.730208128753                       1
        82.1251022467752        88.2080934073662        181.731095618353                       1
        351.785313784703        69.7270980061212        174.702043813586                       1
        230.522338652459        54.9535276391523        134.202749747848                       1
        272.353114094753        27.2923944746889        69.1762493079238                       1
        9.71861949904986        40.4418173316742        67.5750897677345                       1
        217.480584809287         44.917294613764        130.760815088761                       1
        89.7461697501962        86.5353464900029        47.0834768247488                       1
        281.291236496537        117.429305648114       -31.5837119958569                       1
        148.224351426224        31.7188065692357        31.8283539186083                       1
        239.335912966831        76.6006846363538        14.5886839868414                       1
        51.3714785677685        67.0905272194382        158.623873913532                       1
        13.4627294435807        21.7775285122681        102.698825257435                       1
        207.977518380552        62.0286908737574       -1.73834220543119                       1
        360.550007602642        43.9283150508042       -4.58205073492837                       1
        306.702872748369        14.9661836541409        96.7771997400155                       1
        300.939384460118        130.187897259183       -22.5366208464102                       1
        157.238024699361         43.929512447688        166.121948897426                       1
        201.964698887976        89.5848919168902         13.448260604192                       1
        164.975486421304        75.5304772606164        111.781607893358                       1
        198.227363187376        82.2876672089976        208.314254476871                       1
        229.022197458685        69.0278961054036        57.4778178076682                       1
        325.215034773169         36.294217713884        85.2387866972755                       1
        215.783882002598        16.4773453039194        39.5843519747046                       1
        282.202220492059        35.0789794642255        120.860360504865                       1
        164.996368205866        56.0088082698489        172.826882299285                       1
         168.93532702517       -6.69920337330066        39.3768872799145                       1
        115.761075121268        28.1419422981655        92.8638987022119                       1
        24.8454097482869        69.2845823672301        139.206702407003                       1
        1.39534622098946        59.4715753625721        114.998788146411                       1
        297.575167433342        58.2480778894536        116.285249459381                       1
        199.866793155337         57.264377863722        148.138832913279                       1
        196.905423407867        35.0040323531674        25.5754319800031                       1
        258.318523098064        59.1487640199284        42.3289556033026                       1
        235.915265326179        82.8886771535878        174.089065261641                       1
        349.976921286384        77.9730339522135        14.7727256372669                       1
        84.0402312292407         67.094340679339        68.1577451135846                       1
        12.0845463911065        48.4461236126606        40.6908689412814                       1
        28.5664550151096        44.7266919431017        40.4199125800653                       1
        355.853894362776        46.7039404801296        204.877010598167                       1
        339.171795454117        54.8882290851468        117.732778904777                       1
        163.494159667933        42.4435189842389        6.93986070493361                       1
        41.6356552472041        55.6311255499435        128.308353609636                       1
        20.4068380991969        58.0403979525881       -14.0593276337379                       1
        221.846222986028        55.9425935452801        157.244006272204                       1
        140.601587106408       -15.6061060335309        22.1376729179729                       1
        305.828708980665        50.9792257087363        85.4088021427769                       1
        265.360188032559       -16.8135397527722        18.0755504853634                       1
        282.609755679733        46.8779238271027          109.2182984716                       1
        267.704071130098        75.9013026715838        138.033443801969                       1
        336.510182764429        105.905258725317        159.195534331458                       1
        183.506268742105        28.0314600404654         170.59059534115                       1
        231.733761191345        20.6008565659122         141.51876030177                       1
        128.924715645091        62.6585489694025        51.6735631627195                       1
         4.5552276481087         84.782517728516       -3.29011183742396                       1
        152.672462928217        19.3319657638592        129.789754022862                       1
        231.591712736798         95.180493048409        57.0832834124984                       1
        83.2081792053118        78.4970799485407        18.8013778026725                       1
        49.6725261031942        81.9562303158667        64.5617060936115                       1
        67.4548654775068       -0.77785059801008        173.655067064096                       1
        120.190191150536        4.19571308955727        158.957548629891                       1
        29.6605700913111       -1.66441925437976        115.262110048664                       1
        59.4488388046604        63.1721874237929        118.819627408565                       1
         43.788847872103         39.274006098157        171.438571758423                       1
        253.488084001423       -3.12228986033997         40.231959325472                       1
        155.023972690527         75.929274621395        8.71590571497544                       1
        22.8420056746783        48.8332524001057        15.2708463567003                       1
        129.464767349121        48.8899005635315        77.0878572721249                       1
        86.8954970315426        49.5645010618404        63.7204295316275                       1
        4.25230199131631        69.1316652102555        5.95081459508403                       1
        357.070052075068        49.3221379725417         47.716124440331                       1
        292.147066266879        112.852065815849        124.223165888904                       1
        133.194527427394        99.4051345066948        86.1581513971292                       1
        140.851545500801        20.3731025559608        29.2435322138601                       1
        214.171039021416        66.8505807360288        159.433671519467                       1
        13.9220008292843        76.2181059990186        55.7373209397791                       1
        279.983026021555        58.4422128594545        67.1296221552957                       1
        256.459634871159        21.9503837836811        66.3783817685241                       1
        319.048292913668        90.3525233629788        184.204294167542                       1
        96.5383065447166         83.043450698018        46.0371625006857                       1
        174.289897239547        83.8250352809127        23.9647795740322                       1
        213.357047790353        74.0661815939456        106.281709494722                       1
        270.831285047389        111.045436581799        193.559052908385                       1
        37.2723662479815       -2.25083670505885        127.545318047382                       1
        224.207046800848        64.2511805839307        33.0469639582327                       1
         337.73780288123        45.5653988323076        96.2361262216728                       1
        52.6071979246129        26.8179395218387        193.560081052659                       1
        257.178459410111        82.5155823912144        152.744444133295                       1
        315.561216050716        66.5819821190284        37.8518362409178                       1
        325.661668852403        56.6892678852762        62.5359512011528                       1
         99.801265354366        3.66759142452013        87.7165527565865                       1
        64.8793383765154        82.7681212949973        23.2058222103042                       1
        300.328889053149         23.102342875659         95.550717977435                       1
        37.3196069094614        23.2874413875601        70.7895522467389                       1
        332.530251232921        86.0786678957488        146.435984196484                       1
        328.520475233551        65.1421936378554        85.1690338787611                       1
        113.548804732965        31.3175376841978        115.496301538287                       1
