TEXTURE AT STRAIN


B  800
        279.932339367943        74.7546339608868        52.2483789217475                       1
        29.6341092578025         60.307091984265        52.3022705673322                       1
        111.717245546897        70.9546808312945        96.8604194355712                       1
        307.451281038742        23.5664005379236        95.0467798662452                       1
        134.745773422616        59.0265799947078        17.0623129339508                       1
        61.9867980071791        76.8035903766185        101.081621408668                       1
        359.876162651136        58.3248644253852        158.110620722456                       1
        210.550059699933        22.8830854910754        161.144860160841                       1
        27.2971209281166        50.7150878757232        140.046200416753                       1
         182.77332626974        95.3058300439167        103.343616832697                       1
        240.309928671133         52.798731313886         154.06607792934                       1
        152.929318011516         19.117718561999        54.7022308164788                       1
        8.80410402468423        52.5848928634694        43.8235514359825                       1
        217.431114705069        36.2607788580996        -1.2569937425297                       1
        270.027209505272        65.9036320245161        132.908675003782                       1
         327.45382180205        32.8884603989663        157.578106465578                       1
        191.856326651494        22.4509208811324         35.534915697706                       1
        171.520274548063        65.4751718890119        69.2153242117544                       1
        41.6052778521351       -12.6064686836574        91.9846211585627                       1
        357.473588912747        41.0250084020073        139.787237553538                       1
        112.517953021183        57.7815323294915        130.752444683177                       1
        308.983457908312        80.3753124337453        12.6497121806107                       1
         253.66087966638        80.1941464384435        129.057546475939                       1
       -9.78551319747924        65.4999822107757        57.2830811334902                       1
        192.772218058055        23.7259533063431        118.992466916042                       1
        209.694999837382        69.8749617150575        36.5531766405781                       1
       -11.9936453634361        64.9146298964022        57.3546269840732                       1
        324.725274450065         82.822962043333        102.196322968635                       1
        314.861797307207         58.283191283212        23.8149096258625                       1
        137.849773328861        62.0397504748781        183.430008520977                       1
        113.266159491136        85.6232149768024         87.115288293762                       1
        340.834737025065        94.1833860436049        113.004324048674                       1
        173.880401240276        74.8895303225784        119.374166106371                       1
        83.5572293631823         54.766455908648        159.050442393726                       1
        272.038662953936        10.0838350808233        108.082314820291                       1
        105.860976057528        95.4692512647731        34.1039533370871                       1
        145.143893795156        62.2391480816826        2.63599287150486                       1
        160.834430193206        85.2377722395266        114.046343752188                       1
        139.870930574471        89.9053883676827        151.126313113724                       1
        333.119640238785        48.6019064494717        165.829537445943                       1
        185.775767427301        78.0276825329054        72.4015329577636                       1
        85.4016887240234        83.3687950064955        151.709153152715                       1
        78.8591375633878        59.2574572553324        111.656495412142                       1
        169.599219522559        59.5753910488049        143.481289941394                       1
        318.109412590658        58.4231629516468        176.332339183446                       1
        144.806289525652        65.1022768049146         19.044768400141                       1
       -5.94117920715307        53.3207602965259         13.496770950598                       1
        120.315542334189         64.362009602121        28.2582191666807                       1
        345.864863661087        41.5406221508271        72.8630113379179                       1
         79.131862889676        30.3797048159728        43.9321806998892                       1
        31.5494010652474        20.8648558314519        128.376555108187                       1
        56.5845310253501        87.3184368742515        86.2919593299607                       1
        211.897671212622        90.0951069764679        23.4336268688408                       1
        88.3707675262304        42.6473132829825        119.758296914479                       1
        178.205191060361        50.9059836247363        33.2756698481773                       1
        161.434747672816        72.1508104457799        174.424717780036                       1
        278.192005250676          74.69040576525        134.890152202116                       1
        180.685083305094        53.1811146424747        128.021673535444                       1
        77.7511614943652         66.326479584012         27.157409079152                       1
        2.48748082744925        79.4594320797539        61.5520583000356                       1
        99.4315420312493        88.5252423053048        99.9654221367607                       1
        354.695952691433        68.3795528255312        73.4898570737353                       1
        123.896924412287         42.759595805112        88.9598247029171                       1
        111.928099693623        26.2523753771216        39.8626802667756                       1
        258.689317694415        96.4956481479408        168.756525353384                       1
        146.122676631802        23.9871330856562        160.883431267898                       1
          321.8058328758        77.1637207079828        40.0430776565072                       1
        65.1988433674719        42.6194864018644        90.6347573855223                       1
        304.906390648228        96.6075240276681        55.7670834356907                       1
        33.5669251385071        33.3062301350029        138.862086984317                       1
        219.856689078978        75.1389570766098        144.609645657629                       1
         248.04796201857        59.5745662665043        59.2116673315132                       1
        61.5454771980674       -11.0744780257485        87.2391883323653                       1
        324.210446141854        74.8866623796767      -0.192011899353358                       1
        180.521048922051        17.1111513888712        29.4813666297388                       1
        280.707640109468        55.7012562749613        129.375793688852                       1
        319.481559027251        50.9056753126249        88.0495721107919                       1
        56.5790540304476        66.0025975939418         153.30491141061                       1
        248.514245987981        96.3488950153781        115.624811279208                       1
        310.597461479346        83.5129165196373        60.8129613542527                       1
        158.498604638397        77.7433221510185        141.613321608755                       1
        110.417196232072        66.9722737336271        34.7136316869256                       1
        243.455152416037          28.24258528087        96.4904379548439                       1
        298.869178742312        48.5806200597571        100.691910496291                       1
        270.732328487651        94.5444429609621        143.450026605439                       1
         351.38007515187        70.0026525561486        12.3402888640817                       1
        316.839303506486         61.240098256152        81.4559611893199                       1
        301.346850457267        69.1130440361339        85.4532318139399                       1
        270.992570381147        99.2791201670676        155.373095849255                       1
         232.44973295132        58.1832166545624        86.0332780544998                       1
        92.9791217709582        51.6484113403965        46.2244592048401                       1
        138.375316960403        87.8156546994788        44.2227814871136                       1
        116.198045425993        69.4771977037011        58.1306790181008                       1
        296.954876882415        70.2111590002778        120.745721324285                       1
        294.096472619341        22.1805600920717         102.81728464177                       1
        102.994964249153        66.0926593326433        10.2889217300083                       1
        320.891653732261        85.2493214648216        65.3764809677852                       1
        29.5486324794802        101.180800420044        13.6587985337212                       1
        256.413138659008        24.3656098134076        144.864850224525                       1
        164.009581095372        51.4321841059857        151.517826819604                       1
        237.788148031584         28.506097225753       -10.4566546775316                       1
        14.7985797456803        28.9075162239939        174.990119785547                       1
        63.9843210924569        67.6647593022453        105.858782718139                       1
        108.403906187326        71.8758957917592        138.728138975002                       1
        139.711105791331        66.0246930708369        27.7565147739216                       1
         312.94323883416        80.5959406334191        20.8389741292197                       1
        206.635779114288        109.158726172569        52.4754429880603                       1
        180.356409854786        59.3725672724847        124.305525554847                       1
        300.809977906727        48.7007811518908        130.366637555626                       1
        198.191707958998        81.1365670135691        34.6799653467386                       1
        72.7626284295052        69.5621061902121        162.663294437318                       1
        241.469123862335        71.0534058075301        139.287813385419                       1
        197.164211726431        -8.3009596512073        111.160986968329                       1
        207.414907492919        45.0368533467789        126.002341080027                       1
        285.376670881354        73.0971070964059        125.726707682092                       1
        193.429166669671        65.7410079444089        52.5102141837137                       1
        16.2155135490418        51.8785090389108        90.5776430699341                       1
        113.078296289411          67.03643202001        86.1861368145668                       1
        357.141206879172        87.4897848337579        12.8120371829567                       1
          61.31438555332        76.7693604171682        88.9783154797471                       1
        243.161563515331        47.8696203389746        85.2938723903548                       1
        130.050049201188        61.6749057327085        113.622676510146                       1
        270.218791681105        45.2375049986311        47.0550830729517                       1
        268.605871308287          79.34975064252        173.734204125473                       1
        65.5166253918576        52.0687345697149        36.4200483670971                       1
        307.884031050587        43.1389364153163        122.849250550222                       1
        89.7690553764275        70.0043003472086        25.6972998858299                       1
        325.411231073971         74.518540957403        107.622368583341                       1
        315.056363774478        70.6763724538902          51.23107800986                       1
        116.145371847297        90.0759685644086        63.4236928176699                       1
        212.988007190578        69.4369806464416        44.6222742807936                       1
        220.887701078749        78.5588501986789       -14.5544075903346                       1
        156.957267846364        74.2711656916737        4.14223300200904                       1
        44.7482443286111        59.6138199591522        88.6702534775759                       1
       0.713231803391238        76.8322765454427        42.1348864568037                       1
        148.473805235865        60.5865147096068        81.1198036667336                       1
        79.6219992009845         20.151748240592        62.2175005437457                       1
        89.9416342293693        73.6558348058249        112.054742789757                       1
        88.4730919678981        68.4090715757402        141.798372665183                       1
        330.760360749537        46.1473697756689        46.2224493821644                       1
         240.94271942228        48.2689207064817        86.3570642858934                       1
        99.3098914000081        82.6203277963248        25.8474209210063                       1
        76.6739828647556        56.7242043134518        149.453779397775                       1
         161.98685296673        66.2960379671636        150.092610188721                       1
        99.8423888568398        83.1934813207443        25.1745164501774                       1
         97.059835367034        63.6547998630272        131.924810875336                       1
        259.549508674588        61.1862707467959        70.4450604242981                       1
        39.5378536413208         92.714227280694        91.3331239815567                       1
         17.481476560037        45.8522722727092       -10.1767563046899                       1
        267.358291115888        87.2360744204923        182.171535944844                       1
          150.2154342759        92.6770554940347         195.37026171904                       1
        229.177294380107        65.2554158233568        157.869132821781                       1
        288.336741490714        56.9597190942699         109.16003177829                       1
        246.460549949413        65.2874496000185        75.6773823021102                       1
        107.431402883986        46.1264866824601        24.2509334033349                       1
        106.991110399055        56.0902664600078        106.166919338964                       1
        200.971768200857        89.4914548739706        122.094155716748                       1
        162.828211808426        76.0493523768556        180.322839212179                       1
        295.477148848364        77.1203476430118        18.4231817175595                       1
        292.308745638291        36.3502827308983        107.146525401053                       1
        160.898831203027        79.7093443955587        123.767656285433                       1
        236.731457850447         83.399172847083        158.732179431715                       1
        153.288142625328        99.2946480015822        28.6348532680521                       1
        331.150210668815        88.1659588908828        65.1589893494736                       1
        313.262144863481        59.8494192967803        71.1415333358521                       1
        179.165121660196        78.2942973994396        104.514445793161                       1
        34.1468719499656        80.5721896790072        79.4960595139614                       1
        185.686815298123        32.8489310565412        29.2274986228168                       1
        167.948732338811        39.3983861138449        54.5152509681829                       1
        151.145645781002        17.3664065008341        173.168596381404                       1
         106.28938879286          62.34730991496         170.16470501442                       1
        194.959949312892        39.2033527165947        111.090165349841                       1
         336.07491643442        74.9320999316179        54.2583091875312                       1
        91.9686100577047        74.3128177419752        153.242495441842                       1
        280.719074365652        94.1033882431911        47.4094569794952                       1
        253.415995823741        74.7811321744583        67.8355032536388                       1
        48.1910889689787        38.2082894463676       -5.94549779505209                       1
        212.307940866626        71.8059611160711        150.018980090976                       1
        47.1513387574989        67.3155877005406        120.952996861658                       1
        127.026884887823        82.3118628316515         157.59565299462                       1
        20.3395916984409        51.5428019613392        6.75289449100468                       1
        279.783423545544         100.32646582246        71.5501827177842                       1
         123.92104579425        76.2250897211903         103.45641514793                       1
        128.136927412584        59.0866553200713        67.0124772905255                       1
        98.2279878356464        65.8145333384429        50.2036946574648                       1
        150.110610313668        69.4325099622758        15.9816649043091                       1
        334.158202303827        74.0437429183219        193.558916431368                       1
        173.988611701368        84.3705851932933        167.189744702778                       1
        119.138003113083        76.9194157631285        50.7629879186075                       1
        347.513672746785        56.7381732854251        180.309201815223                       1
        342.729818342696        81.2024417922384         92.850865235918                       1
        109.180051580003        99.2514953934832        69.4097477542347                       1
        167.121755851583        82.2657430882376        19.5738830408653                       1
        110.895135864371         42.824570792967        38.0908927725861                       1
        287.723130530475         95.924113708426        88.2924905014546                       1
        111.573712875024        52.0067336796866        68.6445541812981                       1
        115.881930553676        14.1174471611357        44.8950304206552                       1
        155.606117309101        37.8653300855421         170.31457266078                       1
         75.425787164842        68.4277288494751        82.3215761844769                       1
        238.365180568409        67.2095038941599        83.0883515026984                       1
        32.5453368667074        80.8849573713551        60.5306050191343                       1
        128.658551572165         73.211054249832        110.164612046582                       1
        201.570958939618        89.6780025790321         89.941916566853                       1
        332.383973384755        90.2072482461991        182.309632532667                       1
        121.056227092896        7.17218277746996        94.1621941682215                       1
        106.636746123765        30.0507454374089        20.0069960968109                       1
        155.412475823995        55.7864124360642        63.7581451318204                       1
        113.248128645345        81.1548078556454         112.52136549216                       1
        326.688171425169        46.9884745660331        70.4475628754932                       1
        101.041919453064        75.4131151002236        178.333987913377                       1
        199.699153147883        76.1667766656105        106.783965566692                       1
        23.7502207554988        91.3815558185496        162.014815172897                       1
        67.0023531942926        85.7687094147558        17.9396131283951                       1
        313.079263700453         61.702018915577        133.460298317976                       1
        193.973932891577        86.5716813187896        104.173986869011                       1
        12.5560465907956        73.8535932476402        71.4970621255888                       1
        292.091678466519        95.3098306582846        57.6826366716756                       1
        36.5603332981432        69.1053233758697        102.711792623148                       1
        122.748689251922        87.3507707347405        145.979750005922                       1
        252.991985550882        76.1280256699094        112.847292437897                       1
        27.8772100999425        72.9349035938034        153.411435221373                       1
         335.97903631051        82.4594994817221        186.184812783732                       1
        335.315273713605        69.2378937056206        6.79817746763149                       1
        155.428191553057        80.1651436716701        140.441379823625                       1
        85.5351200046083        61.1720624984603        122.789875943758                       1
        243.448197850989        45.5610305688432        153.267954513069                       1
        247.503669103412        87.8882368160012        133.022799149083                       1
        224.565109257825        70.6509572169243         -2.468391892284                       1
        143.855899555563        43.5880484888109         143.78575693474                       1
        302.421300612035        45.3508775702412        -1.8443828646017                       1
        149.420237708374        63.4929766686749        158.958763834769                       1
        351.286335724818        63.6712393438049         114.45162607265                       1
       -9.83712236463304        72.4376020566814        4.54687862867014                       1
        189.828164593719        18.6562252125872        140.885815894971                       1
        71.5847156765733        21.6317534703909        55.8149131637317                       1
        290.980674182213        17.7641271213812       -27.2296292661862                       1
       -9.28251835028573        86.6951627828577        44.5815262617229                       1
        157.182224569216        19.4417925905225         74.117611319188                       1
        174.582316140424        76.2267976237036        32.8575368495154                       1
        8.02821983154661        57.9231312395973        55.2695695446271                       1
        113.598772626767        77.3270778212383     -0.0681110837414638                       1
        303.111424703984        61.9191203585629        14.6982030511792                       1
        283.940904760154        112.213182713724        164.664618631558                       1
        167.587815448995        73.1133626841881         132.83947297275                       1
        59.0564736281978        50.4494310082055        108.541270496513                       1
        19.5626039588891        77.0389835594512       -23.9812896234032                       1
        113.333741659913        36.9092777944936        113.525657229521                       1
        60.7567326353008        31.5039859938868        90.6070748774391                       1
        224.461702318005        37.6025770663123        163.526863508617                       1
        315.042543197407        38.6310224408445        85.0727109290782                       1
        22.9916497600541        16.4384685294238        152.840755893348                       1
        353.386073248925        74.0651567536082        51.8608308078324                       1
        93.4542066729213        72.4927109558272        121.297592225951                       1
        129.168843236772        55.7389699191346        29.9032897033311                       1
        218.167184074544        30.1461528194866        166.111589453051                       1
        212.075442934904        48.2104509814151        160.597497035334                       1
       -15.7352504967832        57.0119714613294        32.8862050771689                       1
        114.485750228649        56.6523673597869        86.5234668581634                       1
         364.96687606443        44.6654019848516        36.6461577480445                       1
        85.8010951048629        18.3878014915844        23.5098977379453                       1
        79.1191477512132        71.6923381838339        43.2241789544483                       1
        111.551866004105        73.1297616130616        106.715791848718                       1
        14.2529235613086        60.8262936948936        173.414408223835                       1
        103.848160658206        84.7385757907008        116.232458862999                       1
        76.1329124316288        86.6150880725873        37.4234312010899                       1
        176.429533384671        83.7750585017901        136.596336043056                       1
          45.31909286036        30.2268380932648        81.9037733278171                       1
        335.885317367436        59.6543148526358        80.7554829518121                       1
        118.978015413785        53.6422576722478        22.6870701454184                       1
        303.613038003705        65.2409004711371        38.7933856043794                       1
        326.362058272054        59.9991432000081        59.1113876386822                       1
        144.279560389768        84.6584263470509        125.616626468798                       1
        228.084962660157        69.9068108267142        158.935106461113                       1
        337.552982845116        64.7852144759239        109.158410557912                       1
         152.70913908235        66.0060522815089        167.936034804436                       1
        355.823825624355        76.5560247761381        173.590123948267                       1
        188.801329840307        41.8147133790551        8.25584388859943                       1
        118.667428931311        65.6767882874924        15.3699931352358                       1
        288.252366940547        57.5499419478118        124.509933423423                       1
        45.2585476501748            40.314805734        119.721515998815                       1
        8.75318951753953        76.8760372043551        57.6292848429814                       1
        321.704613850896        71.4159752287092        15.7349883849345                       1
         180.40024797353         13.615822692008        114.109362868892                       1
        379.706745562984        27.5901405925814        135.544876761972                       1
        154.629454663842        48.5708840911633        189.046767842682                       1
        67.8235418610166        28.3668136601073        145.819664284971                       1
        21.3215194432035        18.8453590422865        38.4820560514696                       1
        329.991088382062        77.4315053998483        77.7707490950551                       1
        227.823071556424        103.204419915104        35.3024418782277                       1
        295.135133580776        90.7722713086596        80.9739582084185                       1
        261.789184017978        83.8710414228622        150.190673517774                       1
        70.7325440942853        55.8579810890084        114.150335430211                       1
        118.882069654752        79.2616634870714        74.0092296238951                       1
        337.254544796061        64.4558111007853        16.7930279098837                       1
        142.409940313762        83.2518119046482         105.86760947846                       1
          299.5834713513        69.1949313984143         68.794451989423                       1
        85.5508501402885        71.8937565920461         101.77176560422                       1
         285.67641734889        84.5391536285881        65.8053986540141                       1
        176.998271820051        88.1980592807026        5.24516581496533                       1
        75.3466830975275        10.3544051231307         79.821018325399                       1
        295.851250008471        76.7393810109675        87.2148682397541                       1
        348.370141101932        83.4392770371406        66.8572177253874                       1
        76.0979306853814        70.9794549355707        120.972349648495                       1
        275.239824487142        94.7666225043533        39.4365745933057                       1
         249.55685043232        76.4864551801689        93.9798495487608                       1
        64.1808204433482        39.3606020946391        83.0694875849563                       1
        265.559502414925        57.5686939845745        117.303047686546                       1
        5.00120232783725        85.2655755456636        150.995862652497                       1
        338.074320833004        59.3274325662192         47.621000243556                       1
        277.932772282996        111.636344222755        156.845057903875                       1
         189.08031870349        59.9009437773342        132.999844548968                       1
        253.166842191274        60.5843790048872        145.416436510677                       1
          254.1997079239        71.9467980802394        155.317545332362                       1
        225.596634342725        90.2675608362391        113.865278030398                       1
        137.607298527226        24.6390474436074        159.594275122537                       1
        138.417098235269        27.5666748499716        190.026004247822                       1
        46.6829133771199        19.8858238750536        67.2582244082852                       1
        141.034349455382        100.823378296759        173.258229818376                       1
        259.246311666385        94.8098058104702        8.66397569103093                       1
        274.913675496657        19.5754765847066        68.6145255025436                       1
        142.128360722913        41.0281720443636       -3.32316258400742                       1
        323.520366049009        97.8600917491995        17.5662702445091                       1
        248.273561578475        67.4721530002603        90.3573543007688                       1
        258.804940510854        31.3976819371301        63.5286591525848                       1
        203.548506834995        61.3959151725184        150.818364237229                       1
        184.863736335954        61.9534446807758        110.839491843006                       1
        234.222310300694        71.1028864831799        145.353819102191                       1
        117.536715419253        62.4467188633687        115.986551793527                       1
        66.6908674446349        35.4189085903912        155.441868774799                       1
        55.0731081518964        80.0198345387117        76.0192817776101                       1
        221.235794315625        71.5720752044102        82.8214760743893                       1
         21.654559546111        66.6854962226924        112.231894699327                       1
        219.679774444265        -4.4786117292492        61.8077406750122                       1
        216.151742025864         62.690769470669         161.78787807271                       1
        102.773625136419        70.2512269902325        124.601040237928                       1
        304.191505676286         62.599246385457        109.810120563393                       1
       -7.40169041764151        94.8947238600007        144.902493586728                       1
        173.394314069103        59.4513065120136       -8.07154027691288                       1
        185.696703488756         32.791142982069         134.14502685809                       1
        349.242991947908        62.3393111110458       0.329867697606648                       1
        183.972815618973        26.7700897493758        15.4557996864829                       1
        179.813004784518        78.4301625186869        131.053504151469                       1
        205.209651922173        82.1938446926019        137.373020772676                       1
        280.893899938457        85.0449925700854        132.673484955947                       1
        108.807000473802        48.1525629798575        80.5285837241253                       1
        10.9306482114513        36.0015746231723        157.836514566898                       1
        72.0012478550517        30.1082187031692        136.918808262812                       1
        84.4917723017203        88.6818554972335        20.4875960259633                       1
        135.465608698827        92.0823823225269        130.708559231153                       1
        92.6134849357435        52.0323462510167        24.9707802496839                       1
        83.7649953953819        75.3437492860507        146.899687395287                       1
        139.206838819881        98.3752511661917        149.302370502432                       1
        95.8465768356966        51.4025716537526        139.051457929209                       1
        168.679353610516        34.1777795111045        196.626957468577                       1
        -7.2653122665209         42.446028529399        15.1732820652649                       1
        329.447668643954        1.42746815432288         39.626280613992                       1
        159.620794645109        73.9816564501904         161.05728529021                       1
        166.509629535807        91.5779952171814        125.827403005895                       1
        112.490937823921        79.3823054793063        159.390732635437                       1
        193.399719412098        61.5470519479768        188.388662540291                       1
        24.2531748253782        47.1107608348053        116.868906164644                       1
        104.485279996358         67.504005399131        96.4931755883521                       1
        286.883489144051         96.581284982591        148.856051231302                       1
        33.1230857531917        38.7752286704668        115.992895385297                       1
        275.198664793679        84.0152832503535        13.5965314383556                       1
        325.507156593634         70.424021222634        44.7650082910718                       1
        6.05698587672606        62.7395253877553        35.9389790157513                       1
        106.812756288163        82.0233649841339        81.5112970320928                       1
        317.355979557171        87.6696283083024        189.664888820872                       1
        264.479177245398        6.65652980928614        142.902391558456                       1
        302.216216847039        90.4228670628144        88.3517442562103                       1
        206.894258669678         29.406618831145        28.3200793688233                       1
        166.175884551826        21.7006033744282        61.5317071864798                       1
        371.457132069099        50.9584667700598        171.987753945233                       1
         311.69638342606        104.088813282814        105.017631689744                       1
        123.227094802703        75.5132030632847        23.0521666366012                       1
        262.858241241153        83.9181861039875        137.231561875839                       1
        164.041428867632        51.3181384947135         54.687165884416                       1
        90.5235199624243        94.9092500727674         152.65947369285                       1
        39.5671278037277        43.0061885224177        163.733808630905                       1
        138.041918774393        66.1652099541498        33.1167014916952                       1
        229.898734747737        57.9895434505639       -4.02117287197748                       1
        251.993521343282        46.2079743970297        79.7534061954391                       1
        77.0051612860982        69.4909161910414        69.5260467908624                       1
        153.826892320894        93.7074181844711        164.460606103765                       1
        269.483503760369        92.3460250123565        178.539540683512                       1
        242.444900466034        78.2202139480462        152.860266890061                       1
        274.108954071377        44.2969796352966        105.486320496242                       1
         256.63610707067         96.625597801449         127.48499852407                       1
        231.007784425509        52.8419776217513        144.841517681015                       1
        223.911866011365        12.1887066128857        97.4314241712613                       1
         120.88914200095        100.506045684396        120.541069042895                       1
       -13.2960894584088        81.2829860735814        34.4341870673413                       1
         342.50879036408        82.3658900302783        4.26853520945497                       1
        77.3357760860158        91.5159625448864        28.1065582646874                       1
        256.767035535705        50.5434685820945        151.379273948979                       1
         252.31791764275        86.9137103954966        73.9018420965355                       1
        160.043752982841         51.355285682098        166.656782307831                       1
         17.503554016376        34.0978275555088        116.557613188212                       1
        57.7960738090632        60.9654751114637         159.31853395703                       1
        84.3013918339943         72.331997973481        91.5867024753929                       1
         339.66328383273        69.8276139720321        60.6676228697521                       1
        265.083394171346        75.3540704484451        150.285929840086                       1
        183.478024425688        77.3934073482094        115.951301850696                       1
        42.2322539740415        93.8142919961012        28.7703081575078                       1
        58.8770244425095        45.9461940336081        150.991389624918                       1
        167.546928209215        63.6264412985539        37.7066293199272                       1
        264.378838201633        34.8576720328328        79.3959286667558                       1
        340.391842590422        57.4104983200397         27.942532204694                       1
        120.062465103822        77.7591966286277        174.785750572725                       1
         238.10847754196        70.4131439088372        85.1611492908938                       1
        275.071505088749        107.646070780352        136.771282193952                       1
        268.611675889555        69.5899767459763        111.341733388086                       1
        361.691519289617        11.9066190090955        14.5962066034649                       1
        183.016632150027        50.0682293008857        153.911130393533                       1
        15.4846697256888        64.8315478665662        162.682991038756                       1
       -8.37480840073961        85.8677054063924        159.647341359109                       1
        137.499545088528        84.2519872258743        31.1038359060758                       1
         153.24345711695        35.9819121324151         39.092656258625                       1
        353.372543394242         43.196721717005        191.263594565585                       1
        136.838914173541        34.6337402327703        73.8463989450668                       1
        70.9590686874301        52.9138838936907        44.2804437248008                       1
        239.758318358113        73.9573991675341        68.5903560533118                       1
         172.72808235737        30.0010466077647        121.161264707057                       1
        96.2848244146625        65.4484479384145        33.9967142518611                       1
        92.4382319115886        59.5964219193898        141.113252584304                       1
        234.831611118018        68.2148033802136        85.0778119156999                       1
        202.373262093056        36.5722000017999        16.3728705843877                       1
        111.132388233842        71.4736125993301        17.4640036843177                       1
        107.219582028479        95.9540997767107        139.310901720102                       1
        339.863712601595        79.3831329138867        56.0422479699471                       1
        99.8530444100055        59.7565933818373        116.148857547695                       1
         217.92039763369        46.2070545909595        87.2805904171408                       1
        311.064664621348        26.0040940890093        75.0241092102412                       1
        320.135434608245        69.5389161103842        94.6784448523927                       1
        36.2157840843288        100.033456172823        140.615826374876                       1
        254.132501963181        64.9791520638493        132.956471322203                       1
        108.906491656251        66.1814964332511        48.5368096488402                       1
        87.6831022693637         42.506063617949        134.578529470255                       1
        65.9340856003409        26.6744925089564        102.136338633485                       1
        334.299747364636        79.0643709431559        131.744496801972                       1
        234.878124376391        46.5028181749293        76.6134837101758                       1
        203.949135861705        55.8274851833743        166.485118440212                       1
        109.141800810355        31.7371080983698         103.61305081723                       1
        170.319106609326        67.2694720809288        49.0943654853039                       1
        142.549366750352        82.1125902703721        65.1402425298232                       1
        302.018453970254        78.4371343560264        107.961783401708                       1
        51.7180096384713       -13.4631583221981        187.223093190802                       1
        136.035918319333        47.0466074901867        21.9508810040932                       1
        86.0780638686196        26.1642134433472        137.959999358616                       1
        155.860911102926        81.3556103533092        3.35327710567476                       1
       -23.0452208699481        48.8554090036084        135.442119714951                       1
        146.145689045865        77.5177493535562        174.770697802639                       1
        81.6512439619497        85.2610231327835         52.178751610967                       1
        247.320483754196        80.7158709580431        167.191535985513                       1
        77.3058990697924        66.3907711306015         47.267549803595                       1
         136.70294950063        85.4473403309526        109.939525166161                       1
        42.1278210317939         42.123883274575        57.9088028202198                       1
        306.789288364186        106.015486793165        55.1732951239474                       1
        44.1395087194588        47.8628420642213        81.1834831912722                       1
        105.613786068416        87.9253288633539        104.554596076524                       1
         324.95312476669        42.5597199198963        86.8326360981953                       1
        178.615000613275        38.3478078922919        52.8476136789686                       1
         139.48389223338        74.7985304798532        81.8987191948485                       1
        221.362998563597        11.0532721791737       -10.8727260870595                       1
        319.469846336949       -0.95144354063651        166.914575977592                       1
        295.663658710602        68.2348630762099         129.61457647006                       1
        280.241443174928        65.5363212877716        143.045769850132                       1
         25.044203793494        29.9730167928641        107.712579244292                       1
         260.87251419171        99.2130945060436        99.5628933261884                       1
         212.97706326445        24.2484351029304        111.740788366434                       1
        74.0519873824042        49.6349771751171        163.316821344955                       1
        132.501375892463        56.9312067785317         94.892945102467                       1
        244.729800723993        59.5792234123179        120.779718227122                       1
        305.293064402797        67.2372797053104        90.9357258452131                       1
        327.849103709008        58.5395126564115        10.3850436983663                       1
         98.580608499658        77.8363379419791        131.384604582814                       1
        321.576107791006        57.4431182122967        80.3757073347546                       1
        28.1581273278212        58.7957293387539        94.0914695577979                       1
        35.9486712623274        58.3244686782524        139.560990675833                       1
        78.4052815360787        37.9653576373533        39.6258795967452                       1
        164.480706797135        73.5561352994379        10.9981501704835                       1
        179.759639365907        107.055590742866        12.6727458602349                       1
        343.392209088445        87.9944685551193        175.241878696014                       1
        235.223764164879        24.2141638378472       -17.0293733894618                       1
        112.878835240107        57.2083078817726        19.5519810574871                       1
        317.178364464764        69.0921137959378        6.26890500532156                       1
        49.9739443594235        29.5280879761766        74.9157811912742                       1
        98.4708049168644        61.9560552839409        36.4842797422494                       1
        96.7282173311146         88.662481449811         170.13676592965                       1
        87.7282365336999        78.8629799436329        123.182004435134                       1
         33.636983190216        35.7439335197317         170.75340544667                       1
        57.3460794873317        43.9815856300865        130.664518985247                       1
        351.627742937709         83.168886911729        73.8010284309633                       1
        49.1073516389046        40.0759102706298        138.492724514599                       1
        229.971751843036        35.4791372870728        174.550496863453                       1
        335.694013263274        68.0156578370724         17.969913413649                       1
        233.562146574599        38.6598364621482        10.1042985993247                       1
        148.736300935851        53.4772295846597        32.9315932911781                       1
        323.525341562284         77.724362407312        -7.7845499888796                       1
        224.987206688176        56.0453616032174        65.8574879157327                       1
        344.665432982523        78.8197734133494        182.546914708826                       1
        225.033621068022        30.3491445085639        71.0690145004021                       1
        263.651738675089        100.049941887199        14.4293412801092                       1
        185.624633666237        78.0809611585616         16.149014163312                       1
         229.99687307696        49.7182141949695        92.1627649517688                       1
        157.362378900022        58.2659392140187       -2.60430690073368                       1
        306.370332351626         55.721387591513        107.998695291477                       1
        269.013413485513        84.5490624819421        124.548956610747                       1
         306.16151173087        82.6104205094094        94.9122537048792                       1
        204.976285226965         41.256205971572        178.009253179595                       1
        266.363797207386        86.6114820752082        133.318557453758                       1
          289.5094486853         35.188009513347        135.194638791019                       1
         126.92985945591        72.1314998905715        10.7076628481838                       1
        309.777418193535        81.0857154481622        77.7789015896174                       1
        215.029518082708        37.5205219102922        167.634296948515                       1
        123.774311614025        49.4995339524821        114.621229939412                       1
        338.753447641977        82.3547438789884        20.8851432971951                       1
        324.980837020579        98.6194704594972        199.427032071444                       1
        257.343078662036        97.3788981543315        18.9709173123834                       1
        39.0064108562455        98.7393394588775       -8.85368194864225                       1
        144.372327174921        25.6944476792501        73.9031650949629                       1
        141.729833344392        47.1525405439442        54.3322121318438                       1
        345.726499650565        11.4090784847442        152.560771895194                       1
        190.555444616681        80.9886292881635        17.3762849271274                       1
        92.4493729374517        14.8186639886783        117.079201170253                       1
        331.075277076502        67.8928721764056        177.844925805021                       1
        102.381214123746        3.14100503459878        107.040816589535                       1
        251.465355124871        48.5998539011932        65.1673063606773                       1
         173.31581755214        20.2619949948899        150.833134572529                       1
        238.273675806128        82.8194423171343        93.7632979838723                       1
        87.8285545855476        82.5380651841633        125.815879594317                       1
        6.32209133914855        18.8136096657995        83.8356614885057                       1
        203.751846283703        92.8439381409147        33.7409533710235                       1
        137.049297511124        69.9522971202455        97.3837110033089                       1
         241.61191250477        89.7630330436073        142.886209005846                       1
        137.219420355257        56.4338040042923        44.4354947034998                       1
         61.590246216217        79.4432451602684        138.541554332447                       1
        113.617855611597        63.9915741974812        5.94258440683333                       1
        317.431530180694        58.4671241393259       -3.43687372064036                       1
        52.9448479353712        20.9659462864827        83.3559559366701                       1
        355.252681767171        65.9721949559195        78.8516903434978                       1
        311.894787418487         81.752257380586        97.6240715768884                       1
        224.793311503435        36.5301072502188        95.7576093277374                       1
        122.426248452761        70.1150249258402         102.08478403064                       1
        118.374715098483        56.3400138932893        57.3987673539478                       1
        219.881004900524        71.9054993891318       -2.44979751569013                       1
        28.4051124467942        39.8161236041604         162.57362151803                       1
        112.992393068339        71.1199717855855        146.971136491152                       1
        168.043511418722        85.9770700929329         186.09109306686                       1
         280.54966783994        74.9549392877306        70.3697033662669                       1
        338.058602586039        83.8212092711766        48.7934182698258                       1
        73.8286614619881        79.5771238986258        31.6722471610584                       1
         208.92786879444        70.4469677757246        113.024006132249                       1
        155.483918504381        72.9653089093149        38.4479405616683                       1
        83.9649763214832        47.1832884603063         62.690732668047                       1
        335.922991472812        94.3739985349345        178.141886611115                       1
        332.400923421054        78.6757469811801        73.7820990229156                       1
        95.3726327209685        43.1566869005445        124.394863051572                       1
        96.0152266795798        53.6214209501879        156.954380314017                       1
         206.67121445499        52.0566463868772        7.35834951054083                       1
        304.318243539925        87.1556972218086        79.3774910049806                       1
         36.270726067686         26.573919455353        45.6148376636351                       1
        3.71276984557561        84.1388658434968         79.113051155606                       1
        86.7613929745113        68.0146247407905        126.172110608813                       1
        279.112210142904         111.38757740853        99.4447517004009                       1
        149.310214962239        82.0795514794018        173.824205791953                       1
        281.363838778246        74.5261858946901        8.82023816096126                       1
        39.7944394788592        56.5274500044558        38.7906591563179                       1
        118.428331334846        51.7568513346317        182.130951571223                       1
        302.718464814119        87.5533275761712        109.626527113293                       1
        150.159245062822        40.9170680918844        79.0287375429356                       1
        227.878244624574        78.2214777648395        90.5032076769048                       1
        289.986306098468        86.7258061712791        126.588846876628                       1
        305.138465277149        79.9410727817747        50.1761792711035                       1
        314.337397756705        105.619404651663         -15.83195938866                       1
        123.312177514266        73.1263931882583        93.2969519951445                       1
        106.079603486207        91.4107801470509        195.236644855773                       1
       -12.1340050263615        92.3266881109425       -0.41244786761399                       1
        275.080452471733        60.5462911731314        139.519086849762                       1
        37.3219734573375        57.6451692353892        166.124751134049                       1
        249.599666500636        94.1363879643223         106.57126495973                       1
        204.977716382189         46.711300160107         40.466193137421                       1
         134.06833424344        49.4141587048993        80.0190766497735                       1
        138.344276107806        59.4218457027079        13.9652203117137                       1
        321.825799264422        69.3770951054802        59.5799311213903                       1
        339.672253550073        92.4112902334353        162.991931246515                       1
        350.025908921562        33.6430370967414         132.68116518422                       1
        326.649974247009        89.6344711492048        79.5407551949786                       1
        239.674178410893        68.1114212784057        150.376493637223                       1
        15.5446713518141        36.3923903585488        49.3845917913791                       1
        168.902292265853        39.4580229405014        116.957637210577                       1
        95.9060610963109        69.1836454638431         147.40948672321                       1
        239.066002486668        83.7957641249995        31.5757970370597                       1
        277.552528424536        79.9830235519466        145.876925827943                       1
        326.978920582512        19.6176456486584        168.911410029798                       1
        338.147114951693        69.0997124417177        91.0669268949271                       1
        83.8617342378586        86.5714564945905        88.3161171801023                       1
        278.181327100139        81.9686012839554        161.142199783485                       1
        320.505956653567        49.6880506580475        101.627578440721                       1
        162.691821276486        42.7067675701084        38.7877513404096                       1
        223.122111352907        97.2832981016608        102.213429457031                       1
        177.971185297166        39.3632360565701        68.6006143655704                       1
        116.294140404798        91.0931414151804        111.200766556228                       1
        209.851314628209        51.7746429791519         160.68938182038                       1
        99.9395540107543        82.5169922278289        154.803887470319                       1
        253.694523168568        24.7197005872836        133.345497136667                       1
        286.857585181191        61.7605309634095        41.6172342985849                       1
       -20.8563836189524        54.4377378944847        65.4907929895478                       1
        120.712703456498        23.5794224704083         10.170180961232                       1
       -18.3183353521855        75.9932590269994        39.0945198075154                       1
        322.208846830886        67.2227079195912        63.6849753483256                       1
        243.947364131499        87.9909019454646        45.7823640917762                       1
        337.061399273224        90.6011739457321        20.5190776975259                       1
        255.052736997879         33.122312806739        71.1354388672306                       1
        193.064355557393        67.3788561708119        9.32308714082742                       1
       -9.05010493699789        76.1710256409307        130.794598568981                       1
        143.654610744806        72.7311598260709        5.13185936958487                       1
        262.014425917261        86.9825342787086        37.8773711088084                       1
        272.310367260974        41.6618896778657        39.0798995567608                       1
        332.413808418452        58.8569097890673        122.812972346633                       1
        145.725915879437        64.5952728547742         152.57657298905                       1
         353.67156235047        68.3118996881974        31.4263667971974                       1
        226.673977401868        62.0695871363136        142.136994680875                       1
        215.710871058684        57.8979006054313        105.055776467271                       1
        343.351413958426        22.7655040729816        170.294314729455                       1
        151.325897764908        44.3372672033212         124.76299329653                       1
        151.187007778626        84.6083032821903        90.1146577711845                       1
        278.913998752509        61.9439277875854         181.40974903206                       1
         321.11423167266        53.6784740492325        41.2030864291487                       1
        126.117092672258        78.6272157171741        106.237061529888                       1
        130.742665604597        69.9608145226708        177.128280493049                       1
        269.120012083433        80.2995242317753        132.035527625235                       1
        188.657383929536        95.2935278022514         19.000908519133                       1
        331.177281876422         9.5715419598375        177.845909786992                       1
        328.591469648794        66.7928799363918        26.7136750543927                       1
        117.835543624413        38.5207192115462          23.68524909037                       1
        274.503494103177        98.8016569804959         120.45443669339                       1
          339.8527272844        64.8949796309337        4.36249783238844                       1
        42.7961379674688        63.4964689862144        151.223989984666                       1
        44.7386294981263        89.0509237028828        99.8371860912174                       1
       -5.55362688000834        57.9225507468536        98.7937166298779                       1
        128.671050423765         48.440302844765        172.867107731497                       1
        346.568222934477        82.6042098217829        171.233183727986                       1
        116.820483484962        71.8817023068417        93.8232723266413                       1
        94.5467126015517         78.619294092351        14.2845768440996                       1
        293.215895950571        82.9078825321415        138.936744487626                       1
        97.2562900168224         58.985537371378        54.0886448462989                       1
        258.582301192048        61.0080110534819         130.88930770404                       1
        127.035484470962        82.3251389184412        124.496857668932                       1
        138.002593862939        67.9725248250179        58.3946224738598                       1
        322.571909374881        40.5936840466057        72.4235335998023                       1
        351.751525791061        33.5873112529627        30.8361207590074                       1
        262.302040644856        70.2257924015622        139.616047417075                       1
        13.5655423459872        66.2166092379189         81.483542097815                       1
        302.557620873304        61.5904035476208        104.005045977746                       1
        303.571767422444        53.5797177719827        13.4303208279734                       1
        110.160424112112        12.1310171868987        23.7176568503027                       1
        340.988458210293        26.4822372766504        72.8226165923802                       1
        13.3263384737628        20.7387775579998        130.715604752943                       1
        321.896078462553        98.1896016626413       -8.02335076234622                       1
        184.944244806177        38.7297480749724        146.788765465799                       1
        109.594211042048        79.0656305049172        125.804851835956                       1
        75.7133057329353        76.7711865727881        144.726073049994                       1
        163.902274567806        79.8768339907051        80.0948864964619                       1
        70.8354537719336        68.7953203698775        153.450478449322                       1
        185.092208822595        89.7653562967414        180.655707183782                       1
        233.006852688534        79.8589566417293        70.8214174941309                       1
        177.056581963659        51.7583830110899        181.575111458439                       1
         91.285586462485        40.3196071724072        146.492535560228                       1
        226.709012886681        83.0623412656813        136.630049268044                       1
        334.786470585629        75.0018641496149        165.917670652143                       1
        176.066296144094        84.0971236576577        93.0511426635916                       1
        194.228067665803        45.0771235090021          108.3918418578                       1
        232.158241827759        80.0161507595906        104.410791971031                       1
        85.2387540921754        94.3576228068072        63.3698569976513                       1
        61.1824522536792        63.4235774799154        137.503429037139                       1
        258.974107701595        67.2039626350122        10.6544282417702                       1
        323.966894899333        72.1291199829459        28.2054262164248                       1
        216.118380578699        51.9813694077748         3.6379830902199                       1
        279.286275262728         77.115850156128        121.040890164324                       1
        143.973823363715        28.5575897181933        57.5323085707625                       1
        194.405350660584        85.5203055002367        120.129218985327                       1
         216.76009041223        17.6362686441178        156.060036492231                       1
        229.431151602433        57.1973476136614        100.894016447594                       1
        212.303776669343        55.1097201726132        83.1512072200431                       1
        153.902545007826        69.6484898423708        16.0614130492469                       1
        320.963375349624        78.8066154663935        70.9972541644133                       1
        293.789183960271        46.3377058946209        41.4657290237941                       1
        204.288866241621        69.2674389997746        29.0126658472173                       1
        94.9141193989431        79.0198032885138        127.073150270672                       1
         131.59821625072        82.1890065653709        139.313269424078                       1
        249.234428541464        88.7769527857989        93.2841858995701                       1
        104.541299572095        11.1306567844514        90.1946614930577                       1
        223.557468510901        34.1459959760404        90.9149931830772                       1
        193.861737081399        55.2890348220849        29.6320580506449                       1
        100.897678354688        78.8391163726146        61.3240165004126                       1
        25.1251392372885        36.0195678177452        14.9001172073459                       1
         108.07438391069        71.8091162701083        114.772069660201                       1
        22.6060168811606         76.296204634962        98.7144034752747                       1
        241.852613500039        82.2087874796693        80.3853681177903                       1
        225.176940966546        62.7630550057322        103.320426550583                       1
        13.1707469835111        64.1913099671216        60.4015948995411                       1
        37.7729095816669        50.2808458088548       -8.58844796400916                       1
       -2.52894826901353        88.6775824353408        58.1809634470907                       1
        91.5802920174596        51.1653591846488        108.485986776324                       1
        259.116262049784        82.1995263687625        79.3829763070824                       1
          58.05476229103        20.7980532021609        144.889855245052                       1
        11.9372730209887        18.5551930789958        21.8691975786681                       1
        274.579281241393        17.3469249902596        40.9967058123332                       1
        309.844288193314        66.3680465802293        83.6986470891617                       1
        120.347660668876        81.0054208947907        37.1700302508413                       1
        300.550192567115        87.4059377011891         146.14328798391                       1
        167.311791023645        78.7161313336534        20.5733938566672                       1
        120.003324914819        17.4193451613943        107.617164821364                       1
          110.7914620199        86.9786259571173        125.663853477419                       1
        342.629354214759        56.7825530768853        88.2406395543072                       1
        194.352019132954        67.5998222332094        22.7850946783074                       1
        258.008304808482        46.5360901892483          17.93097595158                       1
        199.083252281487         26.664625012918        77.4268024457596                       1
        29.5015120515082         47.464313398613         153.96161706439                       1
        190.040509975101        22.6230526759176        190.710259442284                       1
        126.104215998528        62.0545817520935        70.3541923104692                       1
        151.325074688237        81.0432154580933        19.3096330837881                       1
        310.708303837372        74.3280725556574        70.5824360000431                       1
        152.717203678175        80.9968058922403        31.4789636492329                       1
        108.415319401613        59.1483656144837        5.26833687102881                       1
        179.264697503493        72.7976219697729        3.75138000286722                       1
        324.483046713582        88.0743959599483         54.827686424997                       1
        293.789138087626        68.6492208074239        29.1680478780433                       1
         91.026949550212        58.6755069337325        107.330057610116                       1
        211.419900556307        60.8414723600218         174.09032328847                       1
        273.949209608488           86.8500258964        129.533995610898                       1
        319.649411744818        69.1215638388942        89.5190895391582                       1
        272.054211488786        55.5928518904994        21.3593176574505                       1
        87.9552908463355        104.123322469061        91.4729435936049                       1
        93.6159462451113         74.304432640306         141.81281318379                       1
        238.390957279139        47.1942302958623        69.2724306013323                       1
        218.377931955219        10.3843947487404        78.5960624209223                       1
        101.830676622795        59.1410017191658        111.481719190067                       1
        151.018355255793        41.6020326063734        58.7723861654162                       1
        363.141988116533        72.8266905787643        118.414226412414                       1
        51.5895371807474        80.5099821881563        35.2762461260186                       1
        151.895194861638        92.4798491493352        144.807596616547                       1
        160.079207265184        96.9851836437748       -23.8044523003664                       1
        133.737064479251        75.6842126373038        33.7806873168713                       1
         44.204422537272        26.8213642099637        158.017551699349                       1
        121.461132990755        58.4759236322064        107.061310850787                       1
          33.80337075584        76.2433185504192        160.404450604836                       1
        291.053192473561        80.3040756533423        48.8178731907733                       1
        142.851306148357        90.2816832809071        86.1796179678942                       1
        280.969054594035        104.453337059814        80.8218817767849                       1
        325.608436487149        51.9629784982436        26.6925711606903                       1
        202.214809106478        74.6384725404875       -2.09599382427096                       1
        98.4543264406345        84.2716608288552        10.1047144574542                       1
        331.427149091736        65.8312767728982        59.5281657536565                       1
        325.971732821417         73.261573114882        42.0183819409241                       1
        39.2049831914369        89.4019441582222        49.2755347990382                       1
        309.845930611648        87.5493913616075         112.19661670242                       1
        304.037387547286        94.9241158705522        66.1107581644827                       1
        161.520267136267        63.1962525342766         25.368092286694                       1
        322.568038768704        93.6085241960131        158.561451752668                       1
        107.367232178496        92.8521606399664         39.886466524217                       1
        163.766178446104        27.7598055054904         83.715564566291                       1
        91.1846974533964        56.1779757930396        130.195315925465                       1
        111.956756464304        59.9932526598368         87.276281870666                       1
        321.659834555967        -7.9589830880108        11.3449405585481                       1
        164.041467362705        54.8506365348269        195.398263234975                       1
        85.4067205958119        59.9373781835829        8.12845159509449                       1
        268.707308850822        78.4603519022145        38.4224133197718                       1
        51.6277998906179        54.0122913706006        130.055040834598                       1
        6.05077007307318        77.3853956203347        163.963081071061                       1
        96.7739804058702         78.963603676486         158.52123418242                       1
        278.522216951082        95.7015565211552         145.51208879298                       1
        189.962018054456         46.128389878609        169.670235985786                       1
        63.0184098408373         49.379601260969        163.374789628054                       1
        310.861266705247         77.645110248373        125.574802144829                       1
        35.3334403416349         46.437941587523        76.3004982909854                       1
        338.737517395787        80.5148198170156        73.0283966546792                       1
        87.5803346324479        67.0629341671333        160.560765044667                       1
        15.6360382169522        84.5101071624324        65.1990529047066                       1
        138.015061089152        71.6438359762153       -14.4129917873437                       1
        76.3916284809047        103.102052765821         51.945692941985                       1
         160.42239110833        57.4207203182894        137.484407020315                       1
        345.963581305655        77.9574664204918        120.698291533369                       1
        254.593090005802        68.6531535163017        140.458350040226                       1
        182.162679371222        68.9674084763176        132.929102585447                       1
        182.151452296489        39.3161169229857        167.309065392054                       1
        111.966781605867        79.1929161865856        136.235544030739                       1
        294.364917398395        41.2055032375796        25.2546346327867                       1
        104.024147527444        34.9888722138752        62.4330908081832                       1
        231.554019340726        60.4139856723143        77.6078193027187                       1
        132.943580400705        93.7276561370079        183.850443781887                       1
        155.537223596767         65.752495136346        14.0576164388945                       1
         80.683152402707        66.5176932221193        19.9143026474848                       1
        3.67899271848735        47.1444170774168        111.199231893881                       1
        124.687054001801        41.7083224411952        44.9436711486421                       1
        262.751261079664        30.7489250474588        121.336224643764                       1
        177.262984871602         62.477412815934        193.921278520682                       1
        69.3107225523295        9.21852204696165        4.00476498697131                       1
