TEXTURE AT STRAIN


B  200
        71.4851048197085        40.5730092172173        143.074366289453                       1
         296.12763916954        48.1440854756981         69.158272456481                       1
        333.245961117224        109.602636130671        101.260440103436                       1
        69.2772011510383        92.0349555717738        108.938989366601                       1
         26.694646630675        24.1547621607994        130.950572084949                       1
      -0.361489491453911         60.627022830744        161.034068743626                       1
         264.02218074885        20.7990536888712        86.3857791414226                       1
        286.141031918006        36.1886339264967        74.2220372441861                       1
        22.9029447508884        29.0188874221555         167.62734581111                       1
         46.620663959358        72.8967071566113         144.74312551556                       1
        1.17842238108988        50.2928571088171        171.065417530356                       1
        336.824460153426        90.5261503369391        85.9235602188884                       1
        265.450996294277        57.9398734450919        165.131409108597                       1
        154.293240402624        110.396528457295       -10.7366671933047                       1
        286.014682766532        52.3287063069195        81.2056907560128                       1
        5.56152809144389        41.2024412254295         65.905784620676                       1
        89.6435684215445        30.8005845325291        99.8662168295873                       1
        102.416119327883        22.4782051136327        60.7765118655228                       1
        15.7888955687786         119.19664948407        77.7225284316076                       1
        64.7766114786225        82.2881929198722        133.304343459653                       1
        287.984320410996         49.971721415194        98.3228545068952                       1
        345.694220839458        63.4864493942814        3.26108399709342                       1
        265.324199213352        73.2458167202955        124.766794587816                       1
       -17.3178087687769         94.448968469531        55.3755604400772                       1
        358.172493492153        65.5868752166452        40.2707920972692                       1
        27.7090440906488        72.6872464234077        207.523336015181                       1
        21.1938671299181         45.720365462241        59.9795211860582                       1
        86.1539999937324        71.9733034502401          84.01377621781                       1
        2.68509802591022        85.1485843104901        89.1394512410801                       1
        271.258920143096         76.172595366928        98.3523297036558                       1
        184.483348306034        48.6274175666124        135.363116738967                       1
        343.698725086928        70.4112910758106        62.7791592924233                       1
       -3.19919615041343          50.07942728976        63.3760909175188                       1
        47.2497577839101        39.4946613088767        53.2399044295324                       1
       -13.1042102988014        47.9590294460749        7.90751353964477                       1
        76.2992224710999       -24.9869562878937        70.1801200329966                       1
         202.11698151152       -45.3267801892709        180.416676754561                       1
        76.8315493503942        62.0623459883837        98.2344242182507                       1
        164.755275679584       -23.2852036644265        155.506609503209                       1
        255.538920790263        42.3643123787432        159.331784782774                       1
         303.92065154909        27.5315120340173        154.145631657819                       1
        61.2623737177573        75.1694676741465        81.6422548991486                       1
        -2.2136531317149        67.4070673864904        179.050215111769                       1
        314.228482221478        59.5592587367668       -17.9319914755681                       1
        51.0355065968078        87.6710792957032        14.8981549080401                       1
        89.3782473131581        122.804203845376        95.5589237834201                       1
        189.126949433145        102.953190885992        19.7895800414204                       1
        302.927946479038        69.8350663830332        116.820041505855                       1
        32.4603969453667        54.8791723158715        41.3130399656948                       1
        128.179842919271        25.0453956028754        224.074254283208                       1
        45.4011568531553        67.1173400709699        90.0305425558218                       1
        315.321346706478        23.1974561850547        51.7340243383961                       1
        99.7365457052715        30.8864091572579          47.72039023465                       1
        52.2742846020559        24.8796209446258        162.688745489289                       1
        120.639455537574        42.3924219333459        87.8649277056987                       1
        225.852953141311        88.6339254331374        35.9169455464906                       1
        139.470264745852         85.129368953641        94.7654890418488                       1
        343.197620346919        20.9504529537303        189.959834930626                       1
        174.964611910379        81.1350904671938        83.9127784767969                       1
        34.5083384213357        38.5058072505593        34.0323639816566                       1
        62.3763148667932        77.2020649689648        96.8060636184272                       1
        260.482760081648        85.0923519825889         57.389159337558                       1
        417.173186916417        20.5811027954652       -55.4588190431669                       1
        80.3957158007979        78.5587284332472        128.558795106051                       1
       -14.0668804117858        65.1775530690989        81.4841737965248                       1
        226.867380469818       -5.01655793524531         120.08458975334                       1
        251.266279318153       -12.2468369185047        133.272286507488                       1
        136.930059864504        38.0939601266878        21.4939453221888                       1
        104.480812076244        104.090225626144        41.8793609654387                       1
        326.824266628882        75.8749541632409        86.9349537969899                       1
        359.422859384568        108.500716022636        170.166461140647                       1
        301.359747755628         81.202558838707        82.9659074174665                       1
        77.8945200540319        20.3939186397012        146.802828569617                       1
        369.789268061699        7.54869909315814       -10.3959534149147                       1
        51.5783658752632        61.8174179681547        35.8964314054141                       1
        163.435525429482        51.6806690578051       -11.2063056029648                       1
        152.153984471972        37.4882429869124        52.9174852697889                       1
        223.293901159729        96.8575461301487        148.241530362617                       1
        27.6710770356636        29.9754238259385        184.616817043183                       1
        314.980368705809        42.9929518730475       -14.1759259676572                       1
        313.031529829248        60.8649468297471        71.8847966951129                       1
        305.141760577143        77.9420457709517        74.0398290358663                       1
        115.796885192842        88.8331349474369        96.7386208801419                       1
        47.4542889575842        27.0715169159108        91.2953693660617                       1
         28.801659024064        38.5956676118803        120.493368890391                       1
        201.401726116815       -30.4968082826015        240.464927320057                       1
        142.029201953781         21.124010561331        69.7513448078043                       1
        196.531447992308       -39.4127751995898        46.3942092441832                       1
        76.4320350733066        91.6954764957573        72.0237537935351                       1
         11.955987882921        57.0448015240784        44.4143451307928                       1
        189.960371431802        143.072392868621        136.851878978655                       1
        286.669935138921           81.3313019294        63.3486261719729                       1
        64.0537989699341        44.7528182438614        122.222764001503                       1
        377.965108929308        62.0736790015542        92.2178905404452                       1
        82.2080354418131        86.5580362454021        92.4519836685401                       1
        57.8236037240377        19.8301526110573        174.358692912734                       1
        77.2097443344761        28.8143995228537        82.0470177267055                       1
        63.8979101588213        99.3976428105942        174.981594008008                       1
        37.2205163859662        44.1824273571122        191.833540114518                       1
        58.0010937983696         92.920077649534        86.4474709054497                       1
        99.3366233431041        120.110703072975        118.228478350799                       1
        38.8894914305494        41.6673210974399        159.571935303036                       1
        263.367922881501        68.1582398499573        75.2113669210112                       1
        232.335425862465        32.8893702415558        160.832046221089                       1
        201.257132454007        118.813163468865        15.9576305330355                       1
        154.795125450105        57.2965049824975        30.9682570710999                       1
          199.1468514553       -24.2755406023438        147.091319579916                       1
       -4.61721512228832        33.8301071034373       -15.2088695721829                       1
        7.45598072617753        67.9686761127557        61.2417459761207                       1
        357.377639253295         51.819670817902        90.8785487691929                       1
        290.297866638888         66.416104277181        94.9977810537776                       1
        147.074961146604        117.350853572793        187.244999912066                       1
        148.974542912486         88.410468182608        106.565280675543                       1
        45.1452373591799        105.149193727749        73.1727304833746                       1
       -20.0980188370694        47.3794613964588        86.5067629333388                       1
        345.310373383502        34.7848808575051        68.7671583484411                       1
        109.412160162603        112.074121507831        106.873613316333                       1
        59.2534149621035        27.2454614973863        185.076768586861                       1
        92.3456613849747          41.00344415265        143.915627615406                       1
        90.2469283744569        133.222219528831        106.994244590059                       1
        84.7729074664974        8.21684530342036        73.8187576602549                       1
          347.5909940999        84.0462532429112        194.744683623402                       1
       -34.1992327273195        79.9315588718083        61.6616060366914                       1
        273.725632511905        39.5816033982371         95.003935284883                       1
         332.07112686573        79.2269953591983       -3.97044751597394                       1
        163.228001471128        75.7836116070129        107.024163496866                       1
        91.8620348728285        132.283678151852        130.094185800512                       1
        57.1307487708631        52.1154897139428        66.8809532109572                       1
        171.435610369828        63.2136807186258        124.044754259111                       1
        70.7109303900963        37.4592857671996        101.147612961152                       1
        195.684572766866        15.6391828658951       -21.8768812721036                       1
        287.287962878552        12.3794731836938        223.955282171402                       1
        275.825932217965        58.0937870527384        98.3315776847875                       1
        164.299708920806        34.6996706067772        27.0797999355863                       1
        119.260165966067         13.308299183159        104.889480986396                       1
        210.670047147724        78.9023349806067        209.159988785604                       1
        209.411320888504        98.3624577053313        20.1004545963827                       1
        15.5126979316087        59.8626577153124        144.855988895639                       1
        244.933871575833        53.2012927674131        92.4694718747369                       1
        65.4338576553905        63.0841057016055        129.601571719275                       1
        184.073146232073        78.2838305640394        105.332384380808                       1
        115.434006576167        37.7098758104893        175.169774596611                       1
       -9.05042496123581        84.3146101572212        74.9804561899015                       1
        83.7779774513882        112.650953994488        120.512354382884                       1
       -15.5480056625401        82.6333661401651        180.629191154982                       1
        363.938950075041        25.6286799694545       -9.41763152345784                       1
        299.209030612557        64.8265505076247        78.1829905869411                       1
         307.67862638763        58.1841097355157        61.0958387650908                       1
        19.2848642750275        99.0125930589733        157.669927864016                       1
        181.745094805532        35.1425652963705         153.72557550842                       1
        316.894605397124        126.275311612168         99.570925088267                       1
        175.817765792971        53.7297652688504        191.151067729811                       1
        315.242886484167         81.131753139262        98.4602114485586                       1
         35.489621654787        62.8342441163398        129.387214224894                       1
        160.219073459086        73.5082824040494        92.4025039318987                       1
        213.905230020393        55.3600799768472        33.7859185301551                       1
       -7.87191966701398        36.0768541632012        38.0095539251564                       1
        88.2078201564943        94.4566678680956        108.094082351404                       1
       -62.3636891122658       -18.3623928580205        72.9959122855265                       1
        298.945888526068        47.5553021148167        50.8274206067219                       1
        9.16549328295225        45.7084614698331        30.9302649878728                       1
        331.646965608887        63.5902994222266        28.6056846696273                       1
        252.845908152048        7.41677130657166        60.7241034450743                       1
        184.278734123849       -31.9759671117015        187.759176476988                       1
        191.963389129045       -45.4316696993597       -5.91650287589492                       1
         331.63761641134        42.3793319534601        72.3805670046532                       1
        46.3205739742157        35.3205971723041        75.7675101128095                       1
        186.016048830639       -11.1435262014739        41.7069233531502                       1
         177.35290189035        14.3998296976021        154.618519122683                       1
        76.3808525946848       -37.1188097664493        90.3044914151346                       1
        176.601596709479        54.5063563098422        101.346777447842                       1
        332.280927905745          56.93480487812        143.778981625392                       1
        246.906631321653        69.7662882549092        81.1024844171061                       1
        99.3275131552487        82.4202809572178        112.042842358944                       1
          341.5468629696        53.3829567444426        61.5025965885131                       1
        216.308640699174        123.535506734299        -21.922067653717                       1
        41.4307581320197        50.1961218454562         143.60758254845                       1
        198.102001979162        43.1865608243736        166.210415135368                       1
        15.5758719419552        20.7846158501637        226.585752832723                       1
        49.1282860258273        43.8877020507354        208.077170150727                       1
        277.173241552764        35.1066504546257        59.2763088809232                       1
        228.737076022741       -29.1382397742803        125.677438790228                       1
        203.473852529606        125.678858045555        73.9179881948418                       1
        174.701142154008        66.4550008688037         73.507614369412                       1
        92.9578307035829        53.7785709624681        31.5000328115048                       1
      -0.868874956982248        51.8420419458413        116.925885274051                       1
        280.118202179743        77.7415429027789        78.4857372623103                       1
        282.272123489247        64.3224185064047        110.009635963716                       1
         334.21846786971        129.202374494723        169.645472970546                       1
        201.004506713431        134.452262290085        33.0608847970529                       1
         75.920459192114        128.578739342081         109.98693315816                       1
        96.0778518005245         80.011237085366        89.3414019640418                       1
         193.84952914692        63.0357069941085        167.120344169067                       1
        278.344051068875        86.0326185084853        108.584057195025                       1
        16.4295804462329        113.799330398515        96.0133515002965                       1
        291.848883959752        60.9991452726522        60.4516275040173                       1
        72.0478887793231        77.5501933656527        114.316284059725                       1
         19.363288305774        12.6150744377165         178.75722173653                       1
       -11.9431086922024        71.8321536734751        20.6662854079658                       1
        134.095561498533        108.158141098789        100.674916957845                       1
