TEXTURE AT STRAIN


B  200
        81.9421692827263        39.1647751707681       -34.8192373842023                       1
         174.89251957116        62.7660561270345        86.6928255402026                       1
        307.364245067719        71.0473410729403        82.6649805988055                       1
        309.495260237993         82.081200529438       -5.01248344632742                       1
        282.485523252458          20.46333461187        84.1187234402952                       1
        113.701514542795        52.5770916454044        102.146158821286                       1
        251.663824766184        88.0594745553175        170.763423928429                       1
        187.379065824449        104.540363372643        102.438451447126                       1
        53.4018365428812        96.3861280126462        91.6058504619545                       1
        143.798059860055        119.110173078432        41.9344557933737                       1
        283.748766862096        108.221995098581      -0.882436463857145                       1
        44.1242355708403        50.2272690433147        103.537236648075                       1
        179.298759487584        11.9462691961387        140.795088351681                       1
        167.014837236566        6.12398064438898        177.083916403232                       1
        391.993605953495         19.544918372482         69.120640142308                       1
        294.290183387692         68.815920503509        33.6060408770033                       1
        311.651137620467         11.246702861137        17.3295737883139                       1
        124.971233704128        17.5527553837294        74.3414471184994                       1
         277.51663359125        49.5137902407844        173.884278555221                       1
         117.81889923273        31.9275918018917        120.380269550861                       1
        110.067510627387        37.3213829884248       -12.0256043680642                       1
        310.877386938435        86.2486969878686        152.568890310378                       1
        334.511375720077        20.5160758158213        136.661044085546                       1
        305.722971596804        34.1594375892293        93.0167339052084                       1
        211.800533969472        87.3046602791778        33.0034187532308                       1
         99.872994788486        48.2174131728169        109.645884355598                       1
        357.114993580691        13.2358256634537        32.5946797115134                       1
         18.665309484281        90.9060885904489        43.0479035576696                       1
        81.4446491255997        24.3190535773383        22.8889516228449                       1
        308.968836949096        80.2263119709394        32.0878139535917                       1
        53.9155335219492        84.3099404073835        153.344341348381                       1
        152.467203045168        24.1132847130161          99.77896618639                       1
         307.18183249619         79.745350226407        16.2484094431989                       1
        211.706863763419        26.0606401111862        166.522781583527                       1
        48.1840114334649         34.053596582675        196.137905501055                       1
        52.0187260163559        67.2502208743022        88.7248766370294                       1
        84.5516795550293        78.6006949304833        27.0680274547961                       1
       -141.310511164456       -14.4810873167722        203.859258229891                       1
        296.453243176982        86.6645739432633       -4.89888318430805                       1
        233.543054000082       -7.20687407902032        2.85150364960585                       1
        332.204914206527        50.6538005845199        55.2687389754346                       1
        141.397104476536        112.021782628524        181.199652442953                       1
        216.862454999744         21.204803831562        85.0136699573141                       1
        349.777361886963        52.7228618846889        64.4407107159078                       1
        150.120151734142        126.783074280162        28.5248339406382                       1
        281.530490664711       -10.6397318302934        121.310859715046                       1
         246.77420148285        102.586576540173         130.94571147039                       1
        387.522152603316        76.3191536179215        81.0471545832164                       1
        255.542693660546       -66.9138360796724       -3.69811056813954                       1
        40.6312482922165        137.194085143843        52.9998824918108                       1
        70.5507569912641         30.656450970102        166.236025158351                       1
        258.246299035255        114.040179860675        164.654505430192                       1
        301.074274265787        70.8815008334992        185.523486773807                       1
        118.755335936205         24.553731153206        190.122186982688                       1
        248.892880817235       -10.4776485397205        56.7813878844906                       1
        93.5710382674421         60.734311781042        16.9988327860196                       1
        86.7233555979324         48.289726871054        174.061601610844                       1
       -4.23664321671096        45.7321973685018        34.4898641368846                       1
         94.717791826536        83.6094437122728        239.872410789325                       1
        135.009158003793        114.126942436466         158.84317559914                       1
         119.61960907202        76.8191580548903        174.008880242714                       1
        340.607502782929        104.531863276185        30.6754120335028                       1
        190.436065286478        96.8285056963629        2.93449422394887                       1
        378.357347837911        20.5448897157609        27.3105413161909                       1
        87.1132021336822       -9.36918182924181       -44.8535597367155                       1
        243.686465091451        26.5978459009323        116.998943367805                       1
        54.7710630315186        35.1234171929208        57.2966507114015                       1
        28.2823895872551        48.2619671940824       -2.58537621914658                       1
         47.412856271767        79.5296222644424        53.7317236249811                       1
        307.400212987545        54.9631078054623        13.7130585974046                       1
        89.7902605106229        70.7583731763387        80.0905614001217                       1
         104.28685665653        63.9775475000806        43.1246839279619                       1
        87.8597099002451        20.7441652787983        225.072478534083                       1
         19.926244950318        37.0739407345663        92.7810433551489                       1
        156.922088027779        51.3643605406708        118.663031927131                       1
        87.2727849944716        105.229362930125        120.164707345206                       1
        289.884395118088        80.1111037372415        65.8743746848926                       1
        5.19887376425361        106.044600748403        15.1170030278419                       1
        115.720395303505        87.7819846379249        163.896214515127                       1
        233.767851735739         57.950594921372        17.5577193904109                       1
        25.6276300186767        99.0017013232696        20.1073646884483                       1
        140.112078747943        84.4960475854757        11.8303999081147                       1
        300.283632316428          73.56570982431        153.502275919653                       1
        69.1496956715929        80.4844607297331        74.2629193983802                       1
        129.416529479951         116.77640819128        8.46493621524253                       1
        179.582626111143        6.08866705294219        31.9145016630231                       1
        304.111347070327        52.1186970749628        80.5529394498989                       1
        361.091399466511        25.8891162255992        113.837498014606                       1
        40.1299761118426        75.5310984204521        34.9969930310952                       1
         282.90297325256        106.557254662215        16.2135161244825                       1
        268.682428476766        80.2643094107515       -15.4246195445682                       1
        85.8615397888255        84.3648818219516        158.381943045289                       1
        179.227638280753        86.6165400248259        171.773381739843                       1
        329.743291349377        81.0530048438889        1.91019461877279                       1
         326.03044336683        118.554326480666       -13.7377364974189                       1
        38.4592047641739         111.68010170101         35.787942992688                       1
        66.0474045932187        46.6405953269959        147.912214576013                       1
        121.637881591907        60.1732669838098        37.9020055242821                       1
         115.19550080735        36.9045190102501        92.2758287895438                       1
        316.304852302388        124.942049628972        85.5760518861762                       1
        282.634949890671        10.4223736257662        62.4705394883039                       1
         326.62230465903        39.0259401188471        144.957422032941                       1
        11.6025638617878        115.654115385944      -0.601147507433257                       1
        65.4429408571168        101.511946740168        170.928548119123                       1
        12.6584298694239        85.1622400792534        27.3880895782292                       1
        147.162812992759        103.512133958225        106.350770728115                       1
        136.981635742478        84.1785280499265        166.686622756438                       1
        331.607008761522        62.9185894978053        100.644201331801                       1
        265.628941403973        25.9657131932005        137.317070192059                       1
        276.710336132592        67.6487718859662        154.355178350782                       1
         49.682913575184        19.3055381719222        69.1472707894006                       1
        320.473800213022        80.4389752874438        92.9525718175107                       1
        61.3792185194316       -38.2057849211647        54.2072503736347                       1
        93.8750756307841        46.6929149586178        0.94888927948324                       1
        324.510680972047        63.7865708627542        119.080288092936                       1
        105.472353669348        54.8630839606716        93.4244069146117                       1
        259.009942540204         88.298314132351        120.472799347148                       1
        30.7037909874456         31.841081883777        121.660670239435                       1
         16.494896647432        63.2085640891121        14.0423459722659                       1
        54.1723661591576        65.9507431033875        41.7833503676764                       1
        239.448128210023        53.9818585253023        95.5079028583395                       1
        86.1875886027247        14.7350569144588        138.281731919767                       1
        136.232447837261        37.1173355464846        80.0002618287092                       1
         37.179444817566        75.4827795533434        92.8799982438101                       1
        66.6195609332839        58.9768494289255        103.799583007529                       1
        205.182510800364        111.981881466011        153.643908971036                       1
        244.563085031624        102.316561329567        13.3473139817121                       1
        195.424231474385         20.223367170684        30.3778787022741                       1
        110.460095299501        122.211394671901        175.505864608626                       1
        123.365447573305        54.9902704902579        126.474318711725                       1
        15.4896444113739        96.8765468548583        157.643329834238                       1
       -13.0127457466905        79.6186359457665        80.4163738206442                       1
        283.252777314879       -33.4202292234694        194.500509801745                       1
        153.866371029937         40.178232928894         81.794299931429                       1
        122.420830923135        43.9494787344517        199.171862038199                       1
        97.9340190574899        52.1516879854738        147.023576774294                       1
         224.84747027644        90.0203272247282        1.53437799625133                       1
        210.163549202529        5.20033657165549        25.3603246626522                       1
        250.275824897044        39.5493362954388        99.9013561961657                       1
        35.7258254100399        95.5032460155402        38.8758212807959                       1
        215.444120073014         91.444019873333         76.560880994935                       1
       -23.3442091850041        64.4620201249778        60.4232172824638                       1
        202.259902342665        91.2424557625977        86.4898245847478                       1
        304.159805332687        56.2333187748752        160.284251553305                       1
        352.182612768665        33.9231024850188        108.326789942959                       1
        318.321807336777        74.7897478279906        135.944672952807                       1
        366.767515807714         12.139682585873        -16.703696634847                       1
        95.1836834089957        27.3019700527182        122.401542117724                       1
        97.1900382738469        31.2232919175178        158.867748679333                       1
        235.280182348794        16.5817043316046        99.1612983690823                       1
        145.644135582675        42.4281097929577        103.230870981258                       1
        349.955795495607        111.735273789721        16.3182955898137                       1
        24.5746748354075        25.5172135194178        109.944241733339                       1
        382.271061808083        79.5374086639539         57.472694678482                       1
        317.723462828915        72.2158165570178        155.389803986948                       1
        144.676457108098        2.73971540122437        166.664742129551                       1
        18.3656357666999        102.341783755092        38.5331026196345                       1
        90.3280275808615        69.2932109165542        99.5462047367312                       1
           315.586615527        54.1799678928908        81.7327670335085                       1
        111.115257446988        21.5470079145604        125.656515203442                       1
        171.834762487111        28.7045375789546         251.00391150159                       1
        328.368067012966        15.8141487601954        75.0590354577028                       1
        120.870251945125        41.9040230495661        111.692503480386                       1
        280.614253820059        86.9622813409683        142.112939358147                       1
        77.9890155404122          53.35332666181        163.580832343688                       1
        17.9693591951957         41.896411009571        81.6433630230264                       1
        336.758646815746        93.3229302365211        75.0047030500999                       1
        82.3957814326594        83.5036388982528      -0.126175488363154                       1
        175.201202113674         84.515105729459         157.48836756477                       1
        317.087099237545        66.6099808569047        67.7592967885056                       1
          300.7913371013        63.2914835255108        99.4544320216293                       1
        143.321355897859        33.0831910093461        91.5316388784201                       1
        81.7936481793482        67.2848609027406        64.6260467421053                       1
        77.6308602691762        31.5749405896038        130.395347296337                       1
        155.171279540079        20.2356083183328        70.9811287822534                       1
        75.4102889847003        113.361007159074        185.597106382885                       1
        289.585068553179         73.346827299504        176.320109176255                       1
        209.601869725441        76.4613414804328        13.1875577934411                       1
        244.227379521852        -9.6457861219761       -89.8592753867456                       1
        23.2557022898039        114.152619405322        23.4386501500659                       1
        282.211930454534        65.6498102549425        100.130032587517                       1
        279.525154352626        90.9585620585015        162.572376448721                       1
          256.8360303378        54.3969577606016        66.5324692694786                       1
        139.820603014547        24.0885537924737        39.3713539536474                       1
       -53.2896906861995       -20.0306189254345        194.911868329696                       1
        147.752314817768        18.5139969890325        150.542560534908                       1
        336.941990600653        21.6663938965923        87.0569268864158                       1
        334.796941344408        38.0014861052048        62.8971189186451                       1
         152.60767519747        100.887990405124        21.3666659709846                       1
       -2.01314167394413        145.271804919079        128.481706210074                       1
        247.675834664245       -19.0301046233036        163.861181883665                       1
        189.922874017013        77.4983913235118        171.840464364719                       1
        341.769417021332        68.4560335631044        120.916783005245                       1
        34.9517683005284        62.9971050219979        107.511969386372                       1
         326.49939200993        83.5947739789015        136.875153197766                       1
       -36.8917660907946         48.617587452004        88.9819620626939                       1
        133.323608285995        42.4317019306404        66.6095157034613                       1
         43.503484230437        27.2035158307203       -10.9840292983005                       1
        27.6351338081136        80.9374791256436        163.479185898922                       1
        361.508010615161        30.9022551784344        31.1377717238207                       1
