TEXTURE AT STRAIN


B  400
        25.5393625042115        85.3118865437624        92.3423184637018                       1
        147.696706192598        57.0747287560435        173.132630055343                       1
        80.8197960328688        65.7343967475124        19.7191201039464                       1
        47.3583205022581        27.2338800278706        17.3366141452658                       1
        65.0316124263168        74.1423745804151        23.6910206575577                       1
        203.613498682705        64.6765372632153        60.4689575040659                       1
        303.511165354305        74.8516716041372          83.42837912109                       1
        198.626601685847        46.9060940185004        81.5458381889217                       1
        217.900546609915        59.6764685042321        26.1436609424151                       1
        207.896259501408        49.1698233945907         124.11457010347                       1
        11.0466673648906        53.4737989746535        161.470554394676                       1
        212.555708647867        101.574825403844        110.397091880795                       1
        347.662356848682        58.3197267230984        75.9937135905627                       1
        128.341970982067        49.5523417696324        31.8377410820898                       1
         82.785679525002        83.9059397371034        11.4934510387282                       1
        142.552092270456        50.4889728616772        34.9071230913091                       1
       -6.00964794279099        64.1535004280446        93.4071354376533                       1
          242.9323362382        55.6865390605021        8.05046635507911                       1
        181.253038872977         104.68171925114        75.6943662461823                       1
        22.9690595492049        76.9535036214776        35.5073304048364                       1
        259.116347607524        70.1174894195107        106.636506580941                       1
        42.0675711485177        64.9919832853978        89.2113370541376                       1
        207.793896971081        100.151258007983         27.422170880179                       1
        192.236009624382         53.950004230993         76.807515724637                       1
        308.806702396859        58.2875701230389        144.166314031985                       1
        218.791035562873        55.5528151683429        42.4094820526569                       1
        163.961121064269        69.2920544413917         60.502475608919                       1
        319.231634094099        88.7585800552643         102.66363552082                       1
        54.0340024776855         41.555178770047        10.9917139683749                       1
        56.5614172945401        78.6226110612386        73.0262836623113                       1
        59.8882685540374        46.4824694014642        49.0479560657834                       1
        295.234954169426       -6.55174314697818        42.9862462893377                       1
        180.855502887202        91.0408343064404         40.068504365508                       1
        344.460508620836        43.3835419291857        8.85736517783508                       1
        343.339072298537        115.380330751599        25.1162746354879                       1
        91.9169031082423        31.3700447457676        138.876954442138                       1
        286.698646780602        58.5741286984269         148.42414195319                       1
        4.96477518542737        67.3729621623218         120.28585813353                       1
        296.701268603183        112.601128734029       -13.5058574585099                       1
        95.2399498632825         91.254004211622        67.2042873661889                       1
        212.704762489012        83.5743065141685        56.1120944548105                       1
        155.681375163578        56.8807152511785         94.316105241358                       1
         57.154912911413        51.3411960614149        160.247728270311                       1
          169.1605766073        80.1036688571393        4.96511229780019                       1
        113.136616840714        61.6915461220651        118.385788745755                       1
        45.0273942903725        63.0652566248034        145.040238988863                       1
         68.903609076478        81.9421383430403        150.671437130431                       1
        29.2400381446852        75.1589329382426        133.141929149582                       1
        170.643165711442        41.0808998635174        134.249163624944                       1
        76.7992637849592         49.482454309475        52.3975942588684                       1
        36.2735299320034        70.2309072230362        154.746078290462                       1
        328.271354830216         104.77337793347        82.5247675195932                       1
        82.3476866954433        49.8297098485062        24.2225876007882                       1
        290.128270374421         44.194786143615        128.805899168439                       1
        350.752355721465        61.1589829795163       -10.2504570633624                       1
        50.2945773898575        64.9339465853347        54.0658432444599                       1
        401.820108673168        58.9054705868032        63.3500915867718                       1
        29.2503784575889         54.999275972656        91.7573586672266                       1
        9.17899092561563        57.9099503744519        173.110071040184                       1
        364.719391070031         60.154064871625        69.3465010693795                       1
        217.525186460111         79.533197686253        136.425424675767                       1
        32.5124399852997        51.2985968035144        56.0078108499137                       1
         119.81163455126        55.9853065743434        165.569187778007                       1
        368.192273764052        65.5548784878073         102.17853664171                       1
        313.638716288829        124.038068108995        36.6421091132994                       1
        350.945213314765        58.7367070187329         113.62555035734                       1
        222.051737299356        95.1208251648908        152.266059915502                       1
        54.7491430038932        41.1272996432079        114.521039069957                       1
        88.8781775284345        54.7802332785045        82.7223684242182                       1
        161.329064452051        28.2741793680338        45.7302694943962                       1
        86.2955932670559        37.1762137046261        70.2160831998102                       1
        280.078249173275        99.8485802513074        142.204528699368                       1
        201.146094362048        18.1475523171712        155.188586657557                       1
        24.4454617515168        88.9940058610064        133.979290489983                       1
        85.0475905519037        29.2154814598381       -11.1905309340497                       1
         318.05919328411        69.5900195398891        149.434752720573                       1
        38.4998720172298        55.8251928718255        84.8630555803016                       1
        54.1002725164085        28.9197723673565        159.618982418676                       1
        207.065070183509        118.754471295015        157.998156713618                       1
        290.314232908387        136.621546369494        45.1938146249865                       1
        287.995065495093        19.3594218958252        138.653549706955                       1
        265.911283387655        80.9932447921247        90.6425551683381                       1
         259.51372046652        103.299611809549        142.703734932184                       1
        113.814813092748        67.5164398889295        47.5742311555447                       1
         311.88121155895        97.6716683235834        178.112410897789                       1
        28.7592191361353        67.2817976756668        145.343789466116                       1
        115.376481058624        70.1489714533168         135.80647893175                       1
        144.158770869354        36.3910999533511        131.843934959456                       1
        41.7420283844839        46.8290475863042        81.3109026224399                       1
         198.82916824801         72.266488965074        154.104407031752                       1
        94.2254802324434        25.3388429393838        73.0231188273856                       1
        241.783712153841        17.3351076808371        158.202382975986                       1
        103.792925502169       -3.66423690605238        131.521270102693                       1
        147.755699341029         59.075378523289        185.717928146237                       1
        17.7573492262499        53.7279012077628        85.7084306854791                       1
        56.8178389774753        54.0152732726569        45.1154091404049                       1
        170.983305177092        45.9497215902657        118.705366983529                       1
        74.5824658777716        58.7569348851655        122.346415018605                       1
        150.478939496209        84.4707495063799        178.983555522007                       1
        54.8017300717903        84.2166135049462        96.8031766914663                       1
        211.936363250976        65.3762477162993        134.482772037921                       1
        367.556198555435        76.4635251641257        36.2239369270686                       1
         334.42720195171        47.8402153249856         42.803776156258                       1
        163.957805357617        56.0493487605838        140.828884543481                       1
        70.2583939500877         60.695541041527        38.8531910385648                       1
        65.7807274185555        41.0042181536729        17.1912695102332                       1
        17.6478229546853        52.6916224853551        124.576843679148                       1
        93.0994578863951        51.5552804178915        54.1130880748213                       1
        265.089341588831       -6.22658081061336        172.560986877008                       1
        247.420660470382        23.1805670052672       -15.3997912987576                       1
        264.722716038266        112.381035955548        17.0313593710801                       1
        133.875445273832        65.0600304458898        61.0730120754746                       1
        232.624708344543        53.2462586958408        35.9998642219872                       1
        18.3490111475015        44.4414554055595         121.61866218909                       1
        114.406511521933        43.8238665101715        94.1524073148346                       1
         304.94990012959        59.1315445410103        104.730398056447                       1
        47.6281928426817        40.1760328487758         35.087241860438                       1
         220.02067546198        83.2303570703581         85.312436766718                       1
        79.3810324464931        72.7216202524553      -0.595201041737082                       1
        332.138035652111        13.5703098750532        106.102217956629                       1
        200.330929679231         61.243612726749          49.64538279883                       1
        123.818842489766        33.3849774169595        100.148137468039                       1
        150.641437072217        80.3306925740151        80.2463967201518                       1
        211.284331132361        104.925482115921         61.498791476644                       1
        28.8566718412877        66.0976607128106        92.6917507122291                       1
        100.931291658559        62.9465374272419         141.81107969417                       1
        197.776079184859        115.973998889272        138.346177995799                       1
        330.606253822837         63.950192575562        110.596088893612                       1
        39.8439664558521        77.3671905473614         49.459136870893                       1
        197.606233241089         30.720560074052        30.5943298712153                       1
        104.638040595049        72.9551064217374        20.5647087312499                       1
        146.510181386844        13.9111614905612        159.104818752869                       1
        108.499816679127        47.9620831345314        112.830669737246                       1
        39.0726299332948        65.0325287138802        64.9205104015355                       1
        48.9264408275831        40.5988965536074        42.5966492072412                       1
        235.265929015081        72.7448948127741        25.6495742311303                       1
         147.83260658871        62.0600201468504        89.2400651797998                       1
        30.6284616703334        65.0772649698344        11.5675920608706                       1
         57.208691539131        81.0201589295626         110.20025629123                       1
        253.175381397198        92.1424394877697        118.294885928731                       1
        211.997080486005        139.172304396706        113.022262099548                       1
        69.9015407159775        16.9754818257037         159.04520835435                       1
        188.552504250346        41.2885817199345        84.3917271036085                       1
        240.386648106675        13.2760959414595         85.396647743842                       1
        30.8043512276113        50.2851489560191        171.493748799343                       1
        35.1848473664551        38.4180549580108        62.7870423214488                       1
        263.558766513214        79.1601802348594        133.207773232968                       1
        340.334972218213        28.2679178038764        90.3301991887137                       1
        100.903244797721        52.3188997199168        89.9399752057724                       1
        69.6821168392571        60.1855721277897        28.8969861410923                       1
        199.613494695146        82.6758537598262        58.8369063781363                       1
        123.837588530113        61.6868154329767        94.6436666091027                       1
        212.671993857156        45.2856686226622        53.4393869377267                       1
        89.4648887436126         60.102375977142        1.00000799359635                       1
        36.9390494516609        67.0370032642142        165.320005353477                       1
        49.4723822270537         76.959831279253        84.8155578558037                       1
        63.6891888330706        59.0162323208787        79.9124211722661                       1
        48.7171685546164        58.6951453352287        69.2433771778408                       1
        271.649493075757        22.0204962754672        65.3418736556178                       1
        27.6638059347112        59.1574996339596        59.0018239286949                       1
        131.128438913516        36.7976485717257        37.1307647024096                       1
        270.855657126175       -9.04960502467864         88.701083621542                       1
        58.5945751019068       0.463254365412722        56.5425894357376                       1
        58.0647564036621        56.2917162515328        150.023568939283                       1
        349.025760959762        85.1262377350485         120.13047094139                       1
        322.967875868142        65.6207402164223        33.8419948033646                       1
         293.23332299606        87.2479410471342         136.50751182555                       1
        133.258865001416         65.655031534683        115.859653983001                       1
        71.7982122207211        55.3408547835696        145.098104728231                       1
        36.6141971364028        56.1011061704982        127.247995308755                       1
        310.943841259279       -24.0700495970298        60.1297757617587                       1
        168.817899669286        17.0106693725454        29.7559952527139                       1
        100.655706958697        43.4352648710518        99.1587510878869                       1
        346.812159424999         55.455141945163        102.417964972372                       1
        11.1423548024847         51.578317464675        70.9565464025901                       1
        341.165204864111        96.3474224207686        15.5603364397373                       1
         210.75570632329        63.8313310950448        80.0450596386425                       1
        289.966306683226        86.6973045780133        94.8480761855025                       1
        184.566226740612        11.8063249220216        31.0655733403586                       1
        208.850203333334          46.44327458885        45.0119401940571                       1
        173.828561335209         76.245543970719        75.5467908963738                       1
        44.7430816869619        63.6859695079617        28.4796043309233                       1
        302.378544651756        97.2692887960307        28.2706303927407                       1
        176.325201784153        52.7557903410665        48.4956091934845                       1
        22.9431682532228        73.7847831950853        173.780892726608                       1
        279.121193551803        55.7493812449109        111.797365953211                       1
        131.191100710771        66.3148647887575        111.489520745915                       1
        350.678580110739        63.1855568464084        57.2857841577866                       1
        140.596361028921        94.5644823616118        86.7806758465899                       1
        6.25335069583645        57.1283874930171        33.4134774150457                       1
        338.407221349558        73.6981009020173        102.970264228078                       1
         183.66340775192        83.0743188049526        132.319425992074                       1
        126.030386274501        33.4648206434133        81.0463939176843                       1
        365.465618655802        47.0260460889382        148.924329182391                       1
         329.87349022949        72.5400894545165        123.712071498217                       1
        281.760364022267        70.4400022382036        101.238055508426                       1
        39.7467049485516        80.4565755003756        61.3333189085164                       1
        331.662411322552        56.5814730862031        164.561489312268                       1
        227.892976666008        92.3591343802994        12.9794694054455                       1
        64.9248700665548        48.7097903691443        176.040913667404                       1
        201.001561576468         84.043119228127        101.304899208715                       1
        88.6203332149842        60.7016640552401        129.744021143552                       1
        197.322590181452        117.907332736282       -4.21618608241387                       1
        115.068227844409        115.187152609824        56.3518731674685                       1
         339.53823350895        36.7332636369577        108.591320136461                       1
        93.0151062376165        71.6502662118966        99.1457518413105                       1
        319.993016035561         31.985705544989        132.142447239888                       1
        50.8028888738789        67.2660980485238         15.494268170969                       1
        314.894774691012        115.022862145125        152.657504030117                       1
         62.031934490199        71.2809429432293        180.610722252387                       1
        58.4927159154439        63.8901993953658        31.4529224692814                       1
        237.546305429413        31.0367778551105        12.1232290139297                       1
        253.303786239555        61.5517890528872       -4.91336993539839                       1
        185.150232215092        76.6908504179324        158.981332171519                       1
        165.409509004017        77.3777319736879        28.9966081193949                       1
        199.544549251201        69.9660762979563        171.389461768038                       1
        153.687809960506        77.0146586195013        66.3135256737041                       1
        213.470095184635        94.2564389123016        12.5442672233239                       1
         225.63957206482        61.7834327825152        104.666672613454                       1
        300.009335465702        126.593652902905       -21.8527170139905                       1
        104.627028795968         28.687977802982        119.183559747585                       1
        212.041550547124       -19.2396874891132        75.5807201508959                       1
        225.618737295549        106.550924154587        90.8755734538619                       1
         300.17067800381        76.6642669646889        130.700319136331                       1
        47.5833681424746        80.8840903456731         187.77608772013                       1
        387.042874445237        18.8217927378578        71.7931317493688                       1
        282.110062946089        90.0033847062346        142.786087035886                       1
        57.3172167012443         23.569024907473        31.7867897026351                       1
        322.665467271988        19.1299622938059        74.5761738863091                       1
        16.2537796546306        33.4766433581073        61.8074110456951                       1
        65.0861460950009        68.7355829018781        9.23462666998598                       1
        177.807452221575        65.4320438580254         138.29046764148                       1
        196.216495197745        62.6012271131717        141.100587555815                       1
          15.07560495441        92.3416144870349        17.0117962133866                       1
         245.09630515187        108.752879391904         41.251810364328                       1
        74.3647659793933        89.9242426552129       -13.7618190463799                       1
        61.7647001722865        68.1820294993457        53.2895968689616                       1
        174.483803531039        65.0905549901221        39.4265923539448                       1
        280.418549642246        69.1056392333842       -3.07969295436176                       1
        270.777030555742        59.4442616151449        131.454617865397                       1
        30.6228521680244        42.4008159102195        13.0337897229627                       1
        26.3162722885786        41.3706230983847          31.40965338802                       1
        242.841246782356        77.5167599485423      0.0842262367358291                       1
        360.172246090111        72.0049258471885        84.2846640452924                       1
        129.895115474191        79.4664542141384        101.252339039179                       1
        127.015515367977        81.9987831461904        41.8106501367164                       1
        305.399769106107         41.437421960194        142.850056913168                       1
        72.0479782847695        69.9521482928356        161.423619416039                       1
        258.412058962837        60.0227824705391        52.2012092916975                       1
        125.684526601675        49.3701228713545        182.013446660293                       1
        24.8019435119752        74.1233152832461        43.4623891605291                       1
        22.9438690220681        76.2164441133262        19.5594412104683                       1
        82.1772116530964        73.8037005213705        53.4681660460931                       1
        195.968895975784        69.1533205270362        72.5209541666448                       1
        222.865245773708        34.3408982384067        7.89371057590895                       1
        74.3647234857113        20.5317603957192        35.2676831501844                       1
        89.3581671604341        48.6261735971178        147.406972425384                       1
        236.735651761212        55.4098294910362        111.743108888094                       1
        310.278163424217       -15.9013701933211        156.906860530113                       1
        39.4159935276702        66.5163534943426        44.3544965803099                       1
        215.653328875239        77.3397505676042        34.8693351326605                       1
        228.251052692256        39.3359893437125        16.8093777866664                       1
        355.847736354844        43.6037250139402        83.2491340958498                       1
        148.439701425681        75.4956843354762        157.685054394442                       1
        271.071572719443         72.829461708672        121.153796617158                       1
        272.893898440251         40.722994744648         152.33470010764                       1
        284.525007288528        118.935493421831        20.5964827452887                       1
        8.44753955605413         78.809783831926        65.5713425375424                       1
        18.9544494139924        70.4707803347373        134.207493748277                       1
         381.66735732184        69.4697310010991        110.812623516513                       1
        322.310917319291        50.4748749316452        117.356174663146                       1
        235.671086862323        48.7587715158141        19.5432242688728                       1
        213.181791566739        27.1736978455871        3.76840153375237                       1
        291.879510955904        98.3663288104039        77.2495607457198                       1
        139.109523077809        49.7346382739701        155.010250282957                       1
        145.098261314406        81.9121239021827         29.819731796137                       1
         150.94440235926        44.4864917236657        7.64607158658494                       1
        8.00379713260824        80.2110021550517        156.559346203393                       1
        89.9141377074196        59.9519811297577        117.732672395384                       1
        136.249269920865        46.2856868932912        107.661385261993                       1
        81.1179590691647       -3.98327367340743        145.971218028921                       1
        174.939548244554        59.7056164169252         23.352197826749                       1
        132.924309088916         65.302201160981        166.839149798697                       1
        69.9822721787741        42.7695367425684        88.1181578700155                       1
        212.263381981339        93.1333985797169        104.129091815475                       1
        180.857819490806        72.1842694719143        56.4075314488233                       1
        125.080478535317         26.229058699222        133.433468894936                       1
        66.8805707453108        66.0216291739426        100.006620468898                       1
        127.366343601954        60.7318098992548        17.0711145503259                       1
        78.3718966690969        41.2991938510116        156.205990245482                       1
        134.967590904544         75.807626162125        52.3139150386054                       1
        215.913390361651        67.4357195602363        42.7645114957898                       1
          21.87492467919        78.2182773875806        54.0018234415278                       1
        81.9351707174141        33.8173764635855        14.9655746192707                       1
        152.378240257079         31.310719026147        141.142553159407                       1
        307.464173614928        77.8787817156922        20.4956229132296                       1
        376.426342167449        64.8539871391418        82.1350255271103                       1
        325.790911574863       -18.6909767312597        71.8627807872508                       1
        62.4900460508865        56.3546965488446        169.288755496488                       1
        80.4052842620036        42.1633298968408        130.550154269111                       1
        102.137411064944        103.148612565543        57.4927518167277                       1
        35.1874319862689        58.7025241448099        39.6656565777513                       1
        287.306421663841        131.478645860688        110.323000582426                       1
        140.229930393088        71.9554573062315       -4.65441274891095                       1
        49.3266326591716        52.4384872429921        197.871611025325                       1
        359.966700556037        17.6971858999694        62.3296674481113                       1
         230.92151589442        94.2943614818028        154.451921961285                       1
        354.210104147053        48.9143604410738        20.9500393211537                       1
        284.143039638726        25.6537541258985        65.4906652185918                       1
         182.36254828164        59.9124691049112        123.536986230805                       1
        297.321923094472        83.3856204987218        154.908585231498                       1
        125.968664559675        84.5634627173745        120.231625132515                       1
        199.035887363777       -33.8649642702725        117.850163167051                       1
        7.51644393470821        82.2185895889928        136.254355516266                       1
        231.407603072334        109.161183124024        19.8625594432649                       1
        242.479378056791        40.9739190982534        131.712126965054                       1
        153.862968986248         77.037955939158        47.8449401524731                       1
        273.419046553187        102.868771785024         16.865781497569                       1
         119.32446639043        80.2111691522444        59.1003783810733                       1
        230.019209045094        69.6482215568301        48.3403779744312                       1
          112.1690230369        14.5394896018184       -18.0716683927169                       1
        219.878210171603        81.8832708141785          126.6374199948                       1
        27.5400329310386        99.3160608908663        52.9962283798115                       1
        197.376956323271        102.139727479299        66.0983407991946                       1
        176.259754928417        83.6538984073581         147.63136873757                       1
        268.286697061858        55.1130382413772        153.704388186275                       1
        256.455494017432         35.320311457416        66.4047560140682                       1
        235.296795954478        8.89481739940856        100.361054714804                       1
        154.920698367325        67.1172025714132        26.9036235820591                       1
         161.27658687004        93.0443398153997        79.9059939903785                       1
        43.7380191620345         56.691586611619        48.9985200814709                       1
        34.5865916624604         51.612930979741        107.628106872159                       1
        367.828921223465         105.05562856167        30.8293741209875                       1
        49.8716833317596        57.9767474122351       -1.25325903807495                       1
        53.8996587410708        58.7401011663491        38.1804723113123                       1
        121.922682514012        81.9530392033185        23.8689019984788                       1
        154.411872963417        45.7968691253621        158.614225510092                       1
        237.755389083067        85.5602399595344        160.568198856837                       1
        314.506352060586        86.5954179927061        9.43284420535551                       1
        2.58378825913651        70.9009830951572        81.0822428042388                       1
        371.329203977239         62.485422576397        142.032283182842                       1
        138.769109576721        73.5133095808561         14.292873352183                       1
        46.4068684396776        70.9260553057762        72.5075043616945                       1
        152.153681287707        67.5778635999277         14.984231498818                       1
        28.4339418482914         44.060325841479        41.9980019077242                       1
        260.119965427257        47.3900116651937        5.10340079360056                       1
        53.2571860779849        41.9238520559568        32.9508803597794                       1
        109.817973529352        72.0687542723039        34.4341088816969                       1
        21.3596917635501        57.0531868046278        107.204414699274                       1
        313.575836174584        82.5270755705813        138.329171167022                       1
        62.7458263030501        55.4542623395367        62.2945352663628                       1
        2.26861762037448        44.7049803937767        124.358514701747                       1
        193.407898933821        88.1900696127949        123.572207434878                       1
        55.9156819117517        62.7799939912505        122.114262203063                       1
        17.3796430500829        59.4469019676648        50.6643927837637                       1
        246.440775145382        100.875264727811        141.718413824647                       1
        194.639926750875        84.2343577337098        140.795356790985                       1
        257.654013432592        44.0538303737747        173.936062029627                       1
        329.765427831053        46.1470203691959        140.340382038201                       1
        175.533367244853        25.6331294488528        97.6203529112168                       1
        107.635798307355        65.2206427978245        105.390983782704                       1
        12.0749220320294        42.5731014181222        107.569205145006                       1
        252.388791161211        63.9901638953489        193.346819607282                       1
        37.7409502076633        79.3358712494798        182.557093750824                       1
        158.750954833627        62.7180684419985        123.437568780669                       1
        185.712145840188        56.3938890774795         160.73376226176                       1
        7.03420219894179        49.7530102185475        55.2980256307748                       1
        216.634573765432        17.9354982621604        16.9554214932679                       1
        44.5978426087947        47.2693934759745        146.298331417448                       1
        17.2033892399206        84.3595592729182        107.967996876386                       1
         23.779607751111        66.8771383874255        150.207722845583                       1
        140.738853438496        68.4284754722569        39.6264625796783                       1
          1.447142568575        31.2121193694252         29.034752451997                       1
        204.936564085645        83.7369023866747        144.880011853949                       1
        108.904907516942        35.8871677167004        15.5746643672095                       1
        338.615261606356        7.35626797404849        162.761929359277                       1
         42.996623328297        69.4812640144529        109.653317570624                       1
       -6.78995932588152        46.1798575343196        69.1706068944908                       1
        94.1220115378041        82.1129667169311        145.453788341306                       1
        154.075316164813        91.3341762168942        43.4730760061981                       1
        25.1272537868975        51.3514260559927         143.55360696728                       1
         366.54949850784        34.9667377726056        99.1143840392263                       1
        36.1083867436079        52.2432549532121         71.193194012603                       1
        291.781409663029       -18.5677098826935        121.856516863248                       1
        220.948165078348        107.521176210457        150.209642475814                       1
        153.896914234711         59.343634618252        46.4774556417917                       1
        166.379252672283        70.7582118293932        166.075270325837                       1
        143.248034042615        94.8001576780931        20.8803753624088                       1
        261.406693018597        115.747326481173        137.436568633267                       1
        36.5448153962693        58.2830283376127        25.1595949130419                       1
        73.7859972491113        52.0290032788603        13.7820779702985                       1
        322.031024151018        88.6493655198777        68.6525106326267                       1
        191.087200078694        67.1699806804705        94.4202638414224                       1
        219.259341725502        95.6984006962423        29.2972832074545                       1
        184.766869195808        21.6026009999708        56.5638770493962                       1
        141.521414929639        79.3954100798959        91.2963992111163                       1
        378.208095837179         61.403934194702        37.7463731034375                       1
        129.141926694216        76.8483814412421        75.4512231669704                       1
        56.5001551173259        73.3491689390444        38.8745385266421                       1
        343.070731240893        77.4761678955733        116.287362891286                       1
