TEXTURE AT STRAIN


B  50
        133.888024902922        147.218275752715       -7.79411797892816                       1
        49.0871068904911        60.4372118339861        130.972455320406                       1
        318.702785904352        38.0795305902356        41.7821113067651                       1
        141.273183576075       -54.1163052397568        29.9387414968786                       1
        334.421117216416        43.7929654059781        1.17126883760273                       1
        60.9586697915348        71.3596155899487        141.691983290812                       1
        354.774240517654        43.0120762074936        154.983519326152                       1
         61.108670965105        65.3428057529781        145.184863626118                       1
        70.7815896844877        81.5085859210542        154.386540928937                       1
        78.0871882462615        58.2403276831978       -40.9950581335957                       1
        424.573490719497        113.818332236852        108.822497692424                       1
        45.9424781097487        78.9245950611352        140.944383093262                       1
        345.845543811225        48.0383110078817        10.1510499536752                       1
        166.086489632429       -30.7140163023781        17.9278100103029                       1
        116.264769937987       -41.6995326380557        27.4989766027081                       1
        65.2986676799885        64.8216271212128        158.903052388604                       1
         311.09537921912        16.7862764501212        23.8663895883395                       1
        51.5111160770508        78.5111759105856        158.529027147865                       1
        170.606167912466        149.983409817759        13.0528702935019                       1
        246.338226209907        126.206944862162        231.146425169389                       1
        142.024159549358        -31.809973935589          203.6280472134                       1
        244.300797260991        133.187559494037        31.1967874180266                       1
         494.94211409423        132.960815574916        161.714405101837                       1
        60.2192789500407        74.3013182654105         124.98926644622                       1
         47.629856556417        59.3343110988799        166.118525859023                       1
        286.122439585543        32.3382253490697       -131.115234552658                       1
        315.403056828575        29.8053171708165         23.607812580028                       1
        320.567811424797        61.2907086398037        3.70752285538363                       1
        297.552538567934        44.0900681633436        48.0556839188783                       1
        353.857908672434        40.2813166301284       -5.48091636686224                       1
       -28.6968689082118        47.2400431241741        163.058786069141                       1
        163.679161911853       -57.2375512969183       -7.34387332883495                       1
        307.944734900114        55.8228871298936        204.820466965091                       1
        254.761129905979        73.0033290084928        84.7944588437272                       1
        147.716213565178         138.39103762844       -19.7834855093766                       1
        327.209445200057        44.4693243128469        182.010823257723                       1
        81.4277563667217        75.9246876197751        140.886510203648                       1
         38.869794355778        65.9430306076311        152.829845737952                       1
        152.729823265735       -59.5514361132833        191.899805864786                       1
       -25.6682083862655        30.3848380449805         169.37100537777                       1
        301.148959510057        104.928564573741        172.363037819092                       1
       -56.3032641889564        21.6590628509984        49.9206269368132                       1
       -5.94750769763099        21.0567801163396        175.456288854512                       1
        125.764407672168       -48.8792789847088        5.72001121738491                       1
        303.757538761454        33.7823220992288        93.2243662455485                       1
        229.831281516049       -50.6577958038019        147.541231390758                       1
        61.5587935163355        89.3577790588677       -38.7252199841142                       1
        227.292979309829        62.3737356072195       -18.0531120905822                       1
        75.0093661765519        68.6602606352292        126.484435283598                       1
        254.619555165979        93.5850594425542        51.3729282734016                       1
