TEXTURE AT STRAIN


B  800
        292.961534469175        6.51526360653854        179.177567474422                       1
        32.2568376483121         77.447907981295        133.579978421525                       1
         94.378696853744        79.6678666541111         117.52575781285                       1
        282.185603212011        55.8885805112356        86.7062041171645                       1
        307.502374756215        58.8815737507576        174.078370590105                       1
        264.704328310184        49.9257445746786        141.485384475408                       1
        108.623726448638        75.7684821930335        135.988957474153                       1
        26.9449572702191         46.816230732629         26.564776798525                       1
        246.319166173229        85.5098639567013        110.238618442611                       1
        169.323882387321         91.660294338883        23.3239160334529                       1
        218.799850531683        61.5051201970828        81.2737462760074                       1
        284.898070882386        77.1386520445025        62.7747609448856                       1
        129.725687878406        72.5688307674549        65.6150237079766                       1
        156.656701826542        91.1165091172174        169.559405871333                       1
        40.9785601950506        87.8081675443666        74.7721278840612                       1
        277.961712346113         76.143031818972           16.0230355206                       1
        344.634336635658        68.4468963140108        78.2269875386514                       1
        187.901254993125        12.3299491261948        31.8831043217718                       1
        58.7517149671814        20.6418824291363        149.007600284193                       1
         191.53933696373        100.833948787848        133.571848447422                       1
        23.2770965755012        59.7512454004746        94.8351487136517                       1
        72.8035835889322        69.6693897466184         129.44227360888                       1
        124.912383805945         19.916638528315        55.2101084462238                       1
        221.165254096405        78.1554623979595        184.174925102655                       1
        375.601860355539        68.3119266604807        88.2452473492961                       1
        73.4826603696029         56.797288748931        143.790547289742                       1
        170.407458280596        67.9051550069136        110.862218637763                       1
        313.231935402467        11.8184650658625        3.61606629834689                       1
        214.012462308416         24.614372114551        78.6989921802628                       1
        249.092481555341        78.0712942889885        64.1804535518771                       1
        319.769952793067        86.7564339549807      -0.395486560901895                       1
      -0.354164749666939        85.7153007647689        2.91160237840123                       1
        87.2751180318205        71.6955968451523        112.142312243276                       1
        126.713065196451        86.7689864938885        68.3015856502372                       1
        112.901486857678         75.422257128039        67.1146640548258                       1
        223.699874921564        83.1702698559153        139.722470951681                       1
        134.516158847677        17.5161609697376        145.992242940302                       1
        95.9098312625678        69.6383924365772        52.8635930967305                       1
        13.8814878577748        77.9493713892434        15.7091808086908                       1
        284.659720604074        41.8524654444803        112.719799065295                       1
        185.791497337234        68.4327487232613        183.497177499887                       1
        126.632358247622         64.974517243025        118.915904278013                       1
        170.751304342224        68.6273234301463        142.595505336607                       1
        133.707590606084        63.9952773962641        18.9118186113086                       1
        339.251628899073        53.8695933131078        137.882517635046                       1
        352.289213429973        66.5602140420107        119.451060754046                       1
        17.4524190715396         80.629310849435        136.521857447419                       1
        187.001027987843        64.6502021350197        94.6049113486373                       1
        335.173467452773         63.270597946216        120.446352259863                       1
        237.945120253639        9.59866681942369        64.5113557009996                       1
        307.780341002594        49.9086846057286        99.3807441643054                       1
        0.98307124696367         73.363224388347        16.1952240977657                       1
        296.286866462704        83.8127704512709        166.146360819888                       1
        24.8343559669952        49.0960208123571        73.6051617815044                       1
        375.343536909624        55.3106662121802        16.1847006419713                       1
        287.394314388213        67.0700150496778         102.22860270486                       1
        183.810034802789        29.6347033106335        147.421752848179                       1
        327.984149400306        58.0465255819687        55.1151786410241                       1
        188.280681237476        19.8189188366761        73.0925063457239                       1
        114.378741272752        33.9887901351342        24.3648849671192                       1
        270.844562298423        31.3321016317316        114.717068443664                       1
        286.668380751844        59.7036185559918        139.534459565008                       1
        336.579822522751        74.2990502847553       -23.7265840862113                       1
        194.145379793656        50.5181588834538         3.4006707483412                       1
        59.3684055624444         53.950390052874        11.3237511067994                       1
        263.132046378966        106.797751926106        24.6849525555912                       1
        72.5390277843826         79.008128446954        151.934344553847                       1
        103.173215909992        84.0775601805165        153.974981337747                       1
        49.1901405390342        51.8926221780068          83.09652338936                       1
          320.2088381705        75.9384096270268        49.6108861730229                       1
        24.3802804074253        38.6738599424211        123.347585629047                       1
        44.3706045375758        49.6495536142282        80.7889383037268                       1
        36.3801782745396        78.7863437008502        151.697621557911                       1
         304.26794358006        61.8271715408209        49.3099386480293                       1
        215.462962275301        89.1824417144993       -2.12825047077288                       1
        234.279587917996        67.7650685251995         64.066455223432                       1
        287.937171626363        91.5047239364283        3.99067864123308                       1
        175.923591163329        81.5002932770771        55.3419040799592                       1
        82.9370121850056        8.88649864412164         179.04080513369                       1
        193.688532018097        29.0414248054976       -4.44345110572583                       1
        318.065242530571        78.2684843886507        100.780210233729                       1
        103.912009210388         85.984147019507        193.822100314442                       1
        231.067262994658        54.7141845418702        81.5089796774003                       1
        285.218879365686        61.7035037145806        147.882348755466                       1
        265.838952330293        88.7437854564485        106.560764998313                       1
        231.236965472876         53.076462445839        57.7284715701073                       1
        105.726932002573        67.3981629768098        118.357924275945                       1
        291.561105751534        44.6153502164649         165.81691682742                       1
        286.140850515577        68.2595316965891        171.109883485566                       1
        190.995503684689        75.1059167397917         31.745469685703                       1
        283.594507966286        75.3171414587139         114.55513914632                       1
        199.502730724577        91.5062415951055        142.363522532788                       1
        138.583877827633         20.527741968722        13.8560627806626                       1
        91.0328340205369        64.0415805871554        47.0700351386437                       1
           167.839749284        87.4163844948847        11.2669689570938                       1
        28.9754979688784         69.923530879758        85.8426144464773                       1
        88.4395879212631        52.6841217111027        55.6520912686771                       1
        336.603226825084        69.9748014792694        131.245604336603                       1
        173.487134805978        91.7716933980258        70.1697196852925                       1
        239.372194257712        90.8175021484597        39.7969802917254                       1
        258.369830882858        42.0825648071115         106.82377238828                       1
        212.244920287254        98.4627929389948        78.4466560656229                       1
         24.652385904233        70.3286946189904        123.666888476091                       1
        146.413789397312        67.8600317799769        144.159652753142                       1
        299.180634920688        76.0281154766921        156.161019360579                       1
        335.897861891597        77.0300797651164        61.5213055164386                       1
        47.6615719049382        45.1323519927713        19.7187894023935                       1
        266.868096322482        42.7320107100812        126.397928299364                       1
        231.325827675504        65.5880105847452        18.6178029343342                       1
        179.392153833337        98.8328067239458        63.2265865735131                       1
        289.005232255858         48.140530056293        5.51312202850107                       1
        198.600248882275        33.7528627802467        70.4688100264299                       1
        93.1101686980924        19.7609551536056        77.1441798317112                       1
        185.298122600323        76.8150548383781        17.7619981523514                       1
        166.409392723867          50.35803951977        151.318126479461                       1
         122.66628175706        59.4060640661479        63.8027041234627                       1
        297.419457028463        79.3084986209064        10.3551343188836                       1
        4.47026524711127        73.7385939647511        171.272073676657                       1
        192.300105710827        78.9834713146638        208.835960553776                       1
        98.5542307604908       -1.46503452708252       -2.07883923712169                       1
          292.6408543724        47.4957553389695        99.2925004418342                       1
        15.4976493024318        71.4501583027118        101.428408980099                       1
        128.643668885915        70.2058599245087        28.5582061935759                       1
        289.799392353349        88.6431263835966        50.9326606655989                       1
        204.984441204819        73.6687746099619        30.9120711334252                       1
        206.585554818858         100.03679453029        99.7532579768007                       1
        243.118160350994        57.6689184859477        87.8806050326446                       1
        225.185396966574        65.1345768369542        147.308347475379                       1
        29.2920873158355        34.9314325738047        90.3936807557578                       1
        192.212631643831        89.0694619885192        69.0642140542737                       1
        317.558917575698        30.2867900293021        116.360889521065                       1
          341.3753092974        81.5999582619144       -10.1707541760999                       1
        227.566583916183        113.311183876787        70.7404632202229                       1
        321.299270458598        95.5195471930324        135.057963961211                       1
        113.771210537624        58.3863438857852        33.6648182335055                       1
        130.322417258813        85.3095814655713        112.391996285226                       1
        186.404770215575        59.1483212222928        18.9048452524255                       1
        101.578845355855        75.0430903429155        112.825882532988                       1
        23.8548586110986        69.1014300907134        71.8940729974954                       1
        109.542673821027        55.1277956592729        86.8155706471022                       1
        325.234111348008        38.7890612440372        180.703324090468                       1
        360.559913995952        61.5590124449826        109.663884818059                       1
        171.022522295871        38.3673744486201        100.339425099011                       1
        10.8061988597174        62.4593102595068        131.660688533383                       1
        170.911789018588        64.5385824741475        189.473164972979                       1
        313.926527392206         62.857353753345         105.43666615788                       1
        247.828933115137        58.3313817772648        156.845826540006                       1
        37.0251506835784        61.0888515621828        164.452251060405                       1
         253.76648168843        54.9191417311113        72.6042056752489                       1
        10.6098268110721        70.1074849812284        107.682657104464                       1
        81.5403903598274        64.0721336562652        113.068701833021                       1
        5.79611694811185        53.0070840514989        76.0145999769558                       1
        236.042919276016          88.67833486409        90.4244416110014                       1
        319.994934897389        44.1179434136678        91.4385793762198                       1
        81.6916117754101        74.3124416184123        69.2713211632769                       1
        3.98678213020316        59.4010828563121        27.5252629759405                       1
        212.905250698192        24.8720778343483        145.264156501106                       1
         99.522361812681        72.6401265278106         68.525697037078                       1
        338.014103486982        85.6310705946063         129.88705058175                       1
        35.4581993872963        78.7647489306515        18.1626515101494                       1
        325.461358900698        98.6809505293376        62.9759938463151                       1
        29.2723617393058        56.3825300519962        63.7492922878027                       1
        286.611222899156        37.8205711066595        82.7097735038323                       1
        125.415974947239        68.5907822279407        77.0778905803259                       1
        42.2815139787368        8.54028725840404        161.574852104303                       1
        314.753924193598          41.88329633653        130.551588147894                       1
        128.535618157608        68.7381625368938        51.7369639677448                       1
        178.711018259179        53.4339218409892        111.386899221457                       1
         227.76078125575        34.6318115674823        102.119020061033                       1
        148.407972178618        81.7611411114302        140.971014679671                       1
        80.2899624709222        87.6852994252364        19.8907745318195                       1
        103.897534788551        50.4101820551078        178.487247685903                       1
        149.649096564174        18.6620887446513        98.0029030218864                       1
        342.272084023227        84.4554986899337        87.4822937569963                       1
         255.60940529476        68.3486383126091        111.690757668065                       1
        142.987732389743         92.490230663384        151.494627836592                       1
        275.880863362595        71.7188757143552        94.7597310924227                       1
        347.628946590162        80.2455080395171        130.775219717141                       1
        236.064567142994        74.9067467237723        123.322986558992                       1
        254.010251296386        83.0427865938509        58.1927950167747                       1
        238.836054736388        60.1825688206933        145.457551810276                       1
        1.85254722871379        60.6906496505274        12.5592800149293                       1
        232.154872297047        57.9590226359177        133.390166216482                       1
        258.458886030839        68.2980970205665        49.9890870412668                       1
        103.366097636158        89.0756565468261        62.2527394916177                       1
         133.00606492696        85.9045583510994        55.7724402570679                       1
        264.670934539401        52.0097909194024        116.463419934034                       1
        120.449260406722        72.3980751041076        139.784148757045                       1
        277.078111840182        94.8237269597649        100.583915347716                       1
        295.088514526583        44.1768503833518        85.5419702268426                       1
         11.523646331887        84.4610739154971        156.329522755032                       1
        155.301246454498        17.3555069562638         42.801777391087                       1
        148.905814734065        42.1152405941328        160.018720312352                       1
        345.355957615422        105.824727054713        152.154144260054                       1
        77.7287198339541        33.9327061519611        101.290124330809                       1
        306.169202288495        39.0052197714043        33.1540952674643                       1
        152.323456787149        29.5893849218559        24.4395976060054                       1
        245.940231154997        63.6280849656682       0.455719815753468                       1
        304.435247017116        81.2797909582948        51.9163931511584                       1
        301.882840100043        92.2252318220729        103.285648827379                       1
        158.606762657462        53.0383398055874          139.3034426217                       1
        56.7998901663289        56.7884687093373        148.048004492361                       1
        161.246845657798        74.8674069886342        129.057899354903                       1
        26.0779155757716        53.3807506713653        106.415303533737                       1
          208.4416058705        16.9554595975887       -16.7621013294944                       1
        96.6913017005798        58.8407131117998        37.4362815300954                       1
        106.716195071216        94.6112355625982        27.2420519674474                       1
        95.1082924445044        13.3486936036605        110.494320963832                       1
        83.2996892221118        91.8950072386379        51.9848005000422                       1
        307.632984125909        90.8947217455596        66.8802487539818                       1
        181.710488842084        17.0831569576348        17.7950223082671                       1
        155.273367470136        54.0865126961861        64.2435407819291                       1
        109.516766141775        53.7223395449758        81.1938432235395                       1
        163.373326915619         31.551406127569        44.9061431872694                       1
        251.322845536659        16.5820234788528        139.508232545789                       1
        330.067362191245        80.1768987771408         47.432771488453                       1
        172.837970130136        25.5001200404447        37.5799816840064                       1
        318.423475163236        15.6261464045683        79.8005781848654                       1
        117.110656869466        69.8248510170761        12.8218603778481                       1
        226.071315597461        46.9294420534734        109.617521740121                       1
        297.040256430371        82.1477322453018        110.836208667343                       1
        345.253464109918        55.2542925654802        18.4924422758548                       1
        247.966524120999        40.0959003722236        104.891451763336                       1
        86.1844696011185        78.1154920054411        131.580194833833                       1
        271.706764440645        64.7958987963595        55.1266150872889                       1
        211.092237891523        98.1603138826549        34.2252720669251                       1
         17.565244440592        74.1351640192386        118.649673960856                       1
        238.661257000569        74.6277271246305        149.628901814671                       1
        231.728469827377        69.2896355818169        127.608509320202                       1
        297.316407147233        105.301790894862        154.945125661013                       1
        354.901468322848        66.9173786462753         105.21921383679                       1
        272.960936024856         55.874601761292        175.679359460293                       1
        126.363976010943        58.0641869140444        165.118281217917                       1
        138.738278750939        90.9043270493887        124.082907390766                       1
        177.388617409331        100.471910752195        27.0309212797139                       1
        259.120319789471        65.1859642660091        187.025728286832                       1
        202.832995420125        84.4457732440875        44.3742562163331                       1
        73.5420016158334         108.73362552864        8.57054204874821                       1
        255.698866185222        48.5126657440421        67.2463610743061                       1
        58.1660518768336        75.9278882936598         146.14883111811                       1
        14.0665871707486        64.2183992855324        37.1970555038959                       1
        340.218677808951        80.4425564346027        155.149830429379                       1
        51.9285877903679        98.2371770772014        124.681831164008                       1
        41.7618444070614        80.1266717826344        143.030515763734                       1
        303.489279453089        78.2734560365573        85.4277995009898                       1
        54.6638072518834        77.3965125402458        30.9285349707778                       1
         133.43634727649        10.6545003571654        70.1506283839735                       1
         112.97547120826         57.645195602425        54.7748387615727                       1
        337.361032254304        92.6540204702039        155.024397437757                       1
        287.026305548868        21.3406062478866        43.0369068359755                       1
        175.537022622873        81.7302604806536        116.991704825748                       1
        268.674689114147        46.3458310264086        41.3129078128247                       1
        281.231854380491        67.0509444107169        135.989429642569                       1
         91.739874621281        77.5793034572825         55.804277392342                       1
        213.332096818135         88.379393880753        45.7418479201851                       1
        43.8502152910741        43.0509019572757        149.188587122549                       1
        115.978005498318        82.3525376133495         3.7927718444348                       1
          111.8525909393        59.1749757692903        73.3485650198914                       1
        73.7059018768305        74.5059607008137        13.7950228571775                       1
        43.2326180351861        13.0009537912769        30.7867620728785                       1
        49.8062323277051        74.9947334380831        26.1232815677087                       1
        14.6706281905599        47.9380778744522        167.997384622728                       1
         9.6555215635994          71.04445851123        81.9236579837641                       1
        195.118173832654        71.7968915175569        55.1775540281826                       1
        322.682490539726        74.9748933217248        163.015541308441                       1
        338.139885958459        60.7208191397568        165.748595821758                       1
        264.714685499002        75.1086322113939        25.2846992155139                       1
        161.763765859394        75.3001228916287        149.344635198674                       1
        317.414091752295        73.2577939498752        172.820536083429                       1
        330.616332496819        74.3828847392451         90.489498596349                       1
        3.48161623722188        59.0031205112259        74.9797154465496                       1
        353.266826409913        69.4131887415524       -2.12561478307468                       1
        276.295640728423        76.1345418766757        46.0076556055649                       1
        38.8781494558781        26.2619916227805        91.1752651096201                       1
        13.8408081775147        30.0010597101886         76.899090485544                       1
        326.427958545096        61.5245135194654        105.708912525381                       1
        245.259113191307        48.6075859372527        93.1161932553784                       1
        255.923102280287         59.635197099546        23.2356173352288                       1
        326.028167805845        62.8827854269366       -1.87917967511964                       1
         157.44385774878        87.9110341826904         141.92419886229                       1
        152.743931929736         91.486244465855        15.9266831194097                       1
        118.247750134821        72.6056443316449        87.8379783711224                       1
        59.5476414712888        28.9690986688001         166.61976112316                       1
        192.873538990571        66.2795757902167        16.0822435700862                       1
        310.886116070194        78.2355973311362        176.622262746012                       1
        241.773326929664        112.729854055403        91.9943946476131                       1
        129.683203597903        54.8612134048606        146.240600847595                       1
        240.641898024241        16.1960801062027        41.9365145084229                       1
        37.5899884039065         78.047307192768        54.8103485885187                       1
        276.383900897042        100.459138139779        76.4795303503087                       1
        179.006981150919         71.101559410788        14.3917443936024                       1
        175.931754196446        78.5114788011163        101.793922963357                       1
        20.9381681252597        26.6081089451697        95.1865645921911                       1
        349.231657018323        72.0817891434219        52.8193837178669                       1
        299.653013944093        103.496465995057        75.9093192329481                       1
        121.615072409358        77.5599689958515        15.6516651194746                       1
        130.337431393902        91.3275677795497        86.4170668544186                       1
        231.663055245367        35.6507084795048        118.290316293017                       1
        39.9198565526106        57.5647501254314        75.4817288354758                       1
         101.20462216073        61.0216078450644        118.731570147488                       1
        177.133388456815        80.2732770930375         174.95504241279                       1
        242.940293031242        78.1538019660336        41.3261981998249                       1
        318.052392551549        86.9783795134973        74.0314644105212                       1
        120.438410184287        24.8593223049028        81.1294612239811                       1
          182.6296679437        92.2330064563193        44.2736802780431                       1
       0.288110378301851        65.9362140055143        87.2771865985163                       1
        39.5378529434247        42.5060605334597        59.2221902915004                       1
        136.816213026623        17.7129835900217        194.930077069277                       1
        277.217272594816        36.8604938067636        44.8643945847691                       1
        260.652846426937        64.7729349965081        61.9655564925316                       1
        369.908251079283        81.3103038729491        91.4080798229693                       1
        39.7545133776536        67.9627087367118        38.1082615699469                       1
        311.658703749525        51.9155750708641        145.712747840602                       1
         161.33960365252        83.1849473021296        107.925379049188                       1
        93.7615378554086        58.1663187247742        60.2096823790514                       1
        343.246529011622        56.8880609437293        4.32905000564638                       1
        230.637062986436        75.7348824137284        161.600483405449                       1
        270.471759334536        91.7241337985438        111.490261001074                       1
        336.285050066885        14.7565425137981        45.8047961037303                       1
        175.627924379527        77.8337471806169        154.706215975009                       1
        197.238997476983        67.1946412739248        67.5706517091031                       1
        261.409495470333        91.8813550075907         33.934041586704                       1
        99.6263498703911        77.5957789412943        101.112258854673                       1
        180.469447136868        29.1714437860334        21.6573002778887                       1
        42.7058640256148        65.6374812408847         76.381185012007                       1
        229.315846993869        23.3878302274378        140.382238383664                       1
        134.687672513371        53.8572518435034        61.1878201523963                       1
        368.896357255036        68.6100877524552        172.336366567077                       1
        279.378494646599        70.5683327457993         34.953878059412                       1
        70.4658714033055        81.8326734517121        110.507045138323                       1
        110.675919650033        62.1223937594551        31.1530666774876                       1
        303.281696369814        72.0669748987749        53.6658305430164                       1
        265.509066035352        83.9961291845845        59.9490951333927                       1
        119.171778487596        78.3870751457188        55.4539671520863                       1
        20.4918965150701        59.2712078649863        163.496655496749                       1
        340.751851408841        62.3540142129714        30.8958345392232                       1
        372.370933309639        69.1478530880126        157.409852158381                       1
        146.799866082797        59.2709338484843        130.705554465705                       1
        312.759308077924        27.4048744727327        84.4971259343391                       1
        79.2978604446563        83.7013632807666        52.2129515177903                       1
        110.510225854287         93.435317617988        48.0057679772552                       1
        165.419945295697        14.2673695349688        47.1548669257688                       1
        129.014833997128        48.4378666805097        48.2845484841028                       1
        280.078988848077        50.9252635916666        58.9898797140177                       1
        -14.083984298953        77.9775462290636        103.212465189028                       1
        201.893107526923        105.402348520482        40.6587514521391                       1
        300.197897937975        29.8830518136805        168.974790311007                       1
        72.5969203619722        59.2598217611398        83.0148151690615                       1
       -6.51975193136476        72.6239399179236        142.018426782126                       1
        64.6694196182284        53.2437728827982        67.4661115533527                       1
        306.949152760761         57.843904775315        85.6283011595639                       1
          340.7662941637        24.8741194072809        135.929963433004                       1
        -6.0673575605882         41.636957004531        93.1735334974864                       1
        56.8947031908049        4.53902701588795        117.493498093921                       1
        210.365354839549        93.7318201270152         92.003663188308                       1
        11.0210254452947        15.3686775843575        13.0976895368579                       1
        24.0822416236588        36.4989111523543        7.69168529975954                       1
         291.64058170498         31.528891848976        109.362437202927                       1
        69.0871885087886        110.382054790686        165.848232351736                       1
        265.117603434959        32.0727486484896        20.4050367922103                       1
        51.9383835577349        38.4929316234781        90.5766661481119                       1
          320.6071543361        62.2508694956162        160.482899745991                       1
        208.417312599397        52.0227601492903        137.707217417935                       1
        64.4469169953859        122.936538936473        163.082321839387                       1
        23.8730729865685        65.3436915638758        183.858773550656                       1
         158.98532841437        89.8188568775009         42.133604874737                       1
        335.921060152031         63.574878858262        144.797425603077                       1
        185.625328485285        59.7283683603188        139.057598094764                       1
        114.734815548203        61.4522423137374        43.5915741457638                       1
        119.881954670887        84.7333410384798         120.41725522431                       1
        302.197469104962         54.528512884232        29.2612335537244                       1
        53.8566436693566         27.267867256187        111.146139019478                       1
         149.98157173109        76.1723471700108        78.5074764318314                       1
         279.05066993298        8.73477023558637        118.212870939166                       1
        296.933606402993         26.194805954297        52.7079360390056                       1
        11.1394042327687        37.8211046994723        97.4172955283925                       1
        54.5753905503824         57.969909679461        60.7540975912903                       1
        265.445226914365        68.9417292825763       -3.06235805354501                       1
        154.497423233111        100.395336138256        217.519818580429                       1
        195.156926814634        46.8120118259644        146.541467340472                       1
        288.149759116647        34.7624183758378        75.3529991989582                       1
        322.254082053193        61.9026389699439        138.029789630619                       1
        235.558351742697        100.647738736743        82.7915676780541                       1
        17.0334462675159        63.7435377841336        11.1702196838799                       1
        100.393251019018        59.1899887538265        21.3242746698942                       1
        22.4036630274093        72.8706051236831        89.7602157370618                       1
        264.040973386139        56.9186874226612        139.958865771468                       1
         118.08153991287         65.193325818861        191.331267436078                       1
        254.706100771718       -16.7096867720108         85.490930785038                       1
        274.409051696782        31.4572978441175        107.543139055361                       1
         318.93368961134        78.4879743045535        11.7749369995891                       1
        73.8875652824514        17.3757280214033        114.618814592218                       1
        131.912682597383        59.4595156158634        177.880129183614                       1
        21.9059412627419        71.3911226973624        19.9558763372966                       1
        284.645628823889        42.1987887268266       -4.60302403247241                       1
        153.662910252125        88.9652926914933        80.8327653795194                       1
        286.386799117421        36.8766109945026        136.686288155411                       1
        307.783529325009        39.0698640597452        164.679341296167                       1
        282.654531236015        57.4931743691032        8.41010062911878                       1
         112.12746435262         67.255352919479        63.5602247867899                       1
        270.462288377359        21.7013860525181        118.414727731408                       1
        324.188395641858        53.7415968114442        147.827404523195                       1
        195.101557992363        98.3474289667426        32.5741033355288                       1
        66.3690414451673        64.7016848062676        67.4872792615244                       1
        208.862290369429        18.6381809243968         63.279310346437                       1
        106.123904403722        90.8634665436179        63.0447505246174                       1
        195.852574156833        27.8146441822125        172.422468062636                       1
        236.340298616346        19.5610181607633        125.657583576071                       1
         105.44989824757        68.0438557303076         157.87373555752                       1
        189.930831530818        65.7237780126449        125.929315609411                       1
        76.8095495967982        49.1914726828716        17.3466233734686                       1
        195.554004650116        86.7449240390552        10.5580290349811                       1
        199.209710197834        87.7032362349326        34.3353143555668                       1
        59.8592072485696        41.7547227962488        101.048890261968                       1
        125.875309585175        50.5642106191088        23.0462966464124                       1
        270.824068042445        25.5964794287884        79.3165330056136                       1
        226.888533896599        74.8749780012406        143.401315431275                       1
        259.833495661693         54.063148532698        105.607262386745                       1
        140.587193779159        79.6137632662627        121.309743769984                       1
        20.5488301909778        55.9019565213669        87.9077682112483                       1
        96.9962288743439        70.8857962516809        34.4068747769702                       1
        264.455265209135        47.2143695050649          2.842073293411                       1
        322.183198149244        85.7337820342039        94.7709006113325                       1
        231.972410940537       -4.52771352133548       -3.37282669034326                       1
        5.92410079254378        62.3729444342184        43.0287709947595                       1
        161.890876321581        100.933048248896        83.7572329121409                       1
        98.3063742805621        90.1092075142958        64.9392440725507                       1
        104.453653983107        85.1053771629162        104.603851670854                       1
        317.958457118435        22.3321138405182       -3.45629886708123                       1
        301.599100246206        43.2176490974379        58.5435532367591                       1
        30.6919065010969        20.3584960987641        55.3480562355977                       1
        20.1614063594191        93.4650455797872        134.241208235944                       1
        38.3431660475733        43.1878647287058        64.2427177058648                       1
        169.370402066753        90.7242829695493        38.8911310567599                       1
        16.1827376250781         45.321990169158        88.5463984143877                       1
        136.168158106431        70.5396509635225        148.371794933134                       1
         208.65119593653        58.1763615294994         74.490225809335                       1
        97.3570185531952         63.759728667003        144.783374753257                       1
        329.230770835227        17.1803152078472        132.402950596165                       1
        136.674139704504        74.1032729515177        157.650291943662                       1
        228.072086141069        91.4498091252317        122.004478195012                       1
        67.0982201226344        12.6502606567304        72.2802740811971                       1
        177.527373884982        92.9086724394101        82.0356764167825                       1
        47.4466149111071        60.0427765349056        64.1528917287711                       1
        263.962811541409        66.0332458645872        6.46048233922317                       1
        252.633108122463        72.5608873871457        50.4211136075348                       1
        3.93928177975397        98.7401466933837        136.777587274533                       1
        179.230938507565        38.0183224970847        198.228121185486                       1
        70.2616736153911        88.1081005677101        36.5025376120055                       1
        342.733338762654        24.4645666210036        151.394284114113                       1
        6.89881906288524        54.0779359967477        126.414423456377                       1
        140.084650090837        33.0594208626689         20.551977365338                       1
        206.786470875906        64.1848331548237        152.232485983184                       1
        214.494876502614        69.1120313166041        169.479653434959                       1
        48.3219002880773        66.1668369820392        86.7527693658719                       1
         108.44194944723         77.497458249709        51.8212916230777                       1
        4.35743665601415        101.787514905841        159.385892624445                       1
         354.91110446749         50.984133972657        102.926751423142                       1
        2.24309779352106        76.5292436197353        136.575913213938                       1
        98.2496575603218        93.9611875893242        43.2352768126443                       1
        350.069855288816        55.8511435037238        145.328081324868                       1
        311.656166110482        58.4187284333559        53.7046060524189                       1
        59.1399488493211        69.1411307881693        191.332858476084                       1
        308.562619571084        97.7745036854726        7.06739257276867                       1
        107.912093018611        27.8448813272091         78.679114539692                       1
       -1.92458094605593        84.6757694489639        41.5047500830555                       1
        219.003758982059        10.9720417230213        42.5116154333992                       1
        225.392204692532        108.821247684487        131.587399884018                       1
        110.378372765078        41.3897323749153        46.3196456542698                       1
         154.61297881219        13.1395514023755        123.628789375631                       1
        359.224330519419        15.3792259059129        56.3572563018304                       1
        354.988076151539        46.1500103260431         39.511805840295                       1
        110.333109502225        77.6966620211863        69.0231105602305                       1
         40.341538786921        36.6465465258055        73.5041616329446                       1
         344.36638929792        85.0854237449182        57.3543996648399                       1
        345.737009722442        73.7837813022843        163.586986607714                       1
        87.5282246254363        65.0518100519695        195.621813784078                       1
        99.5731487763265        71.7496671792139         79.289111638967                       1
         271.37299022605        53.8522838844274        146.741306819792                       1
        266.971810574582        50.1405216944336        169.363679371116                       1
        265.643125436807        28.9467312522696        144.100708548127                       1
        165.113639325047        71.9150468771983        96.9396862006959                       1
        1.70380171309987        78.4782950216265        166.031187200501                       1
        282.993623452407        48.2195069790531        8.44576956040892                       1
        337.947986692029        35.2487075254187        60.0104076055493                       1
        234.921912184167        52.7784631506774        132.692693255633                       1
        358.798879738452        87.5983600892281        156.723628100543                       1
        123.799348042091         38.653692105201        65.5134745003611                       1
        120.108141188728        80.3181551693441        86.0775730334905                       1
        125.717122661108         59.579283480903        80.6238702906205                       1
        222.548911364954        69.4646714393967        50.8030709240838                       1
        225.506531673188        46.1082448390133        166.053168036246                       1
         182.84511405708        14.3053648325106        37.7781500235244                       1
        165.715592582794        64.3952715797863        121.237051116781                       1
        20.2090249142111          51.33335485906        174.753089786837                       1
        209.705121444385        91.6865875408293         27.938046769468                       1
        107.914010743769        63.6506965070357        91.3742586212227                       1
        219.258231882981        20.6747524509499         156.05436354169                       1
        312.332123368201        67.1009749078972        92.1027238710283                       1
        326.028151519467        41.4493847829733        76.1507443557156                       1
        314.384819070481         45.320287167566        81.8105748447767                       1
        127.039945209579        82.3513183973724        29.8347755124529                       1
        249.307349948983        54.4780839913652        55.6578856712586                       1
        250.874471186896          66.45866024577        135.878520447505                       1
        52.5497641379237        76.4659718493808        79.8093934570007                       1
        34.2637438661432        70.0507291874654        140.334022980716                       1
        305.967136728384        22.6943175598266        83.3324090204341                       1
        25.6808967351332        66.3380858921942        2.05268757327431                       1
        91.7904555708373        46.7531833130929        85.0298261259504                       1
        297.067503897406        95.6758233969165        132.664003685042                       1
        119.870705304025        88.0240598103815        165.021838232861                       1
        338.549047792387        81.0349073275755        119.049299854366                       1
        81.6875870529696        11.7507934411603        37.7557916026448                       1
        41.7091959609442         59.320116708737        189.449721190005                       1
        199.955470325696         79.527517056752        159.693490960379                       1
        197.208742388615        43.3678376637148         88.843049852908                       1
        240.627595693889        6.57799151629229        146.043615585238                       1
        68.6843752627976        29.3901641215316        30.4252293903683                       1
        19.5027357956761        94.1438697311617        104.238060199275                       1
        182.805813696115        94.8147724228062        84.0708294332918                       1
         173.36850436422        87.4901734633199        93.4943685864481                       1
        243.394488181862        63.9771669418498        45.6061046425523                       1
        157.432839225056        24.9305961438248        64.8327366856263                       1
        299.384308538475        66.9361584213732        10.7027296134424                       1
        227.396971024847        95.6539567470445        167.962151557128                       1
        153.839429419432        77.9112252946664        8.47299713828941                       1
        284.847023997096         98.384014565822        129.874843226534                       1
        332.615454645999        53.0907517608649         80.798315655402                       1
        5.29005718986666        82.9183878788532        31.7714974590035                       1
        279.746741644902        4.43522389277161        93.5412530621312                       1
        81.0500179507395        76.4306037934823        71.8191418586925                       1
        180.660318881745        54.6122510929052        82.0555411461032                       1
        161.832455297673        77.7129605855349        110.137558074554                       1
        98.9451651771846        49.9340146120733        200.219348236122                       1
        19.7890564777064        87.6696077608058       -7.65646194536511                       1
        354.197537073569        82.3822590353086        118.965017061613                       1
       -2.13791355004386        51.5626438114267        9.15979241546343                       1
         330.14126222071        95.0410155841135         26.155203285481                       1
        151.386428485907         66.004723921215        116.768637971072                       1
         308.08889930549        96.7056024505001        81.1710222314385                       1
        149.866080935946        61.4219637621381        78.8524132431945                       1
        176.711606646679        53.0388456593628        125.268170331171                       1
         308.77775103104         59.382835252662        164.953494020935                       1
        271.134030302862        58.8335151772614        78.1008113565428                       1
        248.107768037923        75.3178444278381        96.7272240071524                       1
        221.312511941777        38.7337407609672        152.868988479856                       1
        22.0968992530905        20.3513140782719        123.082986006695                       1
        155.184284395434         82.409192002714        61.2046672106281                       1
        289.882369779978        38.4621854707337        131.612290772868                       1
         237.89803654254        75.7036242543128        1.10731221607437                       1
        95.9730391525044        71.4682090024566         137.77161479756                       1
        28.4000135408265        56.0825201216483        143.357417462514                       1
         336.06638982851        90.6732049735692        141.798089743101                       1
        34.2741730276386        71.7529365953896        96.7975277922388                       1
        357.569918387447        40.7158639371954        46.1224383891496                       1
        70.3480496978087        64.4650049592942        56.8776841372334                       1
        337.119153640314        73.2274470526977       -1.97300480465461                       1
        111.675261281546        69.8078506384358        102.375293006787                       1
         0.3394120939761        72.8860502624915       -9.67104327789098                       1
        343.968909573959        70.7129904635455        111.363182044739                       1
        272.678977231884        72.7269131338325        133.980023683633                       1
        313.213647645712        50.3946295392049        67.3118950324147                       1
        336.809130618776        72.4502355867986        147.956501842158                       1
        139.971985937978        74.3238412476579        156.647526356446                       1
        9.36928987344739         77.983478772343         26.555640522003                       1
        241.628841031838        42.6589705302775        136.549325651316                       1
        110.499332282927        74.8130773560002        78.9809889666452                       1
        93.2552730898121        79.9659095408761        53.6612290312121                       1
        167.027636063834        38.0535548552964       -6.65362485983148                       1
        261.308399650894        57.5387151343155        27.6486164195741                       1
        80.6403314912948        66.0435878853799        38.8017641334126                       1
        94.9407915798972        75.2857841511354        3.62974324579916                       1
        182.170720555564        87.5342280365904        72.3420307901849                       1
        269.713753330233        76.9414073840955        55.0545832364578                       1
         100.52666982617        87.5130989331602        89.9559788584759                       1
        28.6833840044387         19.995520069587        75.8519641618219                       1
        260.868920293242        21.0737094074164        39.9633433487329                       1
         83.032359478288        60.9655865308344         23.230135279192                       1
        24.7071119789668        61.2878653218447        129.438092496333                       1
        340.405060235877        70.2352030146097        103.351258363831                       1
        333.018532492192        13.7153109817698        152.554240495787                       1
        14.8270865673492        78.6044988943021        103.540348302932                       1
        120.658091717873        63.8765198159962        35.2762018428901                       1
        13.4059329052742        15.0097508827197        25.9794471727572                       1
        99.6471214501815        90.3242724450198        126.852554167211                       1
        190.229147179738        38.6816149639154        117.245569188984                       1
        264.335856932065        83.4104607075782        75.3672311542399                       1
        215.061887169231         81.464096358296        137.965499508131                       1
         148.39210977383        100.251515907312        39.4277512073773                       1
        5.27794760485828        70.6805939956706        183.403919088347                       1
        304.305842888921        84.3800797881838        167.019629169595                       1
           207.336915589        52.7809611806687        166.410172257523                       1
        141.552562426132         39.744713764622        45.3575586430739                       1
        139.521594653533        98.9853421227836         34.161695751855                       1
         30.729247449147        51.7627456199225       -4.51649129061737                       1
        160.869476197915        71.6851099119397        27.5498980329738                       1
        316.698441240668        73.6419633484807        141.987837600247                       1
        358.484210469481        51.9537399726293        124.505151070104                       1
        153.908194683433        40.3287276083951         42.504566741514                       1
        284.749479003266        43.3276580110793        53.5329280508453                       1
          47.74631835067        95.2365431086743        159.422434762502                       1
      -0.433610005127354        79.4268762455818        117.352781485288                       1
        110.165940806995        82.2838266673906        29.0790858791568                       1
        74.8586565341972        90.0275025704169       -3.09118076452806                       1
        290.330610782658        70.8311778154783        73.2875012072063                       1
        292.511145904967        103.421948316594        132.482534844209                       1
        259.182216750397        41.3886524528009        139.482809210313                       1
        336.773480064207        19.0110669441881        55.2345834848743                       1
         284.50159750788        51.9678320471724        133.571799985004                       1
        341.101658724987        51.8861449977951        76.2537377594837                       1
        298.342034225924        53.2373099347642        115.813768047771                       1
        232.823204600159        57.9225525157942        159.647044169297                       1
        291.352985444205        23.3748495952958        5.00167333363996                       1
         295.62833038887        109.206284176365         29.800765785592                       1
        352.391708516578        66.7428334909212        103.751605522419                       1
        169.063370199915        84.5366379861086         36.822622914518                       1
        255.305235501143        33.7198796986681        40.1823245551177                       1
        356.752649761304        55.6449844294432        114.810739204933                       1
        92.2246851716164        47.5283230783034        64.4382458176605                       1
        37.4674556524803        56.4612494479219        103.406209558447                       1
        120.148675635721        3.39586786984209        171.383226386582                       1
        174.012546239081        58.8829726929305        163.148247106235                       1
        358.491703723335        88.9228705197754       -10.5388029670011                       1
       0.824538173926919        65.4713555598186        156.253803991062                       1
        299.285989364776        66.4076209895827        111.631886155757                       1
        64.8066033759955        99.5533874258402        178.839217883635                       1
        176.565543270333        25.7287139067906        155.275997485927                       1
        260.018762449964        31.6636279490986        123.226993568019                       1
        289.818624650669        77.6796177163439        151.433953927283                       1
        108.414158012061        72.1036324682127        32.8163479285717                       1
        79.9634112431713        43.3735671205969        7.90671431644127                       1
        235.861503158913        32.2465156504037        68.5905125573784                       1
        246.098967284499        35.8959705751222        48.4226502089554                       1
        243.324646549203        56.9310939600414        43.2318049079258                       1
        210.629361066515        68.4661347543425         150.06650145527                       1
        273.426660054745        61.5412301522322        13.6532391232421                       1
        151.289641843377        92.5089436397167        215.017897648192                       1
        274.829625038541        75.4468834588276         160.63298593367                       1
        236.739197864373        54.1197367799315        36.8899656851368                       1
        248.522242568944        41.8414472869293        68.1175126109083                       1
        178.542063102061        82.9477576723255        112.256510788273                       1
        171.507618187588         54.803677132349        89.3655080164379                       1
        103.775867162108        66.3063886692547        65.3791195600323                       1
        19.3455495163625        50.3198495761343        27.0445128177454                       1
        72.4327058796496        53.6296511470566         72.421120614313                       1
        97.8043229830215        24.7849045090043        175.719731270303                       1
        10.0042594246056        57.8756108979113        90.3299516621846                       1
        212.530276370431        87.8728612030491        23.5754604221905                       1
        43.1959894557849        72.4182045350378        70.0398549522688                       1
        312.263807278931        75.8361475460923        136.480897790953                       1
         128.54800490575        69.7392722711236        99.3858399255656                       1
        216.076722949348          88.34374236727        157.844329597073                       1
        130.738367050376        92.1469716154742        191.198502968029                       1
        54.4070020232655        53.9111572803739        28.0386725829973                       1
        249.489127708707        69.1997869263486        143.640079994856                       1
        203.437962851872        98.4470869069765        170.780726908057                       1
        330.861962430392        65.6132970879641        32.5886193350701                       1
        186.808350526739        38.8226224623221        32.0984573429041                       1
        326.443830772983        68.2199366542854        155.276614993137                       1
        247.654268086435        47.6427246430381        17.7914144784652                       1
        134.730677283773        67.7413790741267        118.211701865176                       1
        276.705397674598        54.6562557306723       -4.12538082307406                       1
        192.144104272048        89.1119366127418        30.1905997203577                       1
        35.4282753000418       -36.9893427523859        146.047083679815                       1
         137.91235998492        72.0387007408572        83.2183953513671                       1
        151.046500285856        13.9342112419742         14.299925224676                       1
        300.963301486732        68.6259129088436        108.037860624548                       1
        255.835127851314        52.6720047964506        74.7908764799523                       1
        364.768627781183        37.7099193669206        53.8275993232605                       1
        41.3991825671791        65.9162596403843        21.7724622727536                       1
        104.090145740897        23.2085141652523        155.049498267304                       1
        162.153959036823        79.1361621491051        88.9617040876135                       1
         216.16933588739        68.4350503499919        129.615092385914                       1
         48.974892602736        62.5997125523186        90.7081063373684                       1
        141.586607269296        84.2628783434823        97.3498148053746                       1
        35.9453483172032       -4.64923184646076        162.307798843908                       1
        163.831382683872        91.9066515103667        151.112981895291                       1
        28.4826298585741        67.2939338877749        49.3754896683206                       1
        273.545351420788        85.0054204066349          11.65955708847                       1
        349.211152055716        73.7182437972084        39.9485042496979                       1
         136.02406048715        87.3221767301696        29.3851732779091                       1
        165.332042081793        48.4201912724702        13.3692545664514                       1
        65.8707232285027        70.8206436627345         92.488877426558                       1
        89.5679927796565        91.4838270441544        52.8965107662034                       1
        179.411369731708        74.1547830394436        65.9759588666164                       1
        253.206211817298         3.5917928060986        58.2207237359782                       1
        143.449854050435        16.3262842976153        172.277578350485                       1
        145.863199263889        72.3783452559011        100.767264788667                       1
          145.4106007964        56.3607021442309         123.21142266112                       1
        176.766543444383        42.7741315133105        75.5956748498962                       1
        86.9761753425962        24.8252102739383        175.092163069632                       1
        255.354157316331        42.3816953050063        20.9449983827469                       1
       -14.8408886792517        54.1081649483215        79.7862363714356                       1
        329.018407261049        63.8571636521383        47.3636662550885                       1
        132.221090461102        20.6330695752346         73.203272338534                       1
        20.5654147988395        83.0794080777656        100.123318865948                       1
        141.668596873356        30.6549878073019        64.2640624848846                       1
        164.411465176685        71.1802509316562        179.719277941584                       1
        303.323324377176        77.0958921857964        64.9906872737111                       1
        69.0390413207606        40.4897558907167        173.242244473305                       1
        134.054330340182        7.83450068481424        86.4697311150859                       1
         249.73171708558        30.1936317784377        119.365984662962                       1
        178.762024685055         85.634905353742        26.2699451065487                       1
        151.178812599049         33.974792532644        170.715966384641                       1
        325.626491212847        73.1322769926119        150.906608793478                       1
        16.4966525949285        75.6581528783499        54.2329853595961                       1
        290.421433024096        58.5999107847867        74.3024978871116                       1
       -2.72150179650365        69.3390658014143        151.412589603831                       1
        241.729121803051        91.2541752354496        141.101390423465                       1
        195.545799286512         85.723163728927        148.638249442075                       1
         350.86204293833         76.431712091918        128.522394831763                       1
        270.640386468662        105.509434907176        124.751052420833                       1
        210.259411297111        49.6550980012093        150.203943184028                       1
        117.296437668614        49.0540173232872        52.8113923497538                       1
        300.646521561511        13.6285490931255        111.041277955539                       1
        115.479316866899        79.0736831634433         109.37177700048                       1
        153.510816222292        66.5397604184669        79.7306181784994                       1
        56.7410830134349        31.3928740302553          22.91116646641                       1
        263.263912823275        62.5827762047055       -18.1241062544146                       1
        88.5668582508963        21.0736314946508        19.7349663844643                       1
         330.92708646445        48.7051505968418        100.533217247352                       1
        351.254722115547        87.1372172641062         48.244071435986                       1
         257.48262165351        5.14884301296197        16.0109939812436                       1
        211.122759631371        79.7113485613546        15.9308463744025                       1
        272.666733361838        20.1148387368607        101.221645462667                       1
        293.746905463499        59.0308630568425        85.2636039289357                       1
        324.248024653901        71.2443011697753        130.877104491874                       1
        363.804331259185        65.7635151761333        122.689354079883                       1
         126.36084280222        39.6622952477293        35.1587699695545                       1
        165.614854968171        27.2329524771392        100.934737942422                       1
        116.044175104293        90.7286791451158        101.353799547421                       1
        10.5777327168916        91.1025225703148        163.099726172195                       1
        311.674875750229        76.6961004499223         154.77446855254                       1
        54.3944691278066        9.83293459959957        35.3800732500757                       1
         0.5466633447197        29.4834260456604        5.10766798110862                       1
        347.292458285745        72.1586538833316        12.7358374950994                       1
        39.5994814816745        81.1439390530744         96.938836073006                       1
        216.509354610501        24.1155532351346        62.5816823503037                       1
        128.242903022902        81.5824661909426        63.1999292227635                       1
         142.51948450039        55.7746661812355        28.8495060958002                       1
        292.984863132749        61.9684775851761        159.223795399769                       1
         146.14169233964        69.7363830955559         135.76841648736                       1
        258.279709290524        78.5398573529585        45.4851517271449                       1
        140.569157677538        66.7896279833449        70.4750043669347                       1
         140.85316742922        81.1292629742456        10.9649117099618                       1
        265.092338849368        46.2570690234999        79.7352052075109                       1
        99.8776026407875        33.8701940156604        64.1648995337667                       1
        145.984582905468        86.2256597702758        19.5320993685729                       1
        277.697894018247        19.5626536861017        185.674663992415                       1
        340.663109351139        45.6675527775864        37.9394302395087                       1
        344.625536137216        38.8905319503942        71.5487284879212                       1
        192.874229036973        78.8175983570039        93.9179499305802                       1
        211.751976291595        108.129002046616        68.5058018555407                       1
        6.01199410635839        53.3542329638731        51.4826556022429                       1
        346.249930935495        62.0808873861258        126.174251240907                       1
        264.515052747548         20.244888461732        38.2032444995812                       1
        8.43658477687307        85.4921349956285        120.201482798785                       1
        300.659902809359          85.33005922805        144.033153098292                       1
        306.732424258727        102.711044664765        40.9628976031608                       1
         195.70312535722        100.161216376791        27.8215237719317                       1
        321.858276086161        96.6408885481942        44.5193162091611                       1
        333.769269769286        53.5230762124914        158.045276284656                       1
        306.808209740691        63.1767811708633        138.775272797273                       1
        341.202930240631        63.7326345839904        87.7725877760743                       1
        96.9003470335126        58.3081015274431         56.858573654119                       1
        226.662827008521        39.7682852716812        60.7159478548726                       1
        231.889409294852        91.4712707448452         80.529673405854                       1
        159.122012931388        60.0426722219394        137.382043944815                       1
        87.8054250783533        65.0170149996987        73.4620386081103                       1
        135.687695605815        8.47396426525825        55.8164068132198                       1
        14.4525038393028        57.1698639120313        111.376900901839                       1
        320.553396120245        36.6087269390925        158.278747409737                       1
         31.422840330731        66.2411517180305        87.8619414167297                       1
        325.642386437971        78.8217051650437        33.8118306003342                       1
        265.530772441808        42.3909740401148        36.9509675284558                       1
        233.520581626678        16.6330770643197         76.098038071735                       1
        352.507518041168        65.0040187616935         38.039322252446                       1
        24.5611734559615        67.9473697619647        142.787343255702                       1
        350.899105519392        80.6630326839517          18.93287474729                       1
        266.726244012598        69.2951392533757         95.300099924168                       1
        246.719419173783        31.9666093475177        23.7343973373619                       1
        296.171789488333        75.0451322687862        178.985273921991                       1
        280.469923613099        55.2977286100623        123.938474097185                       1
        262.679606463802        7.83231010333986        96.7380564699508                       1
        61.4294268979569        77.7497761727198        52.2824080520243                       1
        319.767510070513        78.1851665996667        87.2010031541222                       1
        -7.3737425159647        66.4826265343777        30.4367372699926                       1
        127.329520755937        87.2467862345836        136.080873798305                       1
        42.6614444521847        16.2303264102508        57.9205848384272                       1
        116.137353773808        94.9070370643977        90.5473609585743                       1
        207.382628645554        75.8321742199507        43.7944179443616                       1
        32.2243217612173        53.5207615350128        120.009790474988                       1
        197.636592055382         16.271388663796        123.058973371903                       1
        318.800690132817        57.1871435654122         123.67841282216                       1
        110.129048325729        93.2965308864104        58.5136290672626                       1
        54.4871356796283        4.19860163181945        163.256931397725                       1
        134.816062527132        75.8323819531191        107.466464629289                       1
        153.101856218972        46.9688747502209         130.14921514675                       1
        2.80740817052332        73.2238527118338        100.739289609746                       1
        41.5224214927761        56.6493410015596        117.023944771111                       1
