TEXTURE AT STRAIN


B  50
        26.9735138156866        93.2097870212031        6.14666423349738                       1
        184.422640942482       -51.4289099689203       0.760290816649668                       1
        20.2103775743416        60.0713379250401        167.771917052518                       1
        386.844611604428        77.2230004942948         10.449306030276                       1
        358.194044245623        65.0183743886031        175.813565490407                       1
        69.7400714472717        95.4084563374059        142.987104024862                       1
        11.8557681463349        80.7312595244989        185.064715111062                       1
        67.2443268796766        122.390555057599        163.759039314155                       1
         117.03431154199       -37.2102762367516        77.1779970007353                       1
        192.625623238601       -73.4448285125822       -13.7039267103915                       1
        120.303166455456         46.438199844745        57.8502023988831                       1
         199.16112759377        -87.006570491277       -17.4634393385519                       1
        119.009641654974        112.856459171357        169.454453655208                       1
        368.410534260622        61.6782213737624        26.1144531884866                       1
        34.0683349290515        81.7140043901144        175.967237778586                       1
        58.3407080633861        143.336662319326        30.3719822877896                       1
        355.205214486064         80.839115248949       -53.5046338937608                       1
        53.3995547513747        157.416754161306        40.2794834267446                       1
      -0.573513322402479        84.6592474571138        163.714500282063                       1
        18.5538478367038        82.7678001743097        180.028428384897                       1
        201.841789899136       -49.7009038902284       -177.628131787664                       1
        12.9254573063393         65.930207435246       -177.764348106493                       1
        316.317401037454         67.337689239195        9.37199716434231                       1
        293.607424284838        10.0063431888819        79.6875415085254                       1
         365.05886375206        78.5900755253317        176.675902388764                       1
        234.538754568938        90.8331593499025       -65.9094825426455                       1
        363.800689119021         80.951427121216        199.368268594802                       1
        178.824210938917       -90.7156833748506        8.07026267784919                       1
        356.338458177767        65.1382386454612        20.7619816912074                       1
        53.0725806071079       -55.1336664029114       -47.3205269302462                       1
        171.593461645609        106.197966870295        168.088417987447                       1
        323.459985771895         26.845450736428        64.9928551711213                       1
        214.897332728212       -66.0726801101506         170.90559646309                       1
        73.5645481836952        112.610808733858        151.633754788891                       1
        193.678732524034       -66.7851854815629        6.73253458918308                       1
        304.345241879316        56.2680446200692        23.3561301934197                       1
        373.404006936441         96.557355434347        16.5965746298134                       1
        59.2933413302023        104.521942261947        154.855924283209                       1
        227.262025621055        51.5330670622475       -14.3770393688108                       1
        194.781493069221        102.183135374155        156.421762478296                       1
        98.6268647102941       -26.1409823330801       -71.5506586230617                       1
        24.4963503207116        74.8109166658684        171.091481874054                       1
        33.4053281894669        139.164642487836        20.5535311305489                       1
        387.616370559225        59.5813823104813        58.7843980795597                       1
        10.4448669938204        97.5131865292439        173.351302657584                       1
        56.0828656400366        110.590104442811        34.1909077070817                       1
        134.872260784931        98.6975385425896        3.96879595160103                       1
        319.303433360754         39.807115274724        49.6740431719138                       1
        386.252077638139        64.7905218046128       -171.337431938198                       1
        300.539956124439        76.5864488691525        28.2620098544267                       1
