TEXTURE AT STRAIN


B  800
         194.82853582818          95.07870756876        143.508890172375                       1
        43.5861732197568        71.8360054569416        108.469067015145                       1
        92.2657548257146        77.0694934017277         159.56655267638                       1
         176.92148844761        54.4294273890776        9.62751076902739                       1
        82.3037044761579        102.303321729033        32.5933095025169                       1
         297.67924301625        25.9467986804112        150.176559314755                       1
        143.736877844131        53.5715464350988        73.8033788255244                       1
        58.5064331184653        63.6923677909249        73.8913159739311                       1
        288.221418648564        87.9294663032507        23.0281386104704                       1
         340.18111189623        42.7435419434991        18.7862439957426                       1
        151.155401746434         54.609870257512         36.346218094863                       1
        251.985999745842        82.7762123069027        93.9400743680293                       1
        199.228916354346        36.4441172877167        1.47758977043498                       1
        147.706184705844        77.2574823030378         55.615881844824                       1
        45.6906871365138        16.6459247638057        153.277981316554                       1
        97.7176331685956        27.5713052569484        37.2796628393332                       1
        80.4691618880067        75.0617707941419        31.5548560564609                       1
        107.338738305571        62.3015794169091        173.258352937609                       1
        242.351510389464        82.9057541998874        5.42175269479003                       1
        8.22240739081391        81.1768676287665        18.3281131300576                       1
        3.54975911432845        51.5990238762552        155.880057216817                       1
        180.252780822695         65.841907845383        96.0278152799146                       1
        16.0771576119326        24.6546345984879       -15.2885530945901                       1
        350.677232336864        24.5119136671417        111.918914261461                       1
         330.99242264471         56.250906028641        189.540843083022                       1
        155.140557753035         85.648719884462        97.7404172171071                       1
        206.106920183859        68.6642511621696        27.3635971914851                       1
        95.8758006665894        42.2631485334402        47.1771286898669                       1
        329.522280618015        80.5428855695563        160.115709480108                       1
         179.83489176049        23.3363188339574        119.554831973588                       1
        126.259069887126        36.9340398651125        96.8230423570255                       1
        266.726782416195        82.4081075514572        13.4412231279505                       1
        295.259176803504        75.4806688970411        40.6024471058013                       1
        91.6231458862877        73.3296588436849         59.289759119778                       1
        186.082111314855        5.25578773160036        179.205212999541                       1
        177.715654911919        57.5498875546354        92.7824708854858                       1
        60.4526889655552        44.0571407560061      0.0470076501803955                       1
        157.312294100801        75.7283001684786        96.8138271934093                       1
         30.706867218567        56.8606851989747         156.66610774625                       1
        211.814641997737        73.0238224469008        177.305914287224                       1
        275.578990102524        45.9899864345388        129.162691631685                       1
        318.987441295024        63.2373502066983        140.853549921856                       1
        298.107871350963        51.0547596814281        122.727984947536                       1
        198.025805759937        57.0880837654082         7.7745165154476                       1
        308.438130298198        65.0534189952319        101.186733922281                       1
        44.4306786157154        41.8265257607925        42.8265085262059                       1
        274.708799272163        63.9919557135172        55.7360939310246                       1
        332.608954155467        48.2663574293558        148.110718231269                       1
        207.542497050136        55.3278545189668        163.366445474385                       1
       -4.61041767182143        48.6468273897444       0.587167381871943                       1
       -4.48995399322979        115.252633762271        110.338856287889                       1
        334.489699213324        59.2448121093713        73.1041644930923                       1
         319.75002608751        84.7641858363177        135.290374523556                       1
        319.681501451276        78.3723498575779        134.306339342179                       1
        61.5820695045847        48.8764764221629        118.875135274394                       1
        154.534947579892        44.1376076568874        79.0710506235776                       1
        258.957683876015        28.6878529256656        12.2720876447021                       1
         196.68224128997        65.0054144706833        169.570336342293                       1
         218.73095675731        80.4265564811637        75.8356942539909                       1
        247.324901258112        107.736377114461         108.87364215272                       1
        108.181960788783        61.0620254762998        12.9312637449883                       1
        292.651701817124        62.0059167815815        92.4327975303891                       1
        1.54904882744148        72.6356265915535        11.7117183312474                       1
        35.9765893211789        35.6426590494793        170.095555035202                       1
        210.560424643753        70.3598373410512         158.76412410509                       1
        32.5668279691647         20.115202347433        93.7066765197044                       1
        325.045331576495        54.6305849539741        70.8298265098632                       1
        196.658108098769        46.0244553056362        152.717710777826                       1
        190.420733376006        82.5761675726211       -22.6466112182307                       1
        275.664984198041        65.6914108471914        21.5596641380612                       1
        67.2249156205356        76.1797533266401        28.1829162603737                       1
        259.961218222223        65.4986000925084        20.6307440099196                       1
        310.440233364108        58.7076052933667        128.924664495449                       1
        101.495480007663        93.0246336176074        100.617036927694                       1
        84.6129207995941        70.3789149869832        140.130624601173                       1
        9.51792795089529        53.4881188671784        1.12889344434551                       1
        333.301283872968        60.1586955454949        33.4136154832965                       1
        111.934675066231        80.6518158302175        26.0552433830598                       1
        24.0640492581555        77.7099280781113        47.7914998775794                       1
        116.278965820806        26.6186278150148        79.9562861693961                       1
        312.763894268176        46.5225147747342        108.428933491019                       1
        105.553404018145        83.9818711659618        27.6347061366505                       1
        161.386305699406        58.3313701775355        67.8992232329416                       1
        290.988724137954        55.4774807465864        84.9114682782669                       1
        285.525862582825        57.5500017304776        129.899298840985                       1
        258.348525347359        -10.374471225174        7.02741402861208                       1
        208.250547133292        85.5354599029576        125.221896782856                       1
        329.439688612836        98.8071416991774        155.335804879838                       1
        262.798023318622        78.1759075135545        84.8852067782104                       1
        254.970748624511        42.5178611429938        64.3050380778877                       1
        163.657904579253        82.4542531627634        164.495398687933                       1
       -16.0391005831758         12.384854180479        19.7634725713258                       1
        203.006501955493        24.7156280767994        44.1045690528698                       1
        158.542364116293        17.0976575639006        115.134792875631                       1
        209.861996295882        25.8198155496127         185.22709982044                       1
        158.750919841143        48.0354278686134        45.0539320312598                       1
        308.081686498567         79.047285330883        120.771961127771                       1
        295.285794281694          5.817044516131        95.7464057670261                       1
         216.36265312808        75.5131150689013        170.405874412374                       1
         215.71676560086        54.0391055871573        167.788149546499                       1
        180.690850327372        73.7464667087043        35.6093094445564                       1
        36.0365844406484        70.7387505069433        165.834503898857                       1
        96.8368170462459        74.7507231911971        52.4924630799257                       1
        184.758110003578        83.0051184977033       -1.65401628373627                       1
        222.230974263191        27.2950096086958        90.9457210512132                       1
        172.606317357274        86.1532977749333         181.72979010241                       1
        129.095286870235        23.0720660614278        88.8321715698604                       1
          185.2564477349        82.8123180693844        144.915713943376                       1
        171.475153370763        14.4581300661282        36.3093168464389                       1
        44.1512398753457        24.6354124049009        25.7335872664341                       1
        198.417593974635        85.2754116841173        60.4649293325919                       1
           56.8591496692        53.0111866412496        104.975592363893                       1
        315.801242278064        61.8617127499072        81.1279001128723                       1
        322.771518309506        72.1262395227246        168.344717697422                       1
        345.196184660252        64.7706633197553        173.735370842383                       1
        209.359861254855        37.6096866523261        49.9267836323045                       1
        225.324929997816        82.1394190260297        9.23844262174872                       1
        157.866878856189        65.8833377481931      -0.820382218755978                       1
        98.4039400045427        73.7623707051557        167.660576273308                       1
        360.789609970489        57.3110347764157        39.7895366952828                       1
        226.425137524332        47.6653324714115        92.3746064792346                       1
        79.6249218249839         70.983421126778        40.2612148080364                       1
        258.306270668897        16.5547060239931        124.379308340029                       1
        307.028301244307        38.5047085664606        108.184685378352                       1
        124.779290529589        66.1793318535597        102.741603633158                       1
        365.130794151662        34.3763648163126        35.7802178439397                       1
        221.597663370559        36.1337375235147        135.945231350905                       1
        177.740261503065        52.3355447845112        165.620902188996                       1
        303.998764242225        56.6305075557587         127.23319066223                       1
        24.1531783353523        4.78355958373027        187.458253738662                       1
        144.872526714468        36.1678671770204        124.277162529016                       1
        108.546032703519        64.1826577464886        164.505449964553                       1
        25.3285280652274        87.6122345080263        135.080265487089                       1
        319.393929644401         87.587242793991        136.192786168338                       1
        137.494204427152         63.147107563803        51.7668441663021                       1
        33.0687315801653        49.4553471207947        101.729376959436                       1
        96.7145913558635        50.4162406375787         62.992132860139                       1
        215.205197663731        38.3762522275437        115.512783218382                       1
        211.905383023938        69.8015026228527        59.8916743862719                       1
        90.5286219193361        72.5885115017682        40.2019590058946                       1
        177.660464257696        74.1531720169101        50.0453330599647                       1
        192.987041063631        32.3956359912354        191.667825414332                       1
        334.987914031792        69.2106506374594         88.651599224343                       1
         356.32060899701        61.3164284227101        143.335844901048                       1
        82.3677750778545          28.08028208322        70.2753339689319                       1
        330.834156040813        37.0093140561935        127.552023795148                       1
        298.999035621375        94.1984952284104        41.0135906734401                       1
        141.277597306269        69.1822023782227        106.889020099143                       1
        281.613327715966         74.076306347864        79.3240623826759                       1
        310.644018505305        33.2101570922033        128.194411707626                       1
        281.190344540962        56.1916036462452        150.821173638718                       1
        221.800267168935        40.6564471641973        152.889933645514                       1
        198.193871496522        43.2040168665451       -11.0151952905911                       1
        186.044536402727        96.1222511368898        57.3454584170557                       1
        167.088998176068        75.2999602082474        74.9794799302445                       1
        266.029071769279        65.3017450669343        85.1448926355028                       1
        283.151907971094         50.922064426065        81.8790477692064                       1
        118.758722581168        39.0418228667488        161.150462896399                       1
        260.869422462762        65.8568355668394        174.274152660936                       1
       -4.14574539206541        82.0784320715668        131.702708106774                       1
        137.274544957383        107.755769857239        15.1178785475763                       1
        154.088530167642         43.386687564593         152.27867158291                       1
         259.18279496073        65.4560919569828        155.661234221427                       1
         337.76564770486        75.7817916245869        125.789657145799                       1
        342.980774584127        94.0621562583176        167.302485785553                       1
        153.786309430742        78.2381969174326        9.29126512365206                       1
           66.1956428522        73.1147715955997        112.054109164986                       1
        210.138610206973        55.1098287418076         187.70518771375                       1
        188.819015662872        102.289476618361        144.195747631402                       1
        11.3344262468242        98.0698865820138        120.063269999397                       1
         268.38015091764        55.8378384450792        40.5527961225128                       1
        214.949455645634        51.8487129612673        151.418802263001                       1
        148.204622302625        84.5085338135222        76.1049177024949                       1
        113.614033290008        94.3842152405122        76.6797140102195                       1
        164.776115810012        28.3586730324269        54.9319002224002                       1
        357.425317350845        33.7067021024786        4.81507742958893                       1
         55.116645381413        35.2034547505167        38.9621908491516                       1
        42.9117929798956        46.9759356359453        153.387573116396                       1
        124.195913061562        29.9006037603752        59.3375867598276                       1
        330.481430590415        82.0378740894186        1.88630263684592                       1
        30.5791773144864        60.4860596577134        21.3585005094295                       1
        64.2256698382167        31.8607713404663        70.9836339018751                       1
        256.790262624582        97.1697152650896        118.266532757541                       1
        175.743418052292        74.0467566629191        19.6315649492049                       1
        159.803737805605        23.5726563475689        14.9732693123477                       1
        87.8161546533852        82.0404634823778         143.32859012324                       1
        40.0220084221077        28.7807941561086        157.390241574507                       1
        16.5944649255299        41.1428738899165        171.638183602621                       1
        353.498575446058        67.0478797749549       -3.43096186604504                       1
        250.861988874887        84.1708979674078        20.6877639232833                       1
        234.330952066013         45.520938305602       -5.39334168254462                       1
        328.960547725079        85.0562986765757        75.7841432135168                       1
         178.99980424495        68.9521109336356        52.8511460799537                       1
       -17.6730979432404        71.8179274065162        51.3711634753547                       1
        293.993037069169        70.6608288678536        61.8628768938648                       1
        164.361398624749        52.5710774106319        95.4558472140028                       1
        322.970926751666        71.9681070068123        79.8824593212848                       1
       -15.2432033841321        63.5143514388026        55.4931145792308                       1
        266.016881231523        48.8500751594086        169.962559540154                       1
        146.720176130505        68.6675299585977         47.907708389586                       1
        339.737766716433        89.1120150964201        3.77370596054627                       1
        218.404357362162        94.7990582415432        116.070761374731                       1
        122.633709186127        98.0858073816582        108.634238948483                       1
        307.206317799949        82.2530968659245        181.093226530056                       1
        309.192025893441        41.0030531311249        120.450922266771                       1
        151.030289238699        78.4397953890106        45.2194148674905                       1
        90.4395887517216        85.5538044778425        78.0410256776586                       1
        48.2449365549551        33.9890122680099        145.829922892287                       1
        333.079293431972          59.54097757869        47.6481874263957                       1
        349.828534161468        82.2378694215609        89.1175623507113                       1
        297.778632887607         36.040309768102        169.323774540922                       1
        275.754702667896        48.6546747456929        174.502322052639                       1
        371.142036807449        73.5845573453106        41.8259871119909                       1
        235.943078571775        57.9921116490164        89.4197805399974                       1
        119.914493166815        47.0289573047507         150.12156547418                       1
        344.586527684293        23.4744921878373        73.7230141513886                       1
        167.568185708287        86.1858432764857        61.0359786571543                       1
         311.81198862103        94.1871368924315        117.047800612595                       1
        312.709273494331        23.9432262383694        83.7328302681447                       1
        157.880256634421        66.2170451294545        20.2155673130225                       1
        374.567826960925        98.6941288006531        108.462904479316                       1
        326.945377418652        73.1503624172116        73.0110589700633                       1
        308.689375138281        51.3839195404673        56.7555283402792                       1
        357.997920285231        50.1549240476264         108.52906494672                       1
        296.411022970337        64.2241172290441         30.482133060751                       1
        304.193337814591          74.71479547808        92.9420147564517                       1
        77.0570557884537        59.1760677390423        102.651130471719                       1
        160.774660015416        42.7636259543056        115.396082275913                       1
        147.235630423654        69.6704670710183         69.097828213792                       1
        115.380795544973        59.1917288735501         94.790568851722                       1
        345.306528940669        63.0620554790491        15.2081172895754                       1
        12.1336229564386        60.4417710397163        47.1548841884586                       1
         275.67302539749         104.10952293136        86.4720844415559                       1
        321.060945453617        36.9460445865101        41.3087480509241                       1
        12.0879131592009        62.0148412276805        56.0380002897486                       1
        167.991568343318        25.5357192726607        2.00876190325039                       1
        123.455195113935        14.1594118752784        130.565033382972                       1
        183.555958613843        70.2008974145926        162.364996226682                       1
        5.25575255830206        72.7339752260422        48.5763450464737                       1
        315.130935103895        57.6335611780937        77.2841967799021                       1
        187.614979209467        67.4060598045228        114.215468465199                       1
        121.559878104572        77.2178872554754        63.7277084383821                       1
        25.0172020720226         75.749286767592        106.133141028361                       1
        66.0010369089576        52.5120966692707        120.481715036422                       1
       -7.62699647363651        31.3588486790919        23.9688813994365                       1
        317.038614822282        87.2424384466691        175.413872512558                       1
         109.36620581848        17.8326823816654        31.4288240392606                       1
        145.184043935286      -0.270174895419503        63.3024989381971                       1
        313.346761731469        68.3401198459356        53.2200028378855                       1
         112.15697112382        28.4820452155345        37.2898672588623                       1
        242.998718473276       -19.3901076697832        31.5141974327394                       1
        359.220011354982        44.4551544100103        94.0346786611416                       1
        276.072492694088         68.288743740582         109.79952491489                       1
        267.811771308013        64.9832281907532          198.6383718088                       1
        76.5568011328131        19.7374333378389        180.181296154294                       1
         89.125700279719         30.251241126445        73.8332761625125                       1
        23.9891601470821        16.3725371138031        11.2395845831038                       1
        108.326420736258        71.8374901965541        164.020213585555                       1
        339.263437946757         86.156218434606         115.99650336214                       1
        11.9149708272559        32.7810445419772        11.6925008264052                       1
        223.526944792742        65.9813403951998        143.836948840728                       1
        242.460796314999        83.4709805498284        149.420644602012                       1
        116.274376904417        38.5617324473755        126.750483141989                       1
        344.913051484414        87.8353967467728        68.3331796772634                       1
        321.635601006594        47.5409081697412        67.4038770313932                       1
        250.993611537493        99.0308585669133        172.746719899759                       1
        33.7106019059955        31.1718577269303        37.4049410391779                       1
        262.770745197272         87.182092388163        25.5262818427191                       1
        141.052747561649        67.5875094768743        70.1385455172857                       1
        333.028783337741        85.1793830250312        176.616742457755                       1
        230.013266369811        21.3987751164846       -5.87118479942045                       1
        81.0590463420121        73.7125096136522      -0.252315971822636                       1
        191.661817345184        65.5845215915738        31.1183305126554                       1
        356.906153870013        64.9599897710324        179.892390201985                       1
        345.432593948308          40.72725901466        43.3872238809094                       1
        118.488725990985        72.8768325176689        51.0201905736095                       1
        37.1479836034133         54.737637026942        72.6941288585355                       1
        143.300107640056        52.3775252587565         93.583562454411                       1
        153.776972507269        67.8152274016697        87.9121032679445                       1
        131.487943862462        57.0472078413215        151.920832882528                       1
        96.6717099488069        65.4053152054661        100.388199603149                       1
          143.2997104512        88.8209316790381        117.371962480659                       1
        161.391640352236        54.6627920685097        65.9827173724625                       1
        98.5174183076211        88.5451076601068       -2.44347424006279                       1
        330.877358221773        73.7598687793192        167.470036261158                       1
         139.71362660227        67.9755950652999        85.3793008301216                       1
        251.666186941647         53.087975411506        150.908561211827                       1
       -27.2336365490663         62.048830632861        135.744313311964                       1
        325.101723494317        55.4242711815914        51.0026784200255                       1
        169.234206408269        69.6267657078933        102.819116833052                       1
        211.106512554076        31.9415184503265        56.2187571496221                       1
        147.588281078369          85.14386814941        40.2145838486595                       1
        245.757061495953        57.3052101840174        95.9204193485046                       1
        79.5412576410285         80.127136780955        122.591680081186                       1
        84.6061707463703        61.2452208352397        117.253383729359                       1
        143.403469338852        62.5964259877079        114.968330551249                       1
        176.171475350163        25.8047792883564        41.0341712844705                       1
        154.144822445055        96.4810620260498        126.516789793647                       1
        74.5563133694494        25.7138985271414        123.511010744365                       1
         19.654124148702        58.1770485485609        166.676365721352                       1
        129.479901511195        66.2793236773982        25.7051464527345                       1
        354.792303967759        89.9202269765298        104.856297970696                       1
        79.7325761929375        38.7856350708066        102.119320222679                       1
        243.636422246076        79.5960675669954        65.4811826888993                       1
        207.471817467609        90.0550847713215        62.8220930155381                       1
        1.30079160274711        82.7724805210897        104.294845440104                       1
        171.392772524579        68.7472852664769        31.3385026956779                       1
        208.009014537705        75.5494578977723        39.8363950285601                       1
        223.060763500837        58.9862862918633        143.634256866656                       1
        171.995178419125         78.809014939204        17.4097119332748                       1
        20.0482901016985        53.2779451355375        131.869174328348                       1
        267.580931676578        66.0792050735818        66.0472140320014                       1
        339.330038866256        48.3109976010927        189.882075415584                       1
         252.98315254191        26.8331072029456       -4.02230703792827                       1
        335.623869293773        105.698796688738         68.289197671897                       1
        340.784223691553        85.4057875465109        171.389149919491                       1
         161.13240745683        59.9952071721664        54.6522955531615                       1
        172.004171067917        102.316325516901        174.764892059224                       1
         123.94098982353        56.0877253084767        147.136033688125                       1
        83.5895531526598        100.668176365311        18.0396218540614                       1
        34.1308234060441        52.3701540934253        141.450577338967                       1
        223.311863045352       -12.2722642699002        153.115265329634                       1
        260.487366413759        44.2861128048545        126.412022358166                       1
        231.323528925503         67.626684603639        83.4892556714026                       1
        272.935381694717        19.0688293120589        155.341456810446                       1
        272.745091216087        55.9073211273226        111.003811682554                       1
         204.94394637934         48.429683520636        170.577844566066                       1
        159.113888133864        73.1076375294251        94.5130820186193                       1
        343.244197464924        79.4609708128012        35.8484959967281                       1
        312.668111135954        50.0030445101976        154.402492747083                       1
        96.1608313111156        46.5069198177349        42.1756192083081                       1
        164.722027293328         80.537468945759        81.0932109368313                       1
        281.204940154539        43.6397315939189         8.7837810280516                       1
        103.872293387911        66.2248206699591        110.999623565853                       1
        247.700293467953         59.223554345428        104.816703239655                       1
        246.507160856876        30.9641936122212        118.413406211099                       1
        338.606243285744        54.7499713591813        -4.9022556855897                       1
        197.858692695659        74.7395426877596        87.2137209291194                       1
        134.886327582584        62.8770820078733        87.4318314143484                       1
        252.441204911755        60.7719941247555        17.1517652124009                       1
        232.054599548248        26.9782453735541         34.592842274963                       1
        298.821323379963        26.8776692034122        13.0424346784455                       1
        76.7455105514705        41.8742973347421        115.455581746512                       1
        316.788105803013        86.1400019261359         59.450643893219                       1
        6.13480998199749        91.1136832084366        133.463826643416                       1
        213.013932840207        57.0299188516177        191.121281657841                       1
        128.382099512801        74.2467847250709        68.8233175969504                       1
        239.375044502293        44.4900793302594        153.741538736621                       1
        175.630727614971        79.7146122121128        174.489758768334                       1
        330.264080379628        91.2319183334155        118.288231590421                       1
        368.634076197072        86.0860642642073         174.62920092428                       1
        330.206598078438        77.0283793297877        77.2054089235498                       1
        213.174642826006        73.9985740760184        110.882689365897                       1
        355.378603303045        93.9179026940422        120.302629454555                       1
        123.716306984091         72.843458503064        81.2096606811999                       1
        39.3114116708077        78.3397868469505        24.2135826792247                       1
        80.7769322454582        70.5695499297773        20.4190044868154                       1
        213.684734958861        19.7373801386292        135.092921000676                       1
        8.81389420862331        67.7747789646418        182.090224738413                       1
        136.671938530975        77.1705602082044        93.1996007361106                       1
        283.100198170137         73.333211675572        90.8253604436645                       1
        292.107736342684        63.8259941845354        13.2948926137453                       1
        281.734748653676         20.351531821178        135.399609171782                       1
        104.522165174206        93.8752264551937        30.4378020966698                       1
        14.1262334197122        60.7817172765042        160.191748982233                       1
        89.7484059597734        53.4173978021953        87.3403124783293                       1
        335.999103662914        79.1742018222652        98.3177244028973                       1
        344.288391979362        77.1480483316726        160.196934100948                       1
        131.376050943156        79.7974240679812        56.6713347327428                       1
        122.646262261202         77.525866389476        32.0826635956341                       1
        101.166761421384        84.9892426871544        46.7822753708269                       1
        161.218301030324        60.6680642421782        45.7635147317187                       1
        102.234938516251        80.3976860382069        60.3727775074957                       1
        306.082096195632        74.2770366548178       -19.7215106741137                       1
        141.376527377131        50.4313718353984        108.295731532773                       1
        170.735896066468        37.5237624021775         167.52324764636                       1
        48.2019290063988        89.3374387442005        35.1515092103508                       1
        141.561615051928          93.29632071121        162.586406314579                       1
        306.774739987148        21.7164350682787        15.3193599295163                       1
        26.5403918729365        48.5695521135376        63.3405034648498                       1
        260.226951688019        5.34028253284397        159.763687574005                       1
        162.901906209187         82.914864846203        133.298064769548                       1
        125.869333873261        49.8590864818008        161.025133725144                       1
        202.671311133841        66.6731962889494        141.044714664589                       1
          201.3445211847        89.9012703970815        88.6283996134303                       1
        86.4408542825458        86.1886567461462        48.6350961978881                       1
        149.974616948259        26.0769633511555         6.3349139221122                       1
        158.991500805404        108.123932811455        145.968800030154                       1
        346.038143919237        70.0595378067547        163.949637131533                       1
        268.177621449489        57.6418048483846        30.2209874342995                       1
        4.44747165293236        86.5099778033564        50.4363583764556                       1
         295.26932324997        42.0645963636304         90.076045332119                       1
        280.216836643587        81.7993114469308        160.144510874252                       1
        305.426742396713        75.1681846443403        154.397675098311                       1
        243.550793063793        42.0040885740023        136.421691275582                       1
        248.314137191127        60.1810793450704         189.76215508083                       1
        107.386219388258        65.9714263756546        148.158468465455                       1
        149.323179018859        56.7013177250737        60.3609354976455                       1
        62.7193287537284        101.915115434569        94.2450246824065                       1
        74.8932813663591        52.6106469602956        90.1990888230268                       1
        349.002030870971        19.1600476744627        64.7572975352208                       1
        190.103526124917        79.8677764254758        58.1629156134435                       1
        148.238974695331        37.6023987015565        174.777087248331                       1
        63.1032016789024        57.6662151711806        98.9062848449766                       1
        144.172753823023        62.4188816636258        57.2083577050266                       1
        95.7522606210588        49.9965609976324        7.88634362500934                       1
        255.097398400843        72.5113615576055         30.458804168724                       1
        299.233849964881        67.7131280914205        87.1181831734579                       1
        248.550972729666        14.0528700247186        112.040036617388                       1
        218.561435920854        58.2345040053611        118.499888762442                       1
        85.3743175409167        89.1164395553153        34.1888166091279                       1
        248.005456005913        89.1150955794692        191.963953054001                       1
        265.690875253594          84.39797125467        122.786790446048                       1
        134.948982698907        50.7256092651727        56.7489206937387                       1
        176.948262164868        83.9890874278326        115.665635443308                       1
        184.637322214095        58.9282917825464        16.9818842774323                       1
        16.6725301682013         103.71935732675        127.386009802655                       1
        95.9932085213714        59.4187462562917        136.064136200227                       1
        71.0471337384828        89.0008131342639        31.1024533525908                       1
        277.738109212531        80.3205705473947        138.947363908332                       1
        186.239241768605        45.7922961757174        152.629302841608                       1
        114.466377597933        58.5342823097046         41.341836629812                       1
        224.817466642368        50.6105634936755        106.424460767018                       1
        55.9684318743481        8.12207611714482         140.18248749581                       1
        255.268492985409        31.7577472026951        107.380919160884                       1
        264.198575438747        84.1345054789662        182.112200195679                       1
        189.465120398052        18.6162663218097        48.8053914022965                       1
        283.653121809571        42.1972119816319        143.980270906271                       1
        228.100060380186        85.3367951660035        42.1501287532753                       1
       -6.11177052218037        75.1350611073474        50.1406845264944                       1
        190.403484469721        13.2681574046926        58.2731447525209                       1
        73.0131796829458        64.0397935816048        135.418842319481                       1
        12.8328881412599        83.9446261593914        63.0367063027561                       1
        278.911041664339        68.8134454765061        22.4208556537673                       1
        129.822847547807        50.4650262901042        62.9490384447682                       1
         341.72074841082        89.7450686554993            144.04682977                       1
        93.7145923312283        77.8642633808433        157.025090260171                       1
        276.706885890405        63.5660782663905        98.6115125636902                       1
        302.552404607077        85.9629178766264        184.177059516832                       1
        182.609452163767        33.1612657125779        175.875677040341                       1
          338.2947916506        42.9408476966664        37.7055988578886                       1
        246.948646251899        80.7073287003307        43.8748413769014                       1
        206.026552295458        92.6276308968651        171.657426072008                       1
         310.83437057135        57.2947038022787        110.120592540197                       1
         61.985521937008         97.799085849432        46.5253234710208                       1
        164.322526529416        70.4612585481204        124.638729730278                       1
        259.852773963373        48.8277729930514        118.760863306967                       1
        320.638742043487       -13.1959519360495        41.7341728696448                       1
        142.972095599704        79.1180601465237        163.209408464168                       1
        317.222664239584         65.679587098957        143.796791716656                       1
        150.160061760449        46.7471074739663        106.975942394372                       1
        24.8124382416791        20.9852610339249        71.0034845774873                       1
        246.936841687768         67.476842729888        109.009584162669                       1
        270.137981730446        48.4264046287428        50.1616082623497                       1
        152.148311607734        89.5262880227485        17.7471015159093                       1
        317.407497561334        54.7065328265096        62.9582866108589                       1
        123.999422123973        31.5506783052271         36.849883864054                       1
        281.055849304033        91.2710337267175        50.5341020932637                       1
        -1.1422841540719         73.593245283172        72.9770059452601                       1
        43.4781504516189        75.5445011326628        49.3961730880253                       1
        92.2928606975044        35.7523427437376          141.1380460739                       1
        169.450365057109        39.3115545637507        43.8362504704642                       1
        306.897276523486        64.4523677886225        172.061284998223                       1
        329.747711548343        59.4494509019189        91.2882255160278                       1
        181.837901680638         35.570921253436        5.10829338573909                       1
        166.856078626879        54.3517601472707        112.053750962641                       1
        322.212732518006        86.5508972819982        150.086147362659                       1
        151.197003843518        81.6540809350572        169.231693207543                       1
        224.689918966507        43.8353637402987        162.912271719498                       1
        196.712155067793         79.961025235231        105.669969345325                       1
        233.064742347188        24.7109840769255         179.54023394326                       1
        109.232019375944        50.9168507405434        63.0172095754234                       1
        148.790226689465         36.453552632551        140.127418390228                       1
        78.9623707708337        91.1340292834607        50.9599407398615                       1
        130.421654891612        55.8532245902383        14.4946915659113                       1
        17.8272702068931         45.981978767216      -0.923305397100475                       1
        353.893807745463         89.666118030226        162.525570647818                       1
        326.648767114135        41.2032007651222        84.8778414161841                       1
         199.03213132263        8.82635929270084        66.1075422784765                       1
        15.1346597981392        36.3059506038951        106.199265051834                       1
          -9.61204664874        74.8114182084548        103.098105480746                       1
        312.379525747292        77.1146275848189        66.1212452087061                       1
         86.865336538433        55.5586686707118        183.735604980726                       1
        105.190389970994        77.9695511084319        143.828940782015                       1
        229.035289458486        61.0406225993539        55.6688630165668                       1
        364.846596110022        46.9862589575055        25.1414680679279                       1
        314.375093514015        39.7767766368229        65.5426234270459                       1
        243.912431960072         37.935244606627        14.5663254911842                       1
        4.40641435331051        70.9595752161476        171.620699716143                       1
        121.390451937956        64.5414431111836        76.2530951477763                       1
         25.483864456168        68.6471161967997        179.193789319952                       1
       -33.7088294249344        35.2910826367392        55.2489059852599                       1
        110.899878099357        90.5421716273781         151.35889427706                       1
        38.6772233795237        64.5866408107636        48.0165420118321                       1
        10.0370019399028        64.5801752390819        109.366928496539                       1
        18.5885650063655        48.5908208571934        10.6879355608472                       1
        359.872983772314        22.6659404140807        192.845291589105                       1
        289.022477568055        74.8055334063701        164.118424809541                       1
        126.463296445014        19.1800401464234        39.1520659452954                       1
        55.1685563141548        34.5115440716366         156.76309142189                       1
        253.679821456864        36.9961574688423        81.6267428169988                       1
        241.882116378327        42.1223193250174         102.69427881919                       1
        288.862650577073        38.5035118525141        83.6566129801104                       1
        227.372780274461        31.3389481968294        163.019739173698                       1
         138.40150272152        41.1691840263139        77.3586027394381                       1
        62.5795446955569        59.4860942035659        45.7385868874479                       1
        167.078564456091        66.4683253264779        158.406292729826                       1
        273.725486648665        78.5517113568471        4.55083924109385                       1
         258.17946892602        88.7383477472234        10.2411796814993                       1
        141.742024355995        36.1323423902728        61.2551243310189                       1
        158.387359374177        34.8964243652055        27.6728277467406                       1
        290.084033461668        57.3873451496289        59.6015420909542                       1
        197.358518982026        67.8229429922281        179.464790864072                       1
         115.85057287083         55.462405967374        138.244383547142                       1
        329.778689721324        65.5400190875483         52.820743154769                       1
        77.7701515311048         70.933454905302         40.924270738042                       1
        33.2298462682808        43.3221190026784        131.960457522763                       1
        112.346472608037        39.5861143003511        43.7525710585126                       1
        277.874851150238        58.5270188179794         108.81808338071                       1
        53.7107085339835        80.6968264055912        49.5139416356756                       1
        352.187807609742        57.9540654386172        172.792534440797                       1
        304.238524858036        46.3828228610145         95.691234130271                       1
        38.1038341102877        40.3142218065391        32.2564944193961                       1
        91.0383820293001        55.0670066889867        157.306640398565                       1
         37.951386645451        38.5742500135353        99.1249453626668                       1
        105.603232805851         78.945272641906        44.8059623665012                       1
        197.508788511388        57.4050459786875        97.5489774703444                       1
        95.2315040654391        67.3335930094589         150.54879825958                       1
          135.7416946854        95.2523714861548        18.9510300631609                       1
       -5.43174679346101        69.9322091249019         16.251405312181                       1
        65.1310910840805        73.1294787691236        58.1925633422939                       1
        115.322425833872        33.0557882194031        152.232720934182                       1
        41.7024038478926         56.553731012158        33.4414112427226                       1
        276.424266329026        22.5369431817644        151.590506362148                       1
         342.81910154849        82.4021790898244        20.2810461439271                       1
        110.240608270242        44.1687119272157         142.72667000207                       1
        223.884297357523        42.9925099940367        165.735371344225                       1
        25.9814561533222        47.2632864656519        25.8829507358298                       1
        286.052274364726        64.4347954614372        181.298202715048                       1
        253.350689276638        61.6338825440265        139.940866543829                       1
        200.282759007645         60.847810393306        163.488685820888                       1
        67.4399845552924         13.258589879302        14.1660659819455                       1
        102.707442275178        61.5886137717681        43.3167982200746                       1
        119.906403057244       -6.75211952461358        50.6136677007358                       1
        98.9489797373848         68.349769129264        50.6952994018013                       1
        117.399440293703        14.3397083992465        154.065391847351                       1
         347.54111898016         15.088793357729         156.75582357172                       1
        320.604021759713        10.4513462098079        56.6494756928438                       1
        183.670833213417        34.5655517183779        193.306041903251                       1
        268.989661232439         35.207616571013        177.596621000144                       1
        183.771516820775        67.7038792581151        109.933559877905                       1
        248.003575641543        49.0658623485713        112.661204363064                       1
         118.97864312593         81.838359266855        167.354317348606                       1
        226.003401432023        86.6382734938933         22.873279646944                       1
        340.857037493626        97.2324157477377        106.164840647398                       1
        166.044281434627        66.7983460333164        58.6847484954478                       1
        339.165125570825        78.1430188468808        62.3145684610603                       1
        236.764111985301        95.7488898362888        168.095958309649                       1
        229.999010584334        70.5017241338928        178.917847513173                       1
         326.79322844806        72.3738988904694        66.3193322583787                       1
        177.658434786697        30.1020249105767        108.346509694245                       1
         3.4384837686689        57.0901784441233        14.6964190046191                       1
        92.2323278237881        49.4731123149223        136.070122019235                       1
        115.219824498273        63.8301106510355        108.888389961483                       1
        43.8910213328982         64.116311515453        64.1486675070083                       1
        264.563529295578        75.8997824218127         49.642249646705                       1
        141.179488157146        76.1765727186881        7.22839982287574                       1
        8.95642333187008         88.998228942218         13.809465996272                       1
        123.015592454453        102.773899784765        129.218979437638                       1
        250.411942851523        67.8145942039653        39.0773130517352                       1
        304.347795816471        34.2008455480746        176.450991655115                       1
        33.7892040587957        92.2073022756513        149.766890287623                       1
        276.915883331347        70.6618382710489        172.025537096095                       1
        143.926434465684        31.6437098949327        29.3477586183333                       1
        230.190079108385        32.7431453291519        131.272763729103                       1
        77.8228390325145        47.2666235877184        73.0579742669916                       1
        40.6466719929991         31.013241211093        119.675747198554                       1
        66.4813667036528        91.6551205571956        14.7296994344966                       1
        348.865859737344        50.7935468432922        52.2554980709422                       1
        2.94944484161979        80.3031862818581       -21.1706125308451                       1
        301.371505371065         60.946420376499        81.3880504739275                       1
        151.423813323999        53.4214663210294        130.333101251742                       1
        78.0895766169086        84.0923265018517        18.2601993473527                       1
        322.251770196547        24.2638312898743        61.3580580681211                       1
        15.8918073550996        40.6017293269905        159.875739777515                       1
        350.184341666481         75.810439856048        130.064231671637                       1
        297.350177040623        48.5295244031425        80.3087844380239                       1
         29.627819272328        19.0610612726673        50.5555343861755                       1
        285.563705814999        32.1152411469867        118.406712635386                       1
       -2.66639612615052         46.730152389561        8.82321309418137                       1
        205.286005536711        69.0971730794299        66.0683061365512                       1
         297.60746263889        58.3374963654025        69.5479061824799                       1
        142.879528239215        61.9273309428649        86.7547504970283                       1
        347.455877271567        60.9759185459245        28.5811487429608                       1
        267.475453440011        47.4723521634856        14.2524121095935                       1
        145.696270276086        80.2811034061406        1.49166759075527                       1
        240.588710967856        34.7612968709026         168.73327596387                       1
      -0.401838034887523        93.0685406332466        100.340089863706                       1
        13.8247637768085        59.7588004588619        32.8200418557359                       1
        266.474364261282        29.8108836281973        41.0220140532097                       1
        297.834669949699        55.0123869272611        147.889362513719                       1
        167.748548622268        88.4311907219778        125.570429569096                       1
        86.5820920467538        35.3998122643823        112.735308703268                       1
        332.065951529212        45.5946941168622        40.3273582881171                       1
        139.314897403941        17.8669184860957        48.3656567912629                       1
        93.3989665805732        77.6148208780929        11.9529927118479                       1
       -4.79822069796456        97.7016253260399        101.301207001383                       1
        173.995042787801        46.8004623904404        115.882941367263                       1
        158.704087561825        64.9924285564458        87.0137213567895                       1
        43.1010475207703         54.058964791914        133.716489234572                       1
        130.723714105841        61.1624102654058        74.7696393409512                       1
        162.963030290164        93.4843965246833        112.945018841448                       1
        273.708978882458        79.1442110284386        28.6618117417744                       1
        250.414240213355        48.5126706431928        120.583345760251                       1
        201.646009180127        33.4362316629389        165.014142703521                       1
         136.69890718695       -21.1744321045663        79.4602685949727                       1
        262.633809300659         47.411720467336         130.22564902441                       1
         218.76972133588        59.9307738196827        20.7628379346339                       1
        293.451136837921        68.6842742903476        129.390168867918                       1
        338.098924069907        79.3933457702411        149.703304519741                       1
        247.260176559538        70.1663435442015         97.915193082023                       1
        236.779460600421        47.8169355007472          55.50708537643                       1
        6.85617816639714        81.9967152847118         84.477455232488                       1
        327.835718170475        75.2510757836677        53.4035479455249                       1
        97.9069365101466        91.4434628611346        146.880759149679                       1
        108.057187595522        44.6016173489601        108.524265501288                       1
        89.8934390032158        67.5943494756627        90.2009306314101                       1
        277.438110510505        86.1530063746127         192.54836255762                       1
        352.517659697636        73.7477743913832        170.835459574341                       1
        171.840522143803        92.2068143886455        36.8109828285566                       1
        239.708416118294        99.2438657056774         184.94673444986                       1
        83.7252772188734        62.1314804388056        52.1713893891966                       1
        290.502566847333        76.3762151260318        10.5288668986775                       1
        201.488296888834        35.5944273528723        146.962277223615                       1
        24.3896186294655        71.6813441555587        137.475801343567                       1
        168.233138144577        79.3025041284348        42.4411017360554                       1
        256.678917303925        22.9689951170289        134.167320267045                       1
        166.469000841317        16.6971819592435        90.5198963899613                       1
        75.8267459779309        78.1785909205733        160.126605212408                       1
        141.634811256091        89.2592465213102         170.83959921885                       1
        159.736754492303          26.92840924829        42.0771450339928                       1
         241.26303931499        67.3102317650102           131.675254122                       1
        319.835243890001        70.5687694063798        34.2594821957142                       1
        181.691143392104        50.7819693859652         32.610797686072                       1
        323.148535393052        103.295598831051         143.30601826493                       1
        117.777222175246        48.3186179052085         110.47147767046                       1
        316.592733837445        56.1642414568049        88.8108636501598                       1
        86.4255096655506        84.6208752117891        3.85323598147421                       1
        266.238789121259        35.9799473174801        95.5031902468541                       1
        293.185353597056         87.277373021751        136.901040103175                       1
         153.11565173423        36.2934695953912        36.5850285901051                       1
        329.280711854169         68.974641867739        113.627568451237                       1
        37.2492402036327        63.3542064416712        48.2655752041899                       1
        140.509303967533        50.5895959857035         78.928680443419                       1
        333.441917541811        71.3743197869727        191.812507746849                       1
         56.887259248353        41.1243640406689        90.8375739789183                       1
        50.6776302431245        44.9298877851564        109.666343017038                       1
         137.07074193418        34.6511534110879        71.6775162543412                       1
        286.009001172108        40.3892051508383        23.8954139104744                       1
        73.0567997168105        43.6680800893105        76.2994582980575                       1
        184.566676456231          54.51962416777        93.8036434265387                       1
        159.107162121626        67.9357134939612        26.5551593450231                       1
        286.236937145689        40.2423367115137        157.398609576615                       1
        234.313999275305        15.8584382131137        92.8115409367106                       1
        108.517595854116        53.0183323148281        85.0842700901872                       1
        262.655151621611         93.087311028282        77.2183795570741                       1
        320.508854165016        104.015875753716         149.56018936506                       1
        3.18073931644393        42.3307325505553        113.325727957544                       1
        187.310505275775        16.8662129102525        14.2927410251305                       1
        203.323314216407        46.0239858326686        13.8766838884414                       1
        52.6908510468234        60.6310510674276        117.253993662456                       1
        89.5809468933351        52.0175229495909       -8.02781086955169                       1
        83.4150831720003        13.7728500298128        137.755958975955                       1
        233.608993645933        71.2341133372171        43.5106915525807                       1
        177.427741220517        41.4338896200098         23.656282088442                       1
        199.275961341957          113.3472030008        111.547515286964                       1
        196.914288920733        80.5458115607266        35.1317256811291                       1
        289.411969871709        64.5536356800352        106.743472471088                       1
        22.4748844434458        31.8087951660245        164.281951479254                       1
        162.482637902292        53.6569183207697        136.613812960374                       1
        197.345497463394         76.883905326605        163.039732433788                       1
        349.785369381776        64.1822825320442        32.6563635908362                       1
        222.026818894933        69.8467684570207         120.07248014113                       1
        225.313306043195        67.0837043803098        27.5640224696585                       1
        144.005523325675        68.4445340265753        78.2172636929684                       1
        134.318752932734        111.302189987677        49.3378919135474                       1
        124.220365053073        69.1479375989708        155.506943754215                       1
         130.68797824865        43.2148074621368        80.1179559591854                       1
        265.168017947392        78.2192970475808        27.6337084589736                       1
        206.480689093997        18.2207336532155        162.509735610017                       1
        156.694790286699        80.8814298360373        57.0315832598941                       1
        233.172831916517        21.5329146138998        73.1645654044572                       1
        77.3484378475956        84.7799895399491        98.0530827805781                       1
        14.6622622308532        70.3872324272101        24.9665983899523                       1
        314.923345494062        66.3076594177287        69.0802917713883                       1
        70.2348298609459         63.379373822498       0.373219050902732                       1
        227.014381558724        77.2943456140483        97.8354134967875                       1
        157.430239560272        69.9469864403354        36.7649965496384                       1
        271.335475774158        31.0763454167419        106.131859261112                       1
        156.696218320712        90.5073750052341        144.386981845679                       1
        235.934149712803        9.27383314061624        44.5690236046346                       1
          182.4903697057        46.6478714889926        16.7322755742671                       1
        128.855539196227         86.918440507831        43.3183401081317                       1
         207.49759587184        63.6626191093518        114.009998945347                       1
        217.844985487621        25.7251975902652        150.286960873573                       1
        280.384379131864        55.2532934525474        143.221808243331                       1
        214.234241963821        78.4395524072481          98.42841601969                       1
        311.452895548682        50.9420741216083        135.635681499889                       1
        174.288787069432        46.0570428994926        48.0292599445803                       1
        140.165210533143        89.7123541430063        92.6790038853925                       1
        21.0993878163326        69.1083217507478        55.3111644962444                       1
        132.224043194052        52.4630811598887        129.704134953131                       1
        227.480713470191        88.5671434853433        60.6698836202092                       1
        271.692628375666        73.6576882413291        68.7795220569832                       1
        289.581521198396        42.6325753917933        148.106435278506                       1
        346.041026425632        57.3425427003923         66.150187982338                       1
        194.806853236814        52.4977181393493        168.152265315597                       1
        205.583825387225         98.635216564309        110.007974391766                       1
        23.0517815866652        95.5123246386717         136.83025174014                       1
        79.6469702238455        62.3428441729148         107.31254198041                       1
        182.909846535899        78.3540645829645        6.71861848583054                       1
        66.3015848341808        83.1198111997501        174.569292878241                       1
        4.84887627734661        54.9281447818756        26.2377437388154                       1
        263.994363696341        95.0069222162716         70.513229624074                       1
        253.716274798051        73.7005197908149       -1.31046952268045                       1
         109.92527574718        49.3946360800755         102.34458726595                       1
        197.816307159733        94.0128805362317        23.2565090875307                       1
        159.482036010746        69.3248203594664        59.0116963829386                       1
        339.732865792434        85.8045817757029        22.4759379988637                       1
        86.7846446594083        60.6167464316725        38.6867783238471                       1
        156.021441949529         55.736535026939        120.761289577512                       1
         72.533805942099        30.0043713775274        4.10123169855832                       1
        19.3336152910267        36.9626139893779        89.2532689860064                       1
        57.0879119755259        52.0670780303395         93.837243695916                       1
        164.152680734445        82.8090073992523        92.3486550331644                       1
        256.066519761548        57.0052769640218        15.0570305985169                       1
        176.216698688907        89.6856167603876        164.234107162029                       1
        285.662357718989        74.4765915032983        122.270383711793                       1
        27.2031362678447        30.4428357968583         46.225532113913                       1
         267.14526549291        55.7324266947911        87.1585218476416                       1
        99.5054655381386        65.8944851918062        116.665823413477                       1
         328.44348972282        77.1245421961444        122.475598516975                       1
         352.89297177779        77.3149491145403        32.0818148939511                       1
        31.6618135019904        88.4171557482633        81.3804081477025                       1
        354.653712836229        38.5802069566183        81.4855567755128                       1
        299.822963466791        8.74370085001034        136.515285517582                       1
        345.299203202156        24.7433892969344        36.1421434808032                       1
        172.462783359917        99.2527571450584       -1.49404374126809                       1
        232.664931826729        74.5848126288716       -12.1614535967656                       1
         338.40296377976        58.6580152699148        115.985692533698                       1
        114.754630812676        80.1387525536108         154.05780975928                       1
        293.183612211884        22.5643793476561        176.556648506059                       1
        227.038276444626        48.9710461657473        121.178889413346                       1
        6.70798353721796         34.574791160647        130.309681457461                       1
       -18.0723809119964        28.6162505811864        102.575634133276                       1
        262.863550845842        74.7372507994878        132.922562097153                       1
        186.227277069431        62.9489761723371        58.2009508807718                       1
        95.5637775082451         96.992574124786        60.6747210425879                       1
        312.721906184952        94.5242560295302        109.249139631243                       1
        32.1303752293287        75.5639056803935        34.3462354760758                       1
        23.9021164935992        42.6295663085064        151.812093762245                       1
        132.850618675403         48.190652529711       -4.70109382486503                       1
        124.790645436127        14.2363279757851        74.5794604695408                       1
        234.326351089253        63.3391250629611        127.371052512265                       1
         216.30885595877        83.2072879149435        40.4606563192406                       1
         90.821776100406        89.8275705609488        160.198708281151                       1
        198.260156042167        12.3423418840919        70.9571326981431                       1
         169.79275793899        74.6808770930921        180.319022338367                       1
        99.4822592282146        76.2339711842525        33.3299650026286                       1
        210.946224823386        43.3287108274653        83.9570997333281                       1
        56.8708384446037        71.7070690155672        27.1282773968208                       1
        272.283489710279         97.426625503508        143.346535957222                       1
        236.618493366978        67.1591192484448        27.1970988459022                       1
        110.889128616811        60.2607977059817       -8.12076916832941                       1
        301.775627220901        46.9519256792357         55.401623509036                       1
        79.8317176288325       -7.27794447253828        146.313820320372                       1
        276.628784312571         27.242509921613        99.9024013976244                       1
        110.210830644059        70.2330461490747        66.0711082570723                       1
         26.509109151074        55.2513413395506        140.611310115659                       1
        226.776301937243        61.8115082449576        119.730879212933                       1
        266.959607240808        39.3719127288376        157.514297792734                       1
        26.5813631063908        51.9723767215705        147.504990045845                       1
        293.203777985546        53.8094674552505        99.4390242547921                       1
        127.225373188363        79.1906204238095        112.344640351768                       1
        238.019672252617         53.651504996051        142.248077380945                       1
        17.6712410671821        69.7111400621453        2.94044022738382                       1
        237.711112382435        52.7255270028151         11.277518912492                       1
        288.163149232736        46.5442455306494        120.720864255973                       1
        74.1515515957606        106.194543002571        103.059378266003                       1
        147.289885718594         80.228261821122        78.7621035382674                       1
          83.94424914058        59.8474590536489        77.7440647353472                       1
        203.334165688678        50.0407573647568        171.484143060569                       1
        201.774517408211        101.521233030841        53.5519617263339                       1
        330.557510857987        40.3521635596844        107.027628464069                       1
       -0.49275459192788        89.8683700752218        17.5773453189525                       1
        131.779489184938        67.0351159230734        175.030118048056                       1
        192.436797237209        30.3795106569521        89.0102588790725                       1
        160.564957554231         84.039277057325         2.7407920870604                       1
         81.129690223056        68.7656705677236        166.133948502768                       1
        180.831725525423        69.9689566084814        177.524769113955                       1
