TEXTURE AT STRAIN


B  800
        250.053794240412        45.1220120608297        78.5190935782178                       1
        15.2784472717142        48.5028324430495        80.7597502059674                       1
        221.150320861787        66.2864673511404        69.2155597459223                       1
        239.516598926476        42.9016253066707         158.90580313224                       1
        284.145687822112        48.7433251414256        142.913840243104                       1
        101.883208489145        61.6853468001167        59.5568392742933                       1
       -3.08245550135385        93.4495269269463        69.4938627035755                       1
        149.625369185945        38.2324647454931        166.379458055621                       1
        15.4465508277504        83.0236313200253        14.0253661950941                       1
        138.821991866588        79.3004089803299        135.699033131143                       1
        284.480160034953        57.5465545409043        122.635028934474                       1
        298.557417071417        34.5193061559773        171.441986678643                       1
        119.211462138154        54.5262800305775        117.308510483572                       1
        171.086080230314        24.2606741734726       -9.52725177608123                       1
        40.5927164107785        28.4760939730804        147.635711778727                       1
        257.829062352724        60.3090235269702        68.0351956741491                       1
        173.418001620102        84.1926572741102        156.856760696611                       1
        150.397386995867        76.5557664951232        44.9617538827978                       1
        330.901821271264         36.014482432669        59.8013385428628                       1
        347.880993209056        84.8583781383445        120.905147539996                       1
        339.884438900912        34.9259690499202        117.984727075214                       1
        63.3530311319652        57.4118751093191        133.223355342456                       1
        163.518015142486        71.0666038452506        114.983312572336                       1
        343.416780361654        70.4917163709135        170.370978243198                       1
        174.808098610031        18.5278358948409        39.2834031603892                       1
        199.795547361743        49.3815971076044        104.808886332604                       1
        355.572754047146        74.1610059560566        53.0764875329347                       1
        82.5288017001547        79.1202075663977        41.5518712146904                       1
        178.723025572305        41.4152711561785        160.258510726351                       1
        321.280344256889        64.5662294926219        143.875431203339                       1
        296.311756019953        83.9410850135505         138.09943718026                       1
        135.893394555429        59.3039241182766        169.453575270909                       1
        45.8971298782569        70.6622848449922         93.746487798672                       1
        120.435104597765         48.753737796094         93.626251087673                       1
        282.369875676892        15.8518060691374        185.097372326709                       1
        93.9232792397518        49.8605872745342        100.059309864499                       1
        224.565811606432        60.6258815307905         82.170388364748                       1
        205.409902390789        16.3006789269785         18.645339275301                       1
        11.7885358231177        27.0215907548307         104.14498799169                       1
        264.676210446866        25.4812159172237        167.954999782384                       1
        324.550639882888         23.258102100744        112.306792687066                       1
        282.304041450774        24.6106958965632        30.6943090172736                       1
        18.6612197376163        90.9904432656841        144.340370522566                       1
          78.34295914207        56.4410810413653         16.181277648056                       1
        114.423519871735        101.306584352538        16.4702274405704                       1
        19.2712672358201        53.1225741860159        129.931446220991                       1
        344.123060255168         117.41850624639        165.382621487359                       1
        127.207408498346        46.4565160255135        153.258982849104                       1
        180.838335553959        39.4185045240776        47.8246118530382                       1
         207.03346677617        65.4005525072682        32.2551819881485                       1
        284.710320150049        62.5803539540535        15.3688161289964                       1
        138.898627994566        39.7967806746626         91.291340127645                       1
        185.537405434771        48.4542816966455        91.9777474964828                       1
        194.075853417925        25.4091621432061        35.6934555193362                       1
        31.7955745243799         53.595693671408         151.24768303594                       1
        289.508793871024        59.8313700183232        103.117075843948                       1
        152.950204295201        73.4405741752801        44.9440345477535                       1
        16.4943712809653        22.0989653861442        146.224480593718                       1
        258.057745765372        48.4521649569298        65.2416165238898                       1
       0.333221301433437        61.7480386906851        4.92686695802041                       1
        273.132123662705        41.1231438728823        124.097819240682                       1
        361.164617628483          30.77101102351        33.3955278412226                       1
        117.929412907164        37.2196421865302        101.478881942554                       1
        154.776512086973         80.122463867434        62.0466215299944                       1
      -0.787950498745106        52.6081769116156        73.4159755105318                       1
        225.432174801945        34.1976089878524        37.0302640495321                       1
       -9.59834049166902        67.8914593132431        145.982958081494                       1
        111.426177707425        37.1715535849041        34.9410784981848                       1
        346.986968372907        83.3303043149988        39.1243973990407                       1
        216.859533713936         49.099329344199        76.4556027967217                       1
        171.954866392713        54.4303025903688        142.843411152704                       1
        147.078627790025        54.8345463007114        75.9902389341039                       1
        183.981558494719        62.6681174382942        96.7256372072673                       1
        224.297139749588         9.6683811938142        167.832408918737                       1
        174.550141148076        58.5624644238222        164.765287672339                       1
        114.138200843455        33.7342270530314        152.867039403824                       1
        292.852226268266        14.6490227739748        97.1028838009279                       1
        184.485352414046        82.3712237549316        78.2367300488505                       1
        339.027707000393        91.5117299362138        78.3001969680167                       1
        153.856724798169        93.8913707312105        6.15898135959108                       1
        196.699439192278        74.6923440507001        31.9088934382492                       1
        228.111090256672        84.8115647566023        118.847372491559                       1
        147.752958224137        47.0673716438514        68.7946833680553                       1
        221.881874311592        25.7220918441208        12.6823898184385                       1
        193.750275161413        57.5737449324583        7.39303456772706                       1
        44.6326271397256        97.4073925082739        159.811439885646                       1
        339.467143831451         55.696995108475        116.095885448288                       1
        325.598746200307       -25.7607403100361        63.9064120746049                       1
        299.438537835324        101.655531072745        6.65013573335176                       1
        147.598512523699        40.5595780716319        143.645159456798                       1
        36.4576109131417        37.7233804741547        94.4823400231704                       1
        317.900474985191        80.3842238471703        133.697128485503                       1
         344.27085418504        12.0933320404806        121.810316684742                       1
         163.70451863719        61.1078306858873        125.898225982468                       1
        233.763682883694        56.9277812354086        165.002481077309                       1
        307.700052386454        68.9445865018641        9.86385716550907                       1
        174.003418572048        41.6181839872295        95.9092895308376                       1
         340.03079262746        87.6281267558883        134.480888239755                       1
        351.911134183162        91.3397812527935         20.724909848238                       1
        121.270203125271        44.9907937016714        30.9047720931542                       1
        152.665016087481        44.4392342390395        45.9012170783596                       1
       -4.54397575680279        79.0901775572952        40.4056514210118                       1
        15.1880225610106        34.2632304733316        86.0734586011174                       1
        234.356757564783        43.5374800362408        41.3613371993104                       1
        223.288265643612        45.4003003148297        85.7042037647265                       1
        108.884862549425        92.6367847092602        73.2828069389466                       1
          188.3443062553        25.4816612204214        118.075056963516                       1
        200.005558042017        46.9534768220873        25.1390857932136                       1
        220.262887721577        24.2377208549066        30.2203919119861                       1
        20.5701577221989        44.7154355417031        44.7552862588826                       1
        50.9991977328001        60.0273792907731        99.9105886654788                       1
        91.5087409531072        72.2216701277236        99.2435728426154                       1
        312.562772035471        77.7991269746794        116.948955476952                       1
        55.7061417389355        64.0609606963458        42.3218304790355                       1
        49.9738536497401        20.3014167763766        55.8217956615637                       1
        303.590008736505        65.2562892436824        54.1633004166527                       1
        160.286544115921        56.7673176910103        65.0350287882033                       1
        144.767105315687        29.2718096814113        133.935074194539                       1
        258.675816114235        88.7708894514586        11.5250280960548                       1
        332.864408461507        47.7952362108665       -3.56410354947884                       1
        332.041918731002        63.3617637375304        141.528448081992                       1
        69.5048622202957        27.1546759019854        32.9562425320832                       1
        319.811519608981        65.0813446947207        129.215387931775                       1
       -12.1531322501462        114.043841985812        14.5507913431406                       1
        91.9700499970467        40.3858063352299        174.517809577937                       1
        160.065375471099        77.2672254734134         135.32830970361                       1
        338.580456729886        92.7953870231684        62.2095677911616                       1
        354.281862631576        48.0001861198545        167.459812932286                       1
        210.345445979255        56.8918668102037        69.4733636221691                       1
        56.3971590129873        64.2612511228636        78.4486308311311                       1
        120.828028968573        26.0364697243675        77.6751356065255                       1
        85.5685836057047        63.3789002996218        43.7237995050964                       1
        78.2302003816275        35.3387283727455        35.6709837813546                       1
        254.854281636373        43.9609475415058        46.5007775830111                       1
        250.933453327178        31.6000997860785        163.471600968899                       1
        324.578189818982        69.9034911816176        193.998229647454                       1
        124.808887954977        60.5532238532528        157.828588933682                       1
        231.403771133856         32.467088247217        85.8081313201319                       1
        83.4749331881628        76.1408590797385        70.9880363087681                       1
        307.587559031915        74.2611058102133        35.2126698959902                       1
        130.801852111262        34.8194245799774        102.616556697386                       1
        312.311572358627        31.7897865889079        100.281200525605                       1
        197.315261484001        71.0885999147019        93.3009649660471                       1
        296.634642703545        61.1333730549848        79.6151827676112                       1
        173.718339138389        88.0025516222797        117.170546391103                       1
        233.088984112065        45.1409706808893        93.6314905444126                       1
         13.594884529311        74.4615382420703        105.870473746462                       1
        217.538639182456        69.0427334095685        154.651475303492                       1
         184.06539262322        28.4027997759111        152.574432051834                       1
         186.85445777698         90.285703279332        74.9820504996951                       1
         206.77257353905        55.3478441252634        30.3011215190682                       1
        256.953751375843        56.0951895362524        24.3268285923687                       1
        1.90764906204058        83.9889062092921        61.4088190412954                       1
        75.4616801523869        41.0159038331652        12.7385316056577                       1
         146.75425604242        12.7545899867535         57.061617765138                       1
        11.0784054309763        43.8088673469832        170.868691715922                       1
       -3.81781650298628        58.1778048326816       -2.69439447494925                       1
        188.570148135651        62.8997939559278        24.2357458403549                       1
        299.515277879453        41.3907823212159        100.513201438154                       1
        190.443796791288        74.4269341825832         49.329732431856                       1
        98.6027577169763        82.0017165369756        111.100726804961                       1
        130.994008801072        41.3705617974823        66.9967915483893                       1
        214.356702732368        64.9508532037187        171.993111437462                       1
        285.109639344662        48.1050218271683        27.8284814760771                       1
        238.057148124988        40.1663885375015        150.919783567898                       1
        275.448109398058        45.5224298759946        58.9595633107584                       1
         123.76771298337        69.1588364331157        139.126933605112                       1
        180.509274628021        9.55025071175663        128.071171618332                       1
        328.053296066144        77.6113809403336       -4.99373981335376                       1
        185.781801523763        75.7966999298148         8.8633248440195                       1
        166.545186808082        69.0974679950437        54.1780647902836                       1
        27.0642420624737        42.0887703874878        91.8699713457709                       1
         115.87653515729        59.7681174379939        162.413400669242                       1
        134.630638784783        60.1850313973294         71.996073983001                       1
        24.7124635714208        32.8376626465037        152.812595525783                       1
        286.576461111057        47.3861463239739        40.6222821345616                       1
        77.4901329168629        79.7834321356871        139.141144765494                       1
        146.647966896212        35.3473429177239        69.8502308500276                       1
        31.1414563291944         61.817387285536        107.140444523535                       1
        193.147830399478        62.4929185563347        99.0084263715497                       1
        103.242354384848        34.8743112045348        145.777702874196                       1
        100.668777093106        58.2358434947443        151.296997743635                       1
        131.760063301921        76.5866674029829        154.184657735051                       1
        339.246829003353        84.6113332025337        5.53586147845406                       1
        291.511224648715        16.5964347118944        149.041117814223                       1
        170.180110951407        29.9351573287107        45.0214663825502                       1
        154.658355266634        73.4425283769735        143.577764984131                       1
        354.128342072424        52.1563559459474        188.116898791532                       1
        119.374084927388        66.0760747441323        130.542864557306                       1
        43.9160634579427        22.8442392809167        75.5315282259736                       1
       -3.05109708848032        32.8194509597541        117.531817150294                       1
        37.6633248508046        33.6988346730533        72.0639842303361                       1
        30.3153233462759        39.2276664510297         73.831090543519                       1
         102.81364876246        103.304121012302        76.5062192928845                       1
        336.637267472516        41.8190459445324         118.07665715152                       1
        40.3588453272374        22.6909188288541        109.060873603142                       1
        355.930719963253        42.2297515006661        56.5222795548094                       1
        170.999130489237        74.1344575249275        53.2285018453163                       1
         66.073288292228        71.5322613494716         46.618090511817                       1
        352.486098283386        38.6977630400515        90.9150267056228                       1
        291.629203990262        36.6457597403929        141.065552800831                       1
        159.476986666243        61.8471349288818         93.508668794249                       1
        189.705482731143          24.44852510233        136.740865695957                       1
        57.2940229512569         49.745991499276        67.7289657056182                       1
        292.865024374826        55.5830041611546        132.376463429315                       1
        158.507214136616        73.3411814048109        72.8218497283192                       1
        176.451225050521        13.2106767829647         39.788013183361                       1
        187.731903853645        43.5851305244556        75.2046933880706                       1
        147.749774733175        67.1390248218146        56.4449130874093                       1
        256.903841296678        35.6514451498674        59.2170202656247                       1
        62.7455125830849        41.7578538042406        33.9941774002531                       1
        171.671265090473        72.3265758798309        109.688015021217                       1
        151.022935688225        51.0398346837337        73.1580363631843                       1
         227.74274284471        10.9075902505298        153.966683220513                       1
        332.428383396813        68.6768301158791         76.231150173952                       1
        180.211657383372        63.1688985849589        94.1557469156741                       1
        359.638522853109        86.2034525708558        160.358257058203                       1
        59.3684828763012        34.9801024734291        33.9411540162975                       1
        11.9775367576682        66.9639180394631        123.368319448501                       1
        156.331210468155        88.1634646975987       -4.92662072032136                       1
        285.176210437064       -13.3608825986515        103.867868958976                       1
         77.379333790378        43.7290502560699        133.920277562637                       1
        52.6292975812356        8.77630165294128        75.8794188794902                       1
        314.878915544136        94.9418993793174        56.7034185869266                       1
        91.3446066808643        15.5710833432568        181.113244338271                       1
        49.8530410302485        70.3700777566078        67.2465904117012                       1
        350.778291476717        95.9553415069745        89.2006345351365                       1
        245.258397252266        73.9218450282169        122.985369260242                       1
        10.0997952020335         41.612406178005        148.710412731262                       1
        101.618115173821        45.9163909093489        64.9369943184138                       1
        135.989519993834        68.5708556163179        145.777246339656                       1
        206.574785514938        14.9713562103476        17.5077757807653                       1
        201.387960673083        60.3138204456148        113.291305814948                       1
        275.052045634269        71.3503375300416        48.6568550249797                       1
        270.428784184594       -11.2510449840806       -6.69190768709049                       1
         18.665427405178        65.9337426668318         80.798969808502                       1
        269.772325189247        29.6842370338023        161.854519033648                       1
        187.848613995354        63.4167367977645         40.320672619914                       1
        45.0888519478256        51.5880607478291        50.9105535746303                       1
         174.24113101166         80.912941943015        179.579708966899                       1
        213.806168895345        32.8947347898524        6.57537182771695                       1
        315.272366442744        31.6069995564777        3.30687502278051                       1
       0.652090693303376        71.9482270886484        79.5819462131911                       1
        147.623987249845        51.3032326964449         61.640514998794                       1
        209.301031401519        68.6429935272893        18.0641734891107                       1
         54.722555357231        46.1227927924269        130.714750939317                       1
        144.456180710062        27.5273316910328        113.049586756481                       1
        299.802486037632        82.4538604424912        143.774880719451                       1
         273.28022416289        45.9988476066428        149.527301796674                       1
        250.852459863022        60.4513301011375        45.0605246540905                       1
       -15.0432383095964        67.9181008897009        7.47684952561453                       1
        242.039867811828         54.045891504405        17.6031353018515                       1
        29.7112135754044        22.1807243962683        57.5061845118753                       1
        256.761030598966        76.1225375884989         35.195426089606                       1
        112.644266599689        80.4681560464187       -21.8743721385856                       1
         329.10097152692         66.789389223172        122.606395689745                       1
        341.394534074156        32.7962547073859        150.130338262438                       1
        367.542565545335        67.0257695975019        101.285877302508                       1
        89.8304891201035        24.9952305128375        94.4760629530443                       1
        309.070043539854        50.0451382534557        13.0976831479439                       1
        303.284222691416        76.2023173531085       -12.5131112695424                       1
        114.532077802064        29.2692709846934        154.044295980613                       1
        247.953677512346        54.8771672156781        72.2026889304808                       1
         101.67306410407        88.9834976337543        52.5304965332663                       1
        277.261636431097         69.515866677931        146.269554628779                       1
      -0.133203223765759         64.359986082358        56.4386069679074                       1
        357.755773978646        34.9917545435769        101.088320229561                       1
        215.434603550854        52.7938379421089        41.7804997764215                       1
        234.140198860623        8.94318985428692        58.3925767786697                       1
        204.689569976826        40.0563807582174        175.776304861209                       1
       -1.81384104778346        67.3392973992076        92.5572790049055                       1
        195.891747322899        23.7651476200606        175.993283526628                       1
         106.28701423216        55.0811105424812        87.3951532997768                       1
        328.300687799024        17.8116103041793        158.704601641375                       1
        173.518116222946        59.7592828333396         141.50198848994                       1
        138.637243612592        83.0706112632372        42.7523809517452                       1
        372.089009594256        35.8645668644191        67.7792897042403                       1
        298.067384129873        62.7249773247283        135.497141459277                       1
        216.783357305912        15.6255033150216        171.674719919742                       1
        345.309287385591        73.9558408572978        174.096452278165                       1
         172.31829946556        77.2457958695699         51.895673000018                       1
        119.907028870225         55.693029033424        138.740348740187                       1
        312.429091741564        19.8943823646561        61.9044302755716                       1
        219.962723249947        49.0573894251414        5.26419406035698                       1
        320.609083749179         22.819861088276         135.81673953349                       1
        169.589709095808        55.4119764550327        75.5161556085887                       1
        276.471721945894        81.8658641785275         59.920382205421                       1
        150.799996158366        76.9182660680387        154.842465871146                       1
        341.280048131321        72.2544708391578        65.0197625277137                       1
        28.0261360815363        88.0479728819673        74.5180288854185                       1
        290.124550432095        77.0497728885135        164.812335114906                       1
        77.6086479535795        92.1302199562555        36.2917181218303                       1
        148.154447905754        78.1447336512642        158.216435993688                       1
        253.236557359528        47.0790165182461        150.281428035625                       1
        55.0336515727208        17.2901179588759        174.993902418426                       1
         148.97823911045         83.681105364294        71.8162594030379                       1
        271.080357941551        41.1905489776028        20.2808326759975                       1
        159.429669877997        88.0836731439292        32.1510025810358                       1
        158.089206535807        42.9747447156429        103.179698371957                       1
        291.252914610987         68.964190768244        154.792478567962                       1
        93.2505370873699        58.0347013020607        165.986945875277                       1
        21.6711381862945        12.8305525802934        70.0155844283891                       1
        16.3277178618118        94.7493936145119        136.903115203005                       1
        262.554852582303        62.1788619599607        187.493829389664                       1
        268.082736511671        86.4654746758341        121.902516683523                       1
        325.943581707477        55.5444009578102        155.461704996178                       1
        182.646495963551        101.682820492169        82.9522670564396                       1
        156.715262848081        78.0124458504788        76.0526869305015                       1
         258.50684217787        45.0785878674759          92.80822182164                       1
        311.164851917824        52.8393518958206        -10.248770187271                       1
        141.730209428918        56.7468345413362        61.8396228468713                       1
        4.02358918529024        18.7507502766823        92.7426521380526                       1
        74.6322410529742         60.938691866995        77.2909870921401                       1
        10.3770673786699        80.8792860710476        -13.155161648089                       1
        62.4488074165662        100.657487028601        3.59931530045267                       1
        235.829732405918        95.6383325062631        24.6132171143915                       1
        153.188424209075        37.2780790462225        158.943070225719                       1
        68.9014782640296        52.0685287781834        99.3795171889643                       1
        22.7032990337873        21.9306233662907        94.9301091573677                       1
        32.2477086548239        67.1784929543653        172.146965567935                       1
        162.101097127645        43.9466578801733        83.5602222335179                       1
        171.891929160227        69.0815478492608        154.455503640184                       1
       -9.00358180358046          81.27474348986        156.363016479771                       1
        339.365510227598        65.1196807294662        103.936149696127                       1
         139.72592164862        92.4197851933418        118.216017657989                       1
       -3.69219881110227        83.7517189650802        155.331318477702                       1
         351.03199514531        57.2493393944267        97.5355727418159                       1
        358.866190382013        56.7304555215867        112.514947236726                       1
        1.71114528067981        13.4053768266268        68.7041959858491                       1
        112.186189349117        94.3913144468333        167.869168563823                       1
        21.2692838012623        26.5950153091412        50.8599471358221                       1
        153.835729188316        22.9534702554095         169.36272545597                       1
        204.914444541114        40.4310482299164        60.1381534193286                       1
        307.704510358448        46.6961999941951         130.92467533722                       1
        109.502375874694        62.7901530700618        55.0689910555069                       1
       -3.62115717716081        96.5707392151848        25.8352113620867                       1
        304.628126184171        33.7068261333234        33.5999115687819                       1
        67.0738386024675        2.51723963570555        144.412355752838                       1
        127.825028572149         105.58879982936         103.66948204091                       1
        188.900304024916        58.3012790404506        88.4736936865517                       1
        166.681936134995         96.119863521063        62.9240350666304                       1
         215.28731631281          81.31174193991        74.3096096475438                       1
        158.404274716265        35.5816913912085        187.832551716941                       1
        294.296717578594        95.5518390039503        165.729685510449                       1
        347.117553424416        67.5413930108395        48.6583572897668                       1
        287.137993669943        64.1524657016996        154.666418965565                       1
        101.122210109704        73.7682486923535       -8.80202454630738                       1
        357.133731973691        98.7826296470329        52.3581266960243                       1
       -11.6734666209961        94.9720678662081        184.435930468991                       1
        134.118836064902        76.3883654491349        81.1230925408539                       1
        222.505967105001        79.2805356769495        136.123107296715                       1
        81.0460292727815        46.7360330867238        75.9978232459059                       1
        156.140093509151        83.0096252185882        11.2101926832461                       1
        192.715847033245        44.9359827797071        50.4235548012275                       1
        39.4435328189297        45.0250440149885        63.1599328623874                       1
        278.619265808899         84.404158212049        127.643392522633                       1
        253.642951380084       -7.20831391420644        127.455728497792                       1
        129.827430834252        44.3270009423669        120.254434609414                       1
        105.923289779836         48.005074297909          78.85234886404                       1
        286.811237542396        51.6306932642962        127.448867021745                       1
        80.2456231252072        86.3683221657416        138.797164954104                       1
        70.9097689333158        58.2872908322937        118.191081600208                       1
        99.0632411124025        50.0546134151291        2.20397251317639                       1
        124.761553799845        42.1528513888147        58.1449874464558                       1
        62.7265760345797        70.6622159532197        132.465885577363                       1
        94.6878389810832          52.98443582124        47.3461662725499                       1
        246.353940521144          43.40364132156        154.439634518436                       1
        131.453774943077        53.0662098280458        18.7694482893885                       1
        188.127220891437        66.5838177486712        -5.5065855072364                       1
        14.3848230193051         47.351417034599        34.4938696263722                       1
        200.858761322305         1.4615850118724        68.2188766500915                       1
        333.813042246379        47.8878922185499        150.208332205573                       1
        300.348040239535        93.9598721629935        110.779164680998                       1
        238.670913784083        91.2743979250507        134.953430489539                       1
        307.986830156702        43.2594802377381        3.46054034171171                       1
        335.044970910858        34.5675772226437        6.40931111672089                       1
        73.5383600881368        57.4128449104508        67.3203185720482                       1
        188.693079583379        78.1171599122363        168.641205568545                       1
        32.6548258726597        62.4680847176696        94.9314268328389                       1
        348.111207235884        25.2914793037044        183.186994740473                       1
         54.905936565416        110.506396224336         135.60196947336                       1
        326.852947438856        61.5598745074716        107.083442552399                       1
          306.5360178344        19.0842638067141        139.012006822296                       1
        261.708955784824         22.111946237747        47.3941374973089                       1
        5.23903225591628        90.1753394875029        87.2671508722423                       1
        156.652766433122        50.0428101714711        8.97950532197617                       1
        158.014503789535        101.760279979236          114.6092911353                       1
        64.9198464959651        29.7576928153044        96.0119200773394                       1
        10.4800109415264        124.389573934484        130.267092624179                       1
        290.269311972324        37.7473658399311        13.3897246679504                       1
        153.506944717777        62.9770933405656        111.248885056726                       1
        246.552373478749         32.156619099106        165.652076465142                       1
        90.7065306010112        85.9586866052029        94.8412012737421                       1
        333.981636433104        68.7190600912513        49.6696253219041                       1
        248.511128744915        36.8971088437306        59.1028106937872                       1
        273.055740984899        82.9784067507662       0.247087179903386                       1
        321.314167813338        84.6473773557407        102.881502834482                       1
        14.4000915873143        14.8250810324735        8.61053528567856                       1
        40.5971015899328        37.8128686133765         116.51234002661                       1
        113.173336793517        63.5936133726614        149.335235613603                       1
        175.930505515696        76.0565768445293        28.7523544626107                       1
        347.336672307825        105.908167512478        179.898330842258                       1
        4.74920514108748        81.8865349485282         173.04349283559                       1
        158.582548836637        19.5368830060432        129.397460047921                       1
       -6.16813139880778         56.620302163185       -28.1179471701128                       1
        220.369145152177        33.5461490249131         61.375220408004                       1
        255.129310063349        16.8991637914795         150.73858930314                       1
         10.244076414091         49.363692945072        152.202465635863                       1
        339.271337021718        61.9001957212591        164.954056220514                       1
        236.067086332984        52.1784262409597        2.22160940018721                       1
         273.90880959552        50.9771650926698        45.8801117868072                       1
        215.145053403816        44.0463865104865        17.4794094946593                       1
          154.7860893391        57.5761272144171         125.01869957478                       1
        317.140303385536        21.0292965373679        130.361403842051                       1
        298.266227716769        88.8222018569031        180.374238547366                       1
        236.376615614261        36.4894867128527        4.89358903002472                       1
        186.299289622235        38.4460916398698        92.8456339463455                       1
        122.879161128064        60.5651077595551        87.3265079981341                       1
        89.0427316980285        103.832324206795        150.859862957463                       1
        14.0722907329233        83.0784819323539        113.649244899888                       1
         126.64272988739        47.2787650272499        141.504021407769                       1
         136.51894515606        18.4768977170574        90.3121392202856                       1
        266.412804858745        59.3594781863322        133.415899359087                       1
        242.041773879672         56.796451894741        141.107343033872                       1
        35.8166520675959        39.9350599696704        42.3708245459772                       1
        314.676950469823        80.5262079629509         153.30051501784                       1
        119.625892640774         77.767103415586        83.7578579522907                       1
        114.441908428392        45.3947943763893        160.485721443399                       1
         323.04132856426        40.7769304340799        115.169739848706                       1
        206.518420027318        84.1900367496613        30.9022605436677                       1
        23.5420452822522        43.3284312936549        8.42532211991078                       1
        285.933698649365        18.5530767881538         8.7063770938955                       1
        178.835340115929        50.1069638767839        98.4070226980586                       1
        78.5626394076848        37.5576865277526        110.661898246823                       1
        236.251475303885        52.6824817469832        59.8539219121917                       1
         184.83386552355        60.7669515468867        76.7225030267739                       1
        226.735059949443        68.5545821670576        171.523066634938                       1
        211.560534556061        38.7768841054802        70.1491801601667                       1
        276.204356338685         58.534469644367        31.8060448660697                       1
        170.875476593158        40.7755922743862        115.702037793702                       1
       -10.6228896160516        15.9236121381078        72.9319168704436                       1
        355.063944157989        37.8170172948516        162.529648107283                       1
        277.307439705877        36.1763443054766        141.011375826874                       1
        43.9184260414595        53.5894827121466        12.6841869743113                       1
         242.97012577303        56.5847236108945        58.2005887216547                       1
        178.532549339487         91.050409289701        61.1843982733211                       1
        135.323668778842        41.0663739452587        133.946476390953                       1
        355.398463749879        31.1487111025942        69.5595120475917                       1
        241.485777899255        58.7734461738172        86.9691132625021                       1
        220.874982432363        45.4196443024564      -0.903215187784192                       1
        358.147472641728         74.993480851341        9.83710750694664                       1
        143.046180649462        58.2425345895091        149.998503773827                       1
         49.908556695031         34.118767363566        45.9534301093018                       1
         158.39751545536         60.134689224133        37.4576934568246                       1
        266.216412008019        60.3197291510589        35.4930737981451                       1
        133.785900542665        88.8942762110562        63.7774999282816                       1
        329.820226603355        16.0397302303532        174.680258808987                       1
          340.7768489512        84.8546859408935        28.4601192320508                       1
        340.580261663279        92.6818857289477        47.7675862954086                       1
        314.643689343634        53.8103610972178        101.041129619618                       1
        150.882796401568        73.2773061793694        134.054969696842                       1
        207.168477996343         54.561039173032        157.789566123276                       1
        98.6520122525365        74.5220646012033        156.920713728383                       1
        130.941650874752        64.0808279778143        83.1794009142815                       1
        321.400461139849        91.1052402113234       0.235144637681969                       1
        27.8305171840623        32.5900547019195        58.0568704594282                       1
         114.75889045554        66.0245210262605        41.7278568441712                       1
        317.766371866537        74.8014592509146       -8.64303737519533                       1
        65.7289841947656        26.8672843044276        137.813740258425                       1
        38.5882499960518        10.2821683594797        125.849380346001                       1
        98.8785099016196        28.7049301509321        142.059998921794                       1
         272.94654209461        24.4510922793149        75.1949948154197                       1
        142.899878508902        37.9128579317064        9.30844028893291                       1
        345.439729274187        56.0663305896023         9.6389876710619                       1
        266.411782401004        20.0844504741699        148.508392583584                       1
        324.655575493569         71.220862710471        40.6556601188271                       1
        350.079798731629        86.9813867750924        159.226437236812                       1
        347.851516705702        27.3942606436761        87.8683325783601                       1
        169.109975886391        95.1475685391895        83.3179867806456                       1
        179.366916791994        36.3132398927249        82.3507055425761                       1
        298.285800284923        64.7154931225814        15.6825820189501                       1
          149.5769804664        28.9075796871167         127.59610506129                       1
        340.471068505705         31.999478701482         114.48690505562                       1
        69.2469418271452        26.2856653050605        21.0893085178205                       1
        58.5325148563024        57.2526909870496         53.889669827348                       1
        69.6588599500828         48.370028009025        76.3565771951195                       1
        5.52458850935067        17.9478394565054        133.613060103016                       1
        202.319206027334        34.8861023871485        11.7540218020964                       1
        85.7302813942368        62.9522678202797        146.924113589132                       1
        168.984761111059        37.4003319465877        40.4233072400843                       1
        128.086261449279        48.2320841830191         58.921267843115                       1
        193.097441368649        70.1010457373145        75.3161073549606                       1
        165.388500668364        72.2885902123319        85.6971443229735                       1
         222.00042291648        54.7338536888416        179.647010912026                       1
        139.960483518225        85.3605015725396         50.646110797489                       1
         159.05931183349        -4.6876113656079        71.0020161912588                       1
        60.6020956448766        58.2068384711758        165.620559425192                       1
        114.402448617423        46.6927832419945        153.082939867865                       1
        177.111733576389        77.7082524405415        95.1575917643059                       1
        335.524426239602        52.1374901582114        87.8487701082023                       1
        261.441114871933        26.7586170179342        18.1760645974125                       1
        99.8995230422988        48.7524688955335        129.245494668044                       1
        73.3861818123573        60.6463696123341        145.017496492331                       1
        210.551189779126         24.614128002692        84.0588195474133                       1
        86.5702273243663        65.4238957929622        26.9021199116438                       1
        114.639144775958        18.7740431358526        163.333661179238                       1
        75.5154476503696        97.0136567127187         135.76175636957                       1
        271.306089091377        65.1455933235062        26.2583963298318                       1
        66.8749568425582        43.4253633568948        107.208238398747                       1
        102.465966162757        59.7074147854735        171.054263624693                       1
        192.528370254324        73.1121127022449        6.89955127787709                       1
        66.4957200885275        85.5574183255955        126.557064985715                       1
         302.01495974895        74.1828376383356        94.9982298251149                       1
        94.9400889574792        47.8441066942792        16.4714120573049                       1
        337.295545762606        48.8921913686356        115.908800157074                       1
        201.255430369998        55.8294922244145        18.4723638751347                       1
        293.770671826799        47.3657755180199        120.654607872004                       1
        15.9073039120725        86.0965398892741        120.708530792855                       1
       -8.95655930213244        25.4448114914156        54.5622129709215                       1
        161.907061716227        46.1626063468452        164.051836914301                       1
        158.092664372824        98.6992953144628        204.021160567594                       1
        106.604036824874        30.3756754495766        4.13238730738915                       1
        360.945139612929        16.9543762042684        119.119301759746                       1
        323.982488150022         17.742569862672        161.941890967447                       1
        143.467920845903        55.7421081620653        108.073819798473                       1
        307.751568468207        88.0112347723617        13.8679004687037                       1
        249.588238172895        85.5969215732997        37.1918641513386                       1
        185.502862208639        49.4396315921959        150.162336415774                       1
       -10.5429234777961        85.1650876682507         89.394190561181                       1
          26.44376872892        59.0737811672343         58.252433607197                       1
        365.730856728408        30.8248022041658        133.328707487073                       1
         78.406473490908        34.6289961979623        74.2623212597472                       1
        78.4172832253482        54.2599986905993         39.489100814173                       1
        124.293442322295        70.8300770791264        97.4546910748026                       1
        71.8083946104979        71.8317637441399        115.065415173645                       1
        236.692130227389        93.8078656472531        149.841807444109                       1
        161.172931358484        81.9704654830656        195.775007297764                       1
        137.200560168806        55.1709497065385        92.0461099212527                       1
         177.84997069794        100.613654650449        72.9396377753813                       1
        138.827107857325        28.7332473080075        122.323471521034                       1
        36.4225344450303        77.6413108902438        158.806614805347                       1
        316.735176088393        42.5284771795676        137.741455459924                       1
         48.301132672757        68.8917095668771         146.91574307906                       1
        314.222146432932        71.1632758547399        57.0303421523254                       1
         299.61747358296        82.2341476675717        127.276015484256                       1
         10.910653656127        68.0149573591408        145.815309757378                       1
        8.51303964548783        49.7022628773029        105.657600682078                       1
        303.556774096738        56.5995805667276        120.155891548117                       1
        16.9430936882758        52.3942520603982        92.8623154007549                       1
        323.917815927389        31.5577368988684        157.772041838886                       1
        282.891423120369        58.8950344238454         9.9548648972792                       1
        292.888352935719        24.1328593614027        127.939672481048                       1
        120.458364805008        58.5523711277274        71.3315241929682                       1
        45.6764379598126        92.0366627152323        131.164845411407                       1
        108.453235230977        71.4622248842558        151.726200735464                       1
        126.522364692859         44.003320529227       -18.7058099525301                       1
        197.620517042525        78.5414378369871        105.763664447588                       1
         105.89926552365        38.8548454485076       -1.24750488860742                       1
        279.942344651869        60.9741429020355          68.06624502651                       1
        174.000810286368        98.0492368414654        7.74381725411645                       1
        101.726821847878        36.6264605298687        30.3972119150354                       1
        280.457695762048         64.508779753042        24.4749955720601                       1
        261.960530766944        47.3467649401892        30.8253227658846                       1
        156.444715062928        49.5771274232612        116.804334911909                       1
        205.509912323401        75.2772761911181         147.56122485371                       1
        327.407197937589         78.871868202587        91.9235814665442                       1
        185.508028313353        79.6402906677494        35.5563592244337                       1
        137.838520498716        63.9655253650199         100.26819872303                       1
        264.360462799689         69.144331610427        75.2894688968286                       1
        133.116437771414        13.6716502403732        4.08919757671975                       1
        148.545056449281         44.710127056058        176.318224062425                       1
        374.707064480845        91.4626610875534        156.837791354824                       1
        276.653059857237        82.7820172882021        46.9535186097154                       1
        267.265923009258        56.6962280929369          59.18905680516                       1
        126.070268289735        11.6793405240231        112.512637137918                       1
        134.916644442891         21.111311537369         16.718923303291                       1
        295.212344215416        62.1109309417996        135.562022321969                       1
        331.740562710432        86.6908917320224        30.6066842764741                       1
        56.8513685660303        47.4765140863682        55.2652190822768                       1
        70.5810336471147        80.0842504883028        158.173485896706                       1
        207.209080105163        34.4084919056216        88.5107243076923                       1
        362.824700018945        93.1903214335903        141.512638851513                       1
        185.238928387388        49.2070210102707        180.037148956219                       1
        8.83813497657517        83.6050529503604        94.0059748386415                       1
        328.580710269292         42.625669747943        11.3275932697383                       1
        304.214330233671        30.7776156692018        126.857813571097                       1
        57.8082360104272        37.4400255729596        68.2130834873624                       1
        129.115442466609        74.6011098123222        34.5090179330061                       1
        290.646860154439        5.19985177035384        174.464414934617                       1
        206.575422695728        74.4740051344235        106.035241916431                       1
        115.117323149747        51.3634533852719        104.954991971234                       1
        286.418080656104        105.034648749717        100.407875924497                       1
        358.805980225813        72.5953212099578        3.73418681761189                       1
        238.387666287766        37.5010114409538        168.616262985586                       1
         121.53390594677        25.3706147418554        24.4669508907385                       1
        35.4132580741483        81.4969358948358        65.2016135726753                       1
        254.306307350426        23.5526296926811        145.736735561669                       1
        94.9796244984384        35.9421290654857        53.8705290834677                       1
        302.470664937968        66.2605234799743        118.116793780017                       1
       0.703660655971468        46.7063843523852        99.2908823373412                       1
        49.0326047601387        27.1481526633399        40.1299442166467                       1
        260.114067133612        77.7187931789024        24.8677016081165                       1
        83.8227990104664        49.0509531969663        211.305028709797                       1
        139.960923563293        60.2160986688964         126.17993202048                       1
        135.909882962148        79.6062858181002        37.2969073147423                       1
        340.772168997651        46.2631313275193         96.585058949871                       1
        185.288871134684        24.1714172391143        82.8134584425956                       1
        203.687317285662        62.1768284521584        17.1471111550328                       1
        244.862212585626        72.0262971483071        160.741957801019                       1
        222.643329710446        7.88309824714062      -0.794697383845201                       1
        19.9990712091797        84.5791454852348        104.959925612688                       1
        296.660082007178        85.9248065821296        4.23804179747895                       1
        232.390673193758        48.8451526890278        78.7368508402362                       1
        146.039229206515        61.6452580351585        39.4086319775113                       1
        221.548230633643        25.0091204382263        6.04418769701668                       1
        43.8306067557307        10.0535761677907        76.5804517399724                       1
        34.8803155694545        76.8394760403809        128.147618542867                       1
         14.411011665483         62.012506772221        113.767023251386                       1
        264.644614085288        77.3985472993394        123.827582981738                       1
        288.858730534159        39.8185796167089        53.6214203872835                       1
        271.009849904276        28.1126795008788         57.318363782235                       1
        150.109717314461        65.6709130370297          83.70313733511                       1
         170.88452412095        63.3028522500905        127.104409241172                       1
        96.7672007584678        81.5850239053924        173.275378099006                       1
        339.664069741907        78.7103476468316        52.5526167880669                       1
        81.5800777798813        20.9858410288639         116.70993865383                       1
        228.551794278042        7.50038456817841        34.9445427655439                       1
        148.038615275234        48.3119034522731        51.5766400140624                       1
        171.834270495467         11.480909695722       -1.60135352375201                       1
        58.2755025469359        70.9575391687052        124.419299611214                       1
        187.601437418091        83.2387308746119        21.2410500268675                       1
        306.473026633105        51.4506415265682        96.8706716023457                       1
        290.332833856483        95.3005927905877        82.1498460636039                       1
        315.130862093143        60.5586729966556        103.592808558641                       1
         173.99990871221        48.4136232572843        49.9352710800066                       1
         226.47734022462        59.9860079233384        11.6349767920712                       1
         326.82750324089        86.8602150720609        145.967987478947                       1
        16.3214726019026         24.024521033214        92.0968909089426                       1
        136.262646357781        63.0167406251028        140.228390842753                       1
        96.5346320663675        23.0333110355474        59.2335648512295                       1
        185.981305706514        66.3966413873375        118.571485699093                       1
        233.044709618206         17.725181724224        98.7853262934986                       1
        346.877818198137        25.1368266561589        80.8910988820264                       1
        121.588963347419        57.3015907790747        85.5552281899715                       1
        318.914153189345        31.2556732609044        105.517998407524                       1
        234.553550269626        68.5871358188782        151.695638756877                       1
         57.965863038096        18.8154215416418        75.8739836445348                       1
        177.691449068627        77.1932270099134        15.8212590694543                       1
        195.481635853257        51.6052776589876        14.8647516556633                       1
        279.237126251129        99.4342245926356        44.5339992983773                       1
        45.7770557798887        50.1542221518661        48.8072961081691                       1
        49.6200224308272        43.1833219403893        17.0896977054045                       1
        91.0101227386079         14.820020316822        128.077181313897                       1
        255.827243711725        44.8814888199421        174.843118499417                       1
        56.5748600964051        73.9111267865866        109.035947395907                       1
        236.630016671367         80.257348930125         10.306569096907                       1
        60.8097125036521        78.7147936891866        80.5947215077283                       1
        299.535913715674        65.5279828180727       -1.90337995180018                       1
        239.330446637872        64.4185013307634        52.4265104488035                       1
        218.235911423591        28.5341021930091        176.152044388684                       1
        252.164447804727        63.7350151186876       -8.45254977232048                       1
        78.9254926037405         62.310228838419        88.9235379055337                       1
        68.6110264996786        67.3578085882549        177.004565701959                       1
       0.396252485804658         44.976886990333        64.9951074806009                       1
        246.430726894457        89.2943043637083        133.167316534856                       1
        103.446916476722        72.0720159592136        4.60662885852526                       1
        240.506453943054        29.6355565366954        106.588673082316                       1
        120.836129192899         81.194854026583        49.6056059536115                       1
        319.354099106477         87.023589041615         82.732952642351                       1
         100.22335547722        83.1039399621376        77.5856882149586                       1
        83.5710855957551        71.5713383235932        60.9599577080215                       1
         169.57125294056        71.2679316904523        139.126504557162                       1
        72.2152169803443        73.5718776204895        137.861989380842                       1
        111.600949398444         64.799009446631        113.385509325563                       1
        94.8035034314938         47.851579644628        147.219086855736                       1
        259.824006039277        49.4844373213881        51.9217758554714                       1
        182.065958848066         28.150761376927         146.06058291457                       1
        133.419997435946        87.7050047675596        28.8706188943261                       1
        178.573304169431        74.7450707410549        130.086269074151                       1
        41.8696852254547        54.2066467885278        121.185843942895                       1
        94.5283682670507        62.9777670740391        69.3102589895615                       1
         23.492824792586        79.1992745693493        72.6795271323676                       1
         160.35660098904        56.7313242954507         151.89483731503                       1
         249.15977801373        73.4921797555063        68.0813832261266                       1
        231.028686264043        54.9336298052808        53.2861897072768                       1
        171.371427477391         58.648509486859        13.9055455886447                       1
        83.0772670235126        44.0370319558781        46.0460543576932                       1
       -11.4794986034161        73.5264778526287        82.8460041662134                       1
        91.8810416983592        13.1048585819888        42.9002639374611                       1
        353.034039667351        10.3079202274534        112.641387681312                       1
        193.090160359043        68.6874490479143          188.1918438868                       1
        107.299268736801        64.4812920605278        92.0569387143061                       1
        4.55433155903616        92.4019637481249        171.402111395999                       1
        336.800911730095        48.9566698024659        99.4257192866003                       1
        316.596567303727        8.05144475448102        95.6673893450312                       1
        241.159607471559        79.5241917876985        58.7654051107402                       1
        162.808759708741        83.3063199044584         53.085402000156                       1
        169.319016622629         105.90843193431        162.210201807482                       1
         242.87412239915         13.036492261396        186.184231051555                       1
        95.9759609030199        55.3666974658119        5.64482130021685                       1
         188.28875501927         37.256396460608        101.261709246568                       1
        213.146359843681        49.8151412504282        172.574065820946                       1
        310.245941633411         56.852568804063       -3.83905599887993                       1
        172.538429697063        50.2423741882644        111.385174511549                       1
        267.265089147647        32.4875889094369        72.1851913320229                       1
        321.657791565807        62.8031270804975        112.061595373336                       1
        173.446791270741        60.2528928112183        45.1613316974995                       1
        352.475987136865        33.2375530389467        119.976096196693                       1
        170.411426439481         37.674752575348        105.613573400618                       1
        127.353643795247        57.4354328580296        58.0926776256415                       1
        324.456456027588        1.98626045947187        103.717535253836                       1
         2.6163037802518        94.6891953357708        121.144713276211                       1
         77.807724041258        79.0772359893295        122.878641451674                       1
        62.7283090812482         82.859695374963        60.9537971317389                       1
        353.011215757615         61.228648501488        102.765137262471                       1
        164.619563409092        56.2942452560045        99.1775747016577                       1
        94.7870919466248        64.2094465872726         120.34273642432                       1
        225.471640496136        36.2146730445221        126.908841463284                       1
        150.988838007332        71.3752160043494        74.4730483850285                       1
        131.529228621361        43.2629872940494        85.0956676652778                       1
        19.8991651281107        25.9187330886589        73.8684435449291                       1
          267.0803173032        39.9673697670611        50.8766254446354                       1
        200.166608836431        79.3514358729229        60.1980140804351                       1
        174.401573961794        33.5771079731981        148.143061439894                       1
        303.351180479035        49.5621434424507        55.5345570282459                       1
        260.429096879241        27.0749703647724        13.6472085438725                       1
        238.979518123752        2.50335686242319          136.9085964058                       1
        220.972584430113        69.9710158410937         6.0641914616791                       1
         286.17616883977        36.2251852085798        73.7050451962304                       1
         377.41529285722        15.0448785640615        65.1764137417232                       1
        64.1146411683815        19.7282448559974        41.0032831625635                       1
         144.16932919571        67.3828375212164        64.7536065229734                       1
        286.130466423734        74.9431771756559        20.0130921825075                       1
        206.537943827642        43.5794422312912        151.348787779269                       1
        78.8928032422979         23.249753513816        176.265143456206                       1
        236.195063803124        68.3451621061693        61.2776357050506                       1
        244.544241595826         28.439536208037        145.477768451114                       1
        174.435762931072        69.6110790710171        100.827105911109                       1
        181.073737484249        59.0244661371304        108.638277807792                       1
        239.545109763911        70.9274513118325        123.352180830483                       1
        209.700512655433         82.639455746468        67.4381630279454                       1
         48.954118749124        91.3357912232434        19.2438259606741                       1
        326.821000529263        51.8101492384368        9.73537370093622                       1
        277.074331861545        43.8220902332577        41.1356260530293                       1
        67.8931975147291        35.7531936001951        62.1596257643416                       1
        131.039578475572        73.1280102122912        64.6322566909663                       1
        106.778757816982        27.0207984806681           116.835605934                       1
        14.6989987996838         64.315493524729        6.85130867808954                       1
        106.984541024086        59.2302641979953        105.585933586817                       1
        331.446893321898        73.6552710304707       -17.1522142994273                       1
        167.669544817126        51.2676011008594        75.7287239920577                       1
        7.31505904950503        78.3318839299829        125.860623312561                       1
         314.54861579797          34.44596175737        12.8840477863505                       1
        80.3853219158292        9.24474050785065        66.8372039154125                       1
        250.415678936087        14.7185300347317        139.520539734223                       1
        302.646587034425        91.3377013294978        41.9580980139583                       1
        246.252134846504         1.6639505202672        83.5142173180592                       1
        293.906361815234        31.7465845733441       -10.9338123759599                       1
        305.169494698749        77.6932137705465        24.2945213190984                       1
        316.309932887864        53.3400649084405        149.008931116503                       1
        29.1813514925887        34.5026734025853        168.100940684672                       1
        189.986607822473        77.9266897314657        87.6738049448245                       1
         331.64240105115        76.2820469238801        110.547982097028                       1
        335.387572371539        65.7817242463809       -2.48324817409539                       1
        117.876219930204        75.6294207339077        60.6710291117692                       1
         257.56287899301        68.9979063910657        57.8430508634689                       1
        307.265953274597        18.9008475760686        40.0426055064992                       1
         42.091481594638        29.8973080951155        26.5221558309488                       1
        280.304293142309        71.1870939222471        35.5805759937428                       1
        3.58183594745667        68.9065215620517        161.690515152397                       1
        313.009679491117        77.2062266552473        133.986417798109                       1
        328.517859521283        112.917229315884        30.4262063147351                       1
        329.715680125404        12.9724567430532        64.9658489260934                       1
        46.1254002448777        78.8061905382343         34.724076320211                       1
        179.727414652608        68.7709256401237        171.090661553863                       1
        215.697238269279        64.5343628991926        120.734386341477                       1
        257.197854882597        66.7692046596368        23.8668340439562                       1
         194.94165973896        43.7250114344969        99.8893965203264                       1
          214.5796552936        29.1275041038912        83.1363382229093                       1
        260.297913489135        63.7230790639008        40.0861433068081                       1
        302.971159040369        18.8317292963617        106.145503930919                       1
        16.4851738766401        68.3707111304519        88.2185353152172                       1
        91.6162810230871         71.772630012614         83.365658603532                       1
        115.982778763049        74.8255118739206        148.821642243916                       1
        168.150978211363        77.9937435381944        69.9163453237684                       1
        147.015963234895        96.1809925220159        141.561193199943                       1
        105.130940448304        35.8440267928507        195.535490188613                       1
        132.963430611004        72.1131936181539        60.8366791953343                       1
        81.7575328919692        67.6082808531623        58.3886101930468                       1
        269.566010657044        57.4473544750889        46.6833981554786                       1
        332.321170475222        82.9655394048967         139.41069912685                       1
         347.02959393775        70.4204737574496        120.112311561861                       1
        346.809162618489        56.5882357621642        154.337081444877                       1
        37.2297004778919        53.6684924824961        34.1021920058032                       1
        241.556618108055        20.9177670739612        124.304783632021                       1
         287.44178527643        74.7125153206812        123.145977781452                       1
        157.373790243507        19.1184269214441        80.1142585641143                       1
        313.779385531102        64.8764889816085        148.784714247629                       1
        138.988491891707        24.3353278307482        159.802680321576                       1
        286.083716068432        76.2794958434256        112.851334244994                       1
