TEXTURE AT STRAIN


B  200
        169.659488655931        65.2619175402658        106.055005274026                       1
        337.838873962366        40.1625205952309        195.204519992104                       1
        270.884737226761        64.6703465609551        106.880217836532                       1
        293.546744926724        126.306769399596       -27.2348783967577                       1
        33.8858319852613        74.6596084088715        57.5084039224058                       1
        116.816864813474        28.6991913840492        150.110574494656                       1
        281.848913332754        116.850015507787        -29.472124404044                       1
        346.264343059905        17.1858697622411        4.71705963984625                       1
        364.660827232622        44.6544974159088        139.817388495407                       1
        154.625414490591        29.5062237424013        105.502183572018                       1
        314.977796489439        96.6450681346249        171.309972906834                       1
        344.141009841857         40.883593912318        65.4270747558221                       1
        339.828006571834        68.9769636935203        29.7884891772532                       1
        128.737690902963        65.4548947086986        20.2630723877002                       1
        282.116762275518         96.634505556565        164.942875493925                       1
        350.963614344974        26.5142593566334        71.7301119922158                       1
        3.11032533082349        33.0929370401774        134.293105069728                       1
         182.17548901794        47.9094862886075        84.0968819916316                       1
         162.49196998153        44.5133304248488        77.4959185294542                       1
        134.024121703224        55.9269236003608        46.3227467771875                       1
        304.823005516621        104.740960067748        6.37774567034396                       1
        204.751122333837        28.3768456962352        154.026188966866                       1
        161.330120238729         30.632216602469        178.103506574466                       1
        243.574966494564        117.764061488459        130.021441022348                       1
        42.6618137274856        59.7523652302767        119.311194245957                       1
       -36.5807076735444        98.9332852075404        51.8547406453809                       1
        130.056291462402         41.948517606224         178.22948618718                       1
        304.690653996319        118.514451341434        133.965085125956                       1
        109.289480395731        27.3224602235007        139.956466464471                       1
        159.542826929202        45.0949068402992           50.5261796219                       1
       -27.8674199626815        109.570592985847       -11.5451019477833                       1
        258.939498750273         50.143925694789        21.6563626983195                       1
        309.298931840147        35.4837737061527        104.623493447354                       1
        271.229354407699        83.3918161104396       -31.4597274165796                       1
        11.7649168754553        78.1352501174889        10.4097118839263                       1
        135.723992371671        39.2660177393935        17.7176754836695                       1
        286.068029824241        129.870808836876       -16.3602346953048                       1
        327.246084778833        83.2670135569287       -5.16412839970892                       1
       -5.37576074580788        66.6883649694794        87.4290671520966                       1
          150.4435379815        51.0076429962242        187.360277885632                       1
        229.329811862922        84.5052885351007        150.923720870249                       1
        319.585055322608          92.36225883009         155.37910350015                       1
        358.451602209147        51.9989722036017         75.950270458121                       1
        54.1945625917082        114.992327717224        219.014986513892                       1
        130.966819734531        41.4473558088638        36.0580527410761                       1
        208.166068637576        69.9838821818092        153.122804341141                       1
        42.9543263953442        54.6482949049896        159.702246576164                       1
        298.041440604174        123.012541769185        179.615924170201                       1
        41.9775090710668        73.7132095061668        127.428722038976                       1
        -20.902831631131        83.2633919522806        118.571810248351                       1
        350.831918003646        85.0235302950203        103.651994929711                       1
        191.430141385046       -20.1810710841059        140.916240246275                       1
         -17.20036688779        77.1134007245852        142.917863552453                       1
        235.854935076633        27.3924479300889        0.98385812664635                       1
       -4.92720234794925        57.8324259295702        109.301784009918                       1
        145.753121433601        58.6679306152564        73.5778838435347                       1
        101.576920281803        42.9826182038636        42.1563223481504                       1
       -5.87532760810768        80.3358349715313        120.524882788958                       1
        62.8632698888371        47.1898624723687        200.936148994494                       1
          45.80702382071        58.6168838850296        139.267964329038                       1
        21.9601696630522        46.6429686294285        35.5773194236545                       1
         25.841439702825        90.1382150321745        171.722255221759                       1
        298.822979829118        112.402837513857       -13.8202156055931                       1
        48.1895617349085          77.84798735816        171.331044972372                       1
        282.650189589794        77.0101342730135         115.84929362082                       1
        167.100421125966        53.9848336974177        58.9085790154166                       1
        15.4457009654602        80.1522963134554        153.741853448372                       1
         322.79060921723        21.1274092162779        80.8368416774053                       1
        297.053133360754        132.450627918072        158.093395210437                       1
        46.2917594428986        16.6807209114971        220.690673351581                       1
        113.342881661745        36.2417989168892        50.0720662427843                       1
        83.9945840864344        29.0599864452394        179.775946615532                       1
        34.4198739155546        71.8361837873859        78.3192679826549                       1
        70.1241153134263        13.8861954724599        210.957785150074                       1
        146.468695216559        38.4953845607768        68.6416853934604                       1
        286.089240106882        115.101515262806        134.224707265578                       1
        269.539179133021        63.0365834416962        3.62265402036136                       1
        36.1227065139923        51.9675852949207        56.7736717944014                       1
        213.428862471105        50.0764168148606       -18.5097621487442                       1
        52.9402919089179          79.20376773976         135.56972494077                       1
        326.391099306883        127.653911650476       -8.25522667950839                       1
        135.434622838807        53.8528409222531        2.60958386878386                       1
         44.392644251591        33.9287835595924        224.955099863814                       1
         21.820947375757        61.7386435736715        60.8111022099106                       1
        24.3222600967794        73.9767900506313        133.911328858557                       1
        349.972779526961        102.352558608179        166.372863705949                       1
        224.215745877465        106.857989114802        121.592014326416                       1
        173.229323357507        59.0220582375681        8.92084073010019                       1
        9.80929815104794        69.6209784730352        34.4178203021419                       1
        23.0860433132529        62.9949348848422        151.238970366863                       1
        18.9217857009566        50.6870148796747        119.318675614215                       1
        320.730411868233        62.3624666030559        46.3918910347076                       1
        142.146710741867        12.4026265985306        147.378834380405                       1
         216.93944605162        46.4627109055033        32.9826881221463                       1
        209.245204724712       -29.6781633272652        214.811516821108                       1
        218.423887409534        4.44968780028191       -7.30200962715165                       1
        -23.008171506777        68.9294852550633          111.2030111145                       1
        44.0794888698864         45.908380424835        127.645305612343                       1
        50.3049201744697        59.7718901631726        63.6745089345331                       1
        24.2489839295074        43.8554294479276        53.8231222805473                       1
        321.123149316556        117.083369666596         123.72453028632                       1
        214.488779987455        98.7256357706705       -43.4542941703911                       1
        309.247930780898        16.7232224334451        105.629615843152                       1
        295.827100889112        95.5493242880101       -13.0226972869622                       1
        320.302422162215        105.666847214367        175.042876027293                       1
        123.783067434592        55.3495415012758        208.054969360348                       1
        206.685748639849        55.0538980603825        146.428596125751                       1
        332.737322107424        89.7914953896975        158.288260923982                       1
        16.9016276971053        26.4525312315666         80.070500381858                       1
        155.852928515421        40.8136696703694        166.847327743715                       1
        239.987646392438        102.559687087314        -55.584027787383                       1
        218.732577574696        66.0883772121266        -21.620158767785                       1
        56.7934426241315        27.0999801005018        109.559597674474                       1
        367.584104795982        112.715648769707        14.3527603313433                       1
        2.29124462833176        63.5097081581165        120.946649795523                       1
        308.793213238122        106.289673730741       -35.6954098980306                       1
        144.615663033692        66.4743231163668       -10.1010751486415                       1
        266.246201467742        23.4653851022915        138.104305015166                       1
        319.909380751368        79.1243585871984        139.488963858954                       1
        198.310438160131        62.8986962883554        174.992079177145                       1
        339.667677630686        110.874931598286        150.575535455843                       1
        320.806377058291        70.5818403812906        153.939944665153                       1
       -21.0272099579022        95.8035501542527        1.19872711737722                       1
        40.6541801390494        96.2521625203697        47.6393684034161                       1
        27.9763187879292        60.9125087218347        20.2880411111958                       1
        37.9483865945156         38.062202561397        69.3187636840213                       1
        289.021964502552         59.689379472033        104.518911178347                       1
        273.490006779286        124.744409031334        94.8650471709949                       1
        307.692923763898        118.085597317898        159.565449600206                       1
       -6.97351067367231        96.1767624449129        157.393927874996                       1
        293.864452910179        100.728177691132       -26.4157488922985                       1
        216.494012790558        71.1346228714978        42.4075444833528                       1
        30.3106105192597        81.0385612299558         117.00026277345                       1
        157.754425037069        78.5575661043943        72.7837277023901                       1
        294.876726431438        7.52338643066891       -13.1049097526882                       1
        355.280743672247        29.4315830711267        169.499192967762                       1
        67.8464578625323        34.0333928725211         36.181065941386                       1
        138.675959410822        23.6927587158508        61.7859086005709                       1
        44.0851826650123        90.3836871896904        71.4717603541039                       1
        47.9219070912855        22.9970609732688        134.873831230152                       1
        310.129077568294        60.6802135232674        151.175815969096                       1
        142.338756656917        69.9716194899202        200.852793090251                       1
        9.96203961576686        46.2372924285125        81.8423057034275                       1
        191.223587996975        47.7715309470973         189.16562497359                       1
        89.3996825978992        15.1199171209384        163.278058358699                       1
        222.186082651659        41.8857556208548        175.463917920932                       1
        51.8627977231319        75.2534118542045        40.3678882250531                       1
        39.6686082612678        76.9158080463953        157.539256172888                       1
        307.368166629399        77.0682523000985       -8.43293088189905                       1
        287.105917703301        77.6050070421438       -14.9169089743617                       1
        183.849369117638        83.5721809607163        176.798962415338                       1
        338.065976235443        92.0920120718851        57.4521700035372                       1
        301.158701870459        82.1382927765536       -30.3267482439093                       1
        210.465041431157        82.8344213083603       -10.0363088639747                       1
        30.6891118994801        64.2277386800405        42.4811625105124                       1
        40.1791459214682        39.6655714919134         184.81086862433                       1
        342.952580459356        77.4636011332672        96.9441311251347                       1
        325.568576103435        82.7443437603859        41.4680781945062                       1
        334.588617528565        96.9125693866354        135.084988492245                       1
        270.598503588415        3.92692002365278        33.8005451346383                       1
        123.544605732238        45.0139181258189        59.7770386555361                       1
        46.3508863615788        59.8831498723985        42.6693284045837                       1
       -7.19395431771199        82.6142770225557       -6.60395561559953                       1
        8.02624475384476        38.3915660542828        108.192819067579                       1
        242.534178428407        46.2682678005453        74.2250414461849                       1
        337.634755754341        54.6350336532518        27.9623474700434                       1
        334.631384286325        62.8388495932772         13.054014342556                       1
        330.936766864472        76.2355923963073        26.9991723723091                       1
        127.579571532824        35.6164635229299        16.5619424528243                       1
         37.864314385758        88.1204933358528        142.841691771628                       1
        316.794359903473        128.199414609673       0.466037195968462                       1
        275.590511265622        47.0247977561821        19.8803385008938                       1
        132.135841156145        46.1336372653555        29.0583658080196                       1
        337.933461573826        29.8787106408376        96.0066531974657                       1
        322.965066624311        21.7612877099086       -25.4306070108024                       1
        379.868111744785        13.8642123948426       -68.8166078646876                       1
        375.227761906416        13.7734820744396       -128.325379065869                       1
        115.276240085265        61.3196672740778          40.68350672886                       1
        58.7088572830814        70.3419800641965        25.1525983519008                       1
        21.3895623842718        29.2502571485624        165.378812449783                       1
        322.057492410788        113.593665841031        175.990815095148                       1
        21.9276710476276        96.1335128184377        124.909966200734                       1
        109.139530502922        48.5636462776836        130.102711595456                       1
        311.758513915077        94.9112468038141        159.999433780474                       1
         215.04276614648        -37.876998463763         112.39110031992                       1
        189.744395646104        38.4986384908455        39.9436509468568                       1
        240.657467171053        89.4421069539768        137.693846656525                       1
        152.797976259087        52.1681598609759        200.591049558918                       1
         226.10720597636        61.5351111836685        118.949383617155                       1
        120.332317525049        65.0356684382659        188.786359157065                       1
        99.2965135809999        42.8786359054957        93.2591091151894                       1
        199.955284264981       -15.6632667872158       -84.1225322337725                       1
        283.116364488431        110.025240473205        1.03145922169717                       1
        23.1656677125932        55.1860753328034        137.165438756146                       1
        48.3398883171172        94.7282931523868        154.195811104199                       1
        153.820374756455        58.8606447903639        84.9485399724345                       1
        289.634403929092        60.7406612763186       -2.70143282051023                       1
        -18.293948516804        114.771762516936        193.732138540209                       1
        131.636695745894        48.6467393837752        138.013074441624                       1
        193.585363560692       -32.3299464636764        144.224252704176                       1
