TEXTURE AT STRAIN


B  100
        117.899925754562        126.669749174829        164.855499031396                       1
        102.372121053527         113.94569238084        21.3218523320259                       1
        266.132328523927       -14.7462335748905        36.7398673832036                       1
        257.463856033071        15.6111090016987        10.3426450551302                       1
        76.8814230856699        129.015277973213        30.3141627320257                       1
        187.926559191976        36.5183360999543        123.158165551827                       1
        136.409609179434        38.0019805264808        30.1245613713737                       1
        227.489014440517        31.0048483057972        202.108494316358                       1
        -23.786436513231        8.58943751729285        101.336330190349                       1
       -26.4020863925445        125.447172155252        196.464491019899                       1
        271.306890026356        38.6467421529449        150.655514017108                       1
        245.812472283701        39.4779238066159        178.386339690073                       1
        282.404036517642        58.2444386447733        137.934718976731                       1
       -18.6585828495907       -35.2511614089182        154.006454672628                       1
        359.768577939825       -23.5197366291308        135.807439748507                       1
        137.758780525154        25.7278314189759        19.2368645498441                       1
         36.110907384806        157.804834732586        33.6746812481994                       1
         176.88186440218        47.5996665929314        150.071266248263                       1
        252.160955141955        28.3051546709229        178.789504554471                       1
        168.606291453763        35.0520586760747        51.6902231744814                       1
         121.83425946847         19.084254135914        38.8798774253914                       1
          253.3859261652        20.7957032899258        166.137988871141                       1
        135.414051026893         58.222483090296        183.531511553952                       1
        123.825500451484        27.2660322061425        165.741319287676                       1
         165.69804953779        31.3250374134285        129.300493212924                       1
        151.931479459492        42.1471477890247        76.8338661456157                       1
        50.0304183006348        168.748607572923        161.766878684665                       1
        176.339565080518        33.0425759789963        166.573898931379                       1
        15.4487755585288        153.824737680483        50.7420332497511                       1
        102.191093712395        133.584013163686        56.6074816978646                       1
        129.323939072401        41.7100382971652        11.7181090113614                       1
        133.910028680917        86.2159007599433        12.4695880583348                       1
        219.179323389619        25.9741929307478        41.2973819185457                       1
        205.509420325683        13.2296374151791        119.909137951219                       1
        291.945653381285        33.2901087834871        171.439583497527                       1
        269.728124038567        22.8655266557564        98.9057469561748                       1
        136.602895967822        39.9420573723781       0.280920943137303                       1
        127.506158257412       -14.9066733343471        292.751053324655                       1
        263.430870867387        162.960404880881        120.001487729662                       1
        323.926896640838         31.518664325468       -22.6286814381264                       1
        86.7653079060025        115.736312453217        26.1796841779088                       1
        135.728429182774        57.9795412673236         84.108489752235                       1
        208.831991810552        26.3751453210306        134.150783725231                       1
        164.679851122726        44.7718992323215        142.676022253222                       1
        118.604857378046         35.727521483571        208.222682417519                       1
        244.314328200097        38.3728833518872        164.261197580217                       1
        275.780584149219        42.9135642951081        20.1589003934155                       1
         214.33919120888         29.861880044546        196.595120845997                       1
         82.256748152183        130.043564877699        16.4079290171083                       1
        288.026074236047        30.8458842021848        125.200744575036                       1
       -38.7866718871036         78.101872010658        37.9647970087338                       1
        300.072523557899        43.3850924246521        128.051231009534                       1
       -51.0391412000999        65.0688827610453        132.348452448103                       1
        280.322988112751        47.8065057844526        37.6258571559585                       1
        172.718447075891        48.4893062257468         169.68687287823                       1
        199.652972550058        42.6230118753172        151.600370700691                       1
        351.895740148029       -4.06602007000861       -38.5984359283684                       1
        144.052974394735        28.7333706424288         10.260397448346                       1
        305.365408317082        47.8760338282487       -4.29315997302953                       1
        150.702322257389        46.3655032735533       0.988609804896378                       1
        275.398669504448        46.0956209698643        164.171568086159                       1
        46.3946451149559       -44.4061334750201         127.16590006546                       1
        397.237694035724        102.681454756097        202.462171257936                       1
        259.057130850994        31.5096543059565        94.8015895501987                       1
        123.314014888263        30.9895590756817        16.4905742296159                       1
        292.121681392006       -29.9610319563629        9.31256774230583                       1
         18.251179304152        139.306255369939        44.8194324884385                       1
        116.502290987821        42.9935929066882         185.15917754696                       1
        340.462592546349       -23.9125303122002        163.699562945391                       1
        118.662423855175        48.1020330348516        213.060221636396                       1
         350.08687021088       -18.0524246595686        133.261326146267                       1
        184.484833760871         18.163574047936        157.152160731175                       1
        7.15722975391146       -29.3730664202229        53.0763655836505                       1
        25.9403304271863        93.5713235583482        34.8805993292211                       1
        302.425756391864        80.5193277050782        54.4742132380638                       1
        132.583421173762        18.4551045996614        7.34767207712306                       1
         124.24338114343       -25.3899849773787        126.697901655028                       1
        118.694094032997       -34.0830837104609        192.045371923462                       1
        161.992812551884        27.9797810409172       -12.6210241816729                       1
        153.313362251546        42.6421752574432       -11.5724241006903                       1
        102.754430527015        33.0128991023681        45.5798655371266                       1
        156.122177108542         55.774238809552        58.4350023177404                       1
         187.74179030678        13.2067268602483       -13.0301908234819                       1
       -81.8137212871585        29.7618353124209        161.529404414967                       1
        139.353993278104        29.5580159270353       -12.4539235550059                       1
       -30.1390187033086        137.992034538581        132.527480984266                       1
        137.894364847627         42.111091991645       -107.611337286624                       1
       -17.9980578188397       -11.0828259204048       -6.40013107647942                       1
        66.7479817986436       -17.3554635206988        99.0555554746413                       1
        93.6814109487717        32.9304642660294        35.8819656958408                       1
        123.235657211395        53.8007301968495         74.347743206357                       1
        101.953753161555        50.7685199612026        31.4825993830407                       1
         138.39001345513        43.9445630147472       -17.9940433440631                       1
        484.639079332795        17.3612336647226        15.1981680394349                       1
        172.915353131942        35.4275150436583       -28.9534968848091                       1
         156.91213607988        22.1036053018496        198.305387341075                       1
        115.963733518446        116.975645992089        61.2338058477624                       1
        323.412520539985       -5.20906935300265        10.5999647144806                       1
        77.3470890479921         143.21549006598        171.259079010876                       1
        148.251595866544         27.714846983087        159.970143305994                       1
