TEXTURE AT STRAIN


B  50
        177.054759899193        55.9576257811008        36.7153635825391                       1
        174.592866113209         39.553740397396        14.3899938820119                       1
         205.36843168494        42.3200940644031        23.0802850535626                       1
        271.446974730875        60.7462984711703        164.349222238092                       1
       -25.7618634836396        68.8280653417933        122.286181522316                       1
        216.469953223403        53.9301056123532        209.015220001386                       1
        19.6278050685603        107.370280031012        172.682879209173                       1
        159.997793863999        43.7047892714507        42.8116737265992                       1
        202.504598147544        40.1494504577504        13.0140366648298                       1
        184.718343871195        39.3265357096977        35.1753450527361                       1
       -144.693433733753        38.7647234737533        201.900586882039                       1
        313.370355957535        95.5614454937339        127.229819021504                       1
        200.560782765689        62.6041695451409        43.8116183690392                       1
        193.665482585046         51.297648201854        12.4777860916645                       1
         3.7840478545657        115.364905508022        146.180371748657                       1
        162.711714660894         53.847295379274        52.7820204039515                       1
        197.515302126809        42.2687233160566        48.9903108860812                       1
        211.126717877425        63.8568053447447         176.43525562384                       1
        312.413284844521        76.6202497146117        134.314420473471                       1
        175.649120890641        50.0136121383271         64.558451653059                       1
       -22.1205285812375         79.469681123703        144.438908054054                       1
        23.0605295486084       -26.2502836653674        197.382031452353                       1
       0.966379246620986        114.380155403544        129.158141774746                       1
        10.2085659178877       -50.4974131986866         40.872755093526                       1
        195.211634897731        73.3551058371463        28.4357969563717                       1
        157.084379420581        36.7982985226595        62.8296878998228                       1
         324.62818787831        82.4700078087142        113.511548437144                       1
        353.628444782585        69.3796513254553        44.3571957158865                       1
         18.170697719908        120.868628567166        163.967313516021                       1
        212.198993768466        72.3121042468314        19.9897911621591                       1
        180.702707300875        39.9086761062073        27.2489813504143                       1
        205.372436841403        54.7353329503875        195.234969071697                       1
        183.392658101515        49.4107378258418        19.7573663515733                       1
       -35.2559418328739        67.1377839294905        143.473026457884                       1
        360.558567454316       -44.8442524019117        44.9404946760113                       1
        222.315969239465        58.6836837047172        6.45639282052006                       1
        165.079509314122        105.872773161925         114.93790743827                       1
        202.399643046086        58.8841582128036        22.6533787596986                       1
        195.795127509615        53.8707425484874        36.4444138703179                       1
       -11.9336537045901        123.161872311769        153.835621839192                       1
        211.491824792749        47.3803617841779        174.512745041375                       1
        327.862365765658        86.4475852648349         133.34017514371                       1
        189.842089281806        54.3441798077738        179.334094999975                       1
        185.326726123337        29.7655483255841        48.0601246017293                       1
        43.7034902273092       -43.6733796001647        177.595441612309                       1
         183.14363004251        66.4836506814729         18.043367588345                       1
        18.7836314063785       -32.5767069035628        178.832251912021                       1
        343.471719938007        55.4958370151235        58.9513850312284                       1
         167.07017217045          27.13931662987        39.4049543433633                       1
        189.576988080695        110.107386315467        156.650431618417                       1
