TEXTURE AT STRAIN


B  400
        232.630231148623        68.1265511792086        73.2866237270664                       1
        213.354388634861        87.5908406986786        79.2735308855853                       1
        30.6556449959406        15.3546811109836        137.294696656576                       1
          15.18796439945        92.9009258644555        157.236904503908                       1
        297.606742945274        21.7898020305111        13.9620439280287                       1
        156.097164468425        60.8441699741833        23.9743822151136                       1
        91.0669839512745        40.6538075918452        106.531084284472                       1
        126.594288294234         53.280809294416        123.204308787913                       1
        38.4626787019104        67.4672645376233        112.058448013113                       1
        67.0227652673138       -29.3844656412951        156.698073878765                       1
        343.788089669836        52.2402769551294        131.806790882208                       1
        112.762191478014        58.2041449173572      -0.128914627813033                       1
        353.263127196091         70.399576325972        41.4662731562433                       1
         187.02960127432        65.7340418894954        115.260167630321                       1
        322.717005428905        49.3501620260493        79.3508803899854                       1
        236.616339261701        70.6538234722505        95.5812111091101                       1
          27.84110981099        84.1247933807042        19.4594806098136                       1
        58.1590674831868        40.7845075287602        25.3668437641721                       1
        214.866537683872        28.3713093526629        119.046778433499                       1
        345.795503387529        87.0724723243788        51.5107571567224                       1
        169.678936121347        13.0725822505912        100.953154295979                       1
         383.81137227997         31.138668686081        26.3860646314367                       1
       0.248495568813558        61.3574035891731        112.937941064209                       1
        317.020813014034        99.2152211823265        36.6406584795821                       1
        64.1033059609489        30.2802361473109        169.705779047554                       1
        319.352506933931        107.419453154168        135.212477270776                       1
        336.459478032883        53.0873737185217        126.247420192325                       1
        146.262660065622        63.6305778427748        86.4165816464996                       1
         79.064465529662        58.6554502605299        115.898110558674                       1
        209.249078421107        27.8286651806688        145.667796460553                       1
        148.095322051807          70.06499384911        147.741238591639                       1
        171.593456728424        56.4060220861381        41.9501120840003                       1
        205.656213679137        32.1221921816669        29.9312903429461                       1
        317.003278570647        60.1547226711078        145.253845579854                       1
        173.574081784031        15.5545098468861        156.692483117079                       1
        133.993795018867        -4.1344638017173        83.3431540906525                       1
        160.855376681595        48.5522615719785        132.220334818768                       1
        98.0045164485375        52.5573816329593        34.5172448926514                       1
        70.3463532671853         57.276635691248        14.2110649028552                       1
        18.3662848659691        76.2577533632465        138.320935237311                       1
        36.6023675953814        28.7216024795587        18.5668231281794                       1
         264.23223919489        24.4759664257355        17.2299118080851                       1
        160.374593913657        89.4002348011457        101.737834046277                       1
         73.200243105806        45.9658636230292        212.341583300912                       1
        77.8851966525967        58.4229817612233        68.3027257683863                       1
        97.9947090973001        73.2002613936293        21.8847228593723                       1
        112.380638758881        38.9294638858524        97.2543567054383                       1
        21.2655042306311        81.5632784610725        89.3259700535616                       1
        340.288714835941       -16.0605082314949        63.6169320935303                       1
        249.863543951366       -29.7189304248423        72.2727538128891                       1
        62.4105820874401        58.4344646877187        169.188474408716                       1
        286.121614214393        32.0264467240407        95.0064308588735                       1
         85.242360514668        40.9019094515982        15.0833960233126                       1
        95.4495502950327        40.6157786288245        196.564185101958                       1
        144.400550472983        42.2800253514264        132.953272288199                       1
        206.124005058178        64.8940177046803        178.034435250474                       1
        233.951475386477        40.2820716598443        131.347413117531                       1
           125.519020554        13.0427005350593        73.4967997695615                       1
        172.071866579485        5.88922991310778        183.149064832982                       1
        35.7618836553281         38.395136165602        73.3922011196342                       1
        21.4037595783107        81.3930182993013        54.5273645388226                       1
         259.41699831119        30.1646223274095        100.134126110496                       1
        266.125442737915        24.5649116516376        72.3610350895591                       1
         218.98515868332         88.045299935276        171.036582866244                       1
        256.922872004286        4.01688221411787        86.8899128741905                       1
        191.445953462964         76.931923316505         181.12145625433                       1
        41.1886231331048        34.7502333083003       -8.94061348876827                       1
        365.595674651727        39.0657762346217        49.3506412708282                       1
         340.50067653786        117.422656583975        138.373268587814                       1
        124.199856306518        69.5963309186417        33.0487416567154                       1
        343.219844490909        48.1744973307147        1.24298063672376                       1
        104.942300661478        49.4136242627621        112.147796851815                       1
        137.035159863313        30.7910044429583        91.9247026102099                       1
        321.866158706993        136.457771318376        34.5696404806803                       1
          335.6375231219        93.3236979601213        39.6150494515799                       1
        141.138641253174        54.6392664826614        15.7327811140741                       1
        326.730317773273        97.3106713878264        60.6252645031571                       1
         335.58050016855        31.0345617829221        106.889347068501                       1
        228.267874523412        97.6940255258261        21.6479867800701                       1
        327.592751477549        46.6845528796512        64.6501587675445                       1
        365.798097273519        84.9041490344655        173.798474075939                       1
        223.046781104073        75.6851863932835        181.040388200728                       1
        159.451334939242        68.2676751605458        9.20824602412902                       1
        71.5438525153723        41.3205191593487        112.132428735142                       1
        350.392164002494        22.1678067232332        132.761560277128                       1
        331.275238609311        88.0217857360381        52.4295893721989                       1
        240.612638249029        44.3784206564163        97.8838671235713                       1
        317.543216690047        24.5685247823682        199.952679794919                       1
        162.919322787071        27.8532430191596        122.940214588147                       1
        76.7742632601333        67.0124211435301        73.3138731902835                       1
        230.339926572848        99.7334852911495        173.143428037738                       1
        233.364688178031        42.2995504238904        159.744932056157                       1
        16.1583983984607        62.6380472858751        110.766460634755                       1
        274.771249264071        37.8869639796121        93.5730448642958                       1
        340.883296139721        102.955606258985        18.7479102209684                       1
        99.1718560552019        56.4372536023889        22.3191577699056                       1
        83.9040235779118        34.3065060529853        81.7328266717827                       1
           132.811759679        60.3944067595346        170.044176541427                       1
        225.709444180341        65.0740873449353        123.222052216945                       1
        93.4743317995483         50.928577215873        74.5839203442613                       1
        297.369750902646        19.6431534393471        22.8769074639946                       1
        328.256827754175        55.0034112354438        153.913627380424                       1
        230.379696266082        82.1824261948291        80.3057164799083                       1
        239.626761405057        18.4916164862099        87.4290083143475                       1
        352.679961083819        54.7893903276476        44.6776197268108                       1
        92.3703830828763        52.4198412959252        129.948104709119                       1
        373.638581648628        63.4898381261272        152.495468463608                       1
        -3.6400405052366        99.3172966369756        163.572071706264                       1
        56.1777443394798        33.6732351770278        109.704614487698                       1
        177.309105995129        23.9334848768623        30.3325986876346                       1
        206.472735267778        16.0523412880044       -11.1659697629936                       1
        143.365560392053        71.1736450138561        2.16960626616085                       1
        143.034846488606        70.4999004148062        140.581366067284                       1
        250.512942984134         23.156054592647        115.179863930486                       1
        175.196303326847         99.902813514033        117.673972453417                       1
        25.2735951677623        33.0205945086443        43.0221566030968                       1
        228.095796865575         63.685500393482        97.3685322743878                       1
        33.2894007638202        56.5066263941997        108.790451826107                       1
        284.514792358913        28.8802702887823        134.025713713172                       1
        191.831542996691        83.6264874132204        151.513525060489                       1
        175.069716596483         65.525523687037        9.59974750244247                       1
        257.189213058806        49.5540782316228        95.9178043379563                       1
        48.1977046079585        53.8492709562506        18.1318733825509                       1
        133.622258628937        45.4534403445344        15.5060147331572                       1
        350.873515049135        101.511497976777        43.6990176760428                       1
         31.542692628559        78.8598149945665        27.4309845020787                       1
        35.0415635845667        129.420853587043        24.0726392139662                       1
        153.416587845809        60.7529021515712        119.235814498069                       1
        57.7479550152034        53.7412720471877        49.0194271388564                       1
         16.595326358877        115.250868994465        150.256738653676                       1
        355.138368311928        86.9084132412778        55.4698095474627                       1
         108.76480926585        27.3196460424073        138.689031760199                       1
        97.2268078493922        59.0611541533886        98.2203613965271                       1
        68.0851469056449        53.3960332902146         63.021703522436                       1
        188.873584818614        85.6152902737062        83.9282066357753                       1
        10.9178031542205        77.7106816191307        106.592638822155                       1
        178.865335223601        77.9551838328983        130.624173086559                       1
        342.818599524198        39.1412382595012        62.8047217307988                       1
        142.812795733196        60.6661097483465        127.736283187745                       1
        363.858818484249        74.7699094903683        69.0761476787833                       1
        39.6781316953861        23.0328506455789        31.5356926050252                       1
        258.717642410714        38.5977486400177        131.220999740608                       1
        356.368619415707        43.5916837841507        109.481491215625                       1
        66.2477147880461        29.3881652422451        158.547272259041                       1
         83.599926720047        65.5946207609319        92.3461403588269                       1
        346.273730526551        85.6943061736117        65.9042403376664                       1
        229.805117945052        25.9937426536513        117.568684680712                       1
        149.328886176786        74.8035736583326        90.2476155654076                       1
        157.934412627878        56.2477496020914         62.414398551692                       1
        208.999729347221        22.7661272042718        102.132841482089                       1
        33.4085914369928         59.374009934547        142.417036015427                       1
         84.598891623737        50.5585567184524        96.0552341889661                       1
        367.779623444909        47.1391469522239        146.992133974115                       1
        158.608068910273        70.7144256399411        130.977684042454                       1
        183.012651064996        35.0282342557047        63.6556221335235                       1
      -0.816003698131507        93.3597808970639        45.0802396247705                       1
        143.484379517618        64.0081553640114         64.609552006532                       1
        157.813721029075        59.4579851412872        83.0608561100426                       1
        242.627239493436        58.1512227697353        81.1401733504594                       1
        167.149048449603        91.7663978643492        115.946428934741                       1
          103.2756635225        56.6936666162999        58.8758471923874                       1
        235.729292486252        4.57425525139525        95.9029572195196                       1
        244.146180385938         14.298404614177        179.997961889242                       1
        16.9419107780213        53.3345023695945        28.6214896606247                       1
        212.759900196668         72.704375828458       -26.1613212297757                       1
        126.608678244346        31.8333261839429         162.32207305719                       1
        202.762696300732        5.28500341205686       -7.99399210587431                       1
        185.642432217115       -9.12032975694869        73.4834627176683                       1
        280.424461319083        43.0497404294469        56.1571965016434                       1
        192.472374524818        18.9545883820838        164.867832264866                       1
        13.0048498569092        86.1654120013999        48.0504972394522                       1
        17.8259938937109        51.4091632497929        96.2778585649385                       1
        116.751866504427        80.2494111609409        111.181567752342                       1
        304.485330895396        50.1561174031717        73.9846557299674                       1
        352.535898408853        14.6816935520628        177.200900504246                       1
         246.47779733247        29.4747151308829       -5.27629377389202                       1
        180.576776801862        83.3424982237285        109.790083097638                       1
        229.039466798489        21.7359407112263        30.3772931447773                       1
        155.774009492919        73.4565126388156        30.4658677526172                       1
        84.8375167266628        77.8524379559539        140.137099053819                       1
         99.344534043773        72.9133017594908         79.104900072749                       1
        299.282716258362        39.7229743189609        22.6644454360015                       1
        147.157014745139        53.5483463846606        125.309285037295                       1
        208.696145042968        16.5536046804637        104.902142945587                       1
        74.9768860723366        67.4507792706175         51.673893986577                       1
        355.183253172867        30.5870297290657        186.878627019147                       1
        237.965115485678        60.9803704123821        172.382312958533                       1
        69.8931384735159        20.1185320308455         109.29238824819                       1
        203.804679572558        79.0101202032828        117.675231336414                       1
        23.7910895938935        41.0620238956724        7.68418218602502                       1
        206.119044196028        83.9894356843412        171.227814590196                       1
        222.437815918921        74.3604916553098       -10.3556052772576                       1
        149.201481729883        84.2343175533465        3.01598157137344                       1
        218.962183011936        101.636005098497        92.0556275697649                       1
        314.100314292614        36.3720066540497        77.9961740938264                       1
        104.593080593176        65.3870572294396        116.293329571205                       1
        172.869369117301        68.8110545305133        52.7551176580553                       1
        211.183699742111        88.0219118488296        56.6482992753157                       1
        224.642313373945        82.1718587848627        116.311242677735                       1
        365.794701959234        20.9674351263073        61.7202479076137                       1
        35.8657849242778        40.3017048623148        12.5403593787108                       1
        295.117843467886        18.2128370451819          57.30075364985                       1
        238.780422263965        26.0566051009554        127.844245687959                       1
        259.660327463181        21.8364830927967        121.131100064122                       1
        242.962681995441        38.8875020897731        186.491485579116                       1
        259.575779117562        30.8007003080047        54.0083701586582                       1
         47.468933030352        44.6813610780969        2.64398429095217                       1
        106.953565686487        35.8077412015914         140.63784140629                       1
        335.309757769356        81.7316056708015        76.4693542421248                       1
       -20.6550443710664        105.704827715569        131.931873610579                       1
        178.646260657811        70.4710894695138        26.4266777254732                       1
        286.250464914068        105.227514959555        81.8245886473737                       1
        245.039181821984        78.5668450188802        81.0623630147008                       1
        116.529930075241        57.0082911008815        144.365547291218                       1
        66.8738028474445        35.6316783776486        2.81304727643228                       1
        249.903332902987        102.770348981297        119.701135524092                       1
        117.821832283276       -11.9766474329907        31.0043721806694                       1
         219.25628270934        25.8706423836998        151.585773143842                       1
        245.929916924614        90.8386500477282        97.1042071771302                       1
        112.838095842783        45.9671097605028        18.0987560541692                       1
        169.412610716586        62.1784716724649        198.429748694755                       1
        49.6539737251176        71.9647529859965        124.372013082643                       1
        33.7427763742679        63.7228445363411        40.8233612154519                       1
        323.073892791965        30.9637505680124        170.378277919453                       1
        69.0575512902916        55.1634272839836        95.2863630502385                       1
        85.4886721489497        51.8018325425934        33.4910083025111                       1
        299.948306712056         44.827305390513        63.0143454332267                       1
        33.0736322894809        81.7398360135431        116.937489846732                       1
        56.2127619368895        53.5142173248751        131.197892680354                       1
        205.653732826185        71.3404673739429        164.905080869513                       1
        89.8453645323336        33.0028241014791        141.544033643455                       1
        29.0068915830572        67.2905908467513        125.042879943694                       1
        117.217873156647        48.7981360531117        171.372992914183                       1
        220.402418025254        67.6834158992467        111.439985773549                       1
         186.24661988164        88.5185610791167        119.267333486564                       1
        92.7403838653182        59.7465362871471        81.6728184537834                       1
        240.038484001807        67.6315711262057        121.728439164601                       1
        227.569540527072        51.8480054329763        1.90994607163257                       1
         59.308086376397        47.9385425225091         64.067684733535                       1
        345.383766300465       -21.3548237804733        79.4577421692681                       1
        254.120504687354        120.826085730163         135.34162151293                       1
       -5.69076875295567        76.0659952901707         54.382106916265                       1
        108.302285312514        15.8540570979937        54.4835288884639                       1
        250.329906482723        86.2475640579446        111.927159997018                       1
        160.538169927029        84.6679507547195        38.9500885526259                       1
        137.405723250749        79.7561241582462        198.296548078561                       1
        190.179616537381        45.0202675342289        37.5406590037569                       1
        94.1997411761633        21.1006051147205        179.865029176466                       1
        333.274464701831        84.4983105840837        154.563344986625                       1
        125.361721004936        50.2420185737215        9.59903741015668                       1
        41.7944472390238         45.539674432497         42.209548118317                       1
        55.3493773358546        62.3154836453676        116.010262851044                       1
        342.198556821897        20.4586118049765        163.630378227663                       1
        112.147287700928        57.0153850137548        36.1707415246135                       1
        342.005300049475        105.372031159465         57.911282591051                       1
        182.544252151722          63.57170392556        16.9860090287172                       1
         132.61895292825        57.7171461186006        157.278080212523                       1
        167.796936850741        39.3911347215058        56.6822653887093                       1
        353.258389802512        68.5672533701931        55.0966665052665                       1
        8.47165600164444        75.2424949865741        35.1951439258243                       1
        328.932666244899        35.7599276608912        146.277461328338                       1
        57.5690265657672         45.802768464255        154.920279936219                       1
         94.341144742672        19.4607305304692        18.5881773325167                       1
        95.5542981395496        12.4487561806408        60.9536460156761                       1
        2.72147766795874        78.1151482782977         130.09136488211                       1
        62.8650942867265        46.2045396309025        89.9156583940657                       1
        335.542069136617        71.2135260820347        53.2978790676096                       1
        170.710637886154        96.9614355093756        143.886615014063                       1
        98.3477191833849        34.3737165580006        58.8151228286299                       1
        279.355987549879        87.5535664617291        140.918112034308                       1
        283.366388276853        39.2195106498217        20.3421218380837                       1
        146.314908714414        43.6010181812132        113.576932072187                       1
        75.4151415697921        28.5140764614076        126.113680395488                       1
        274.519547300526        8.46031785375808        40.8913461869745                       1
        85.7501813573714        42.3188249689631        61.9670573472014                       1
        309.100314547226       -4.73478770011631        77.7710159300959                       1
        71.2799103545508        35.8846177250502        45.6769103156566                       1
        261.207441687497        78.3354520856919        99.6546546998013                       1
        16.7396677461551        15.9210750867528        42.8994830562853                       1
        171.061064900992        49.0837795809964          87.61938131031                       1
        65.8763046260661         43.807090713865        163.915468356066                       1
        197.652546535749        76.2378108490229        192.744627607813                       1
        21.7639899482758        69.7529211019018        43.9533947049742                       1
         319.09545852335        67.7028660074283        73.0235121128904                       1
        112.862056267852        42.5496452589943        38.6898415705427                       1
        55.6299175443363        29.6881411240718         38.052278081428                       1
        53.4861111384913        68.2948942770657        48.7744715886073                       1
        265.098367033386        94.9527665321355        127.604534505917                       1
        187.897979541136         69.720583360431        145.569149406275                       1
        4.54055057774544        55.6680015359941        126.994028672711                       1
        195.649124895965       -7.48582391921065        114.860206192092                       1
       -6.08907766939284        61.5593577461773        120.262442444407                       1
        48.9944649955728        21.6432980652956         108.78681918333                       1
        38.9032640521555        116.972072848812        108.755288225859                       1
       -2.29360577742275        102.574313211471        63.0823329224397                       1
         234.38820885644        85.2470417215597        59.6061581347218                       1
         204.72769114803        80.8611037619424        49.9577958669111                       1
        142.697883215402        26.3073667454886         18.694033105219                       1
        251.820393543755        15.0639759281482          100.4643669203                       1
        4.20462130168956        84.4503065291584        81.9148548595033                       1
        114.745496601559        63.1419694327724        159.347267003302                       1
        147.941241933277        63.8474071568027        42.3384369717634                       1
         124.05134601007        76.1299692398837        157.942261692835                       1
        141.912006368409        90.5969875799788        38.3627846796433                       1
         25.912516121377        45.7030755948285        31.5986195278072                       1
        215.306686402202        64.3408795794019         166.03944312679                       1
        339.349635510133        100.906587160053        77.7305148559319                       1
           119.139623869        62.7168344458953        8.59301406579638                       1
        215.383028066983        15.3437079030839       0.966383862629071                       1
        300.947148647251        22.7214637665635        59.8165862931932                       1
        374.293389695081        97.6968774154746        43.4963010375355                       1
         171.61372092129        71.9885065784154        107.103728890955                       1
         169.54302119165         65.706810108208        98.3821854153963                       1
        94.8153152844281        63.3881207662347        43.5293364251604                       1
        170.096503826378        87.3202576273545        197.967973024129                       1
        347.085159074804         78.002974638176        114.269782320642                       1
        285.528823581925       -17.5122241744005        122.947779824428                       1
        189.506346195132        58.5533806526975        80.1351693636178                       1
        320.587071119925        88.5668939943079        75.0593759747228                       1
        290.587529664552        28.3686710246245        35.1116283902451                       1
         98.029254950173        75.7770336308327        60.1636840268952                       1
        337.866799805139        66.6421933121174        39.6991014874089                       1
        15.8668410734923         61.654415637363        86.3899268572236                       1
        91.3166157074614        44.4737660445125        45.2625936287539                       1
        12.5419418877608        61.1346578696398        131.233375954825                       1
        118.668875700664        57.0583064797856         96.136846595393                       1
         8.1786919089837        43.0156657771065        114.700072447399                       1
        150.228388060138        79.1456240617963        23.4850450940886                       1
        234.408790728616        78.0786116197442        99.0170583164551                       1
        237.645978161424        91.9721590573134        4.18685225509376                       1
        207.141568788933        80.7080645153513        143.928422406425                       1
        219.522068078885        79.6291728194939        60.1506111628476                       1
        248.624851885947        109.267628578845        4.05580169680327                       1
        169.849355312474        55.8060379944597        114.371932860203                       1
        37.8671534262863        99.0601579863259         19.265807842497                       1
        207.825982134922        36.8786974550562        161.060354691093                       1
        -47.835824808001         117.61953675873        162.416099141616                       1
        46.0347544158898        65.1738017480877         -17.99292073939                       1
        166.875263496815        78.0081689647845        5.55269730385002                       1
        38.5023477411016        52.5212112443151       -4.71606469620134                       1
        87.2454988690042        63.9099236956277        127.747552361687                       1
        290.848232457442          20.69262241544        189.604343392134                       1
        287.942832837376        60.8429548263555        75.1381699297914                       1
        77.4736506771394        39.5829550629784        181.194385572748                       1
        369.965661738112        17.3996179405903        135.863847584404                       1
        302.286411522449        59.3500188368559        102.059298586032                       1
        33.7344505329456         56.378786582241         129.64257712117                       1
        103.232828723073        41.6987920249317        85.0773486957192                       1
        60.2668128528465        67.5947376072983        64.8160872219318                       1
        123.444979470683        73.3146426171352        85.0577623938715                       1
         86.171286567997        14.9160119743414        167.904834532315                       1
        216.359405169933        99.4076490323687        44.8234305334299                       1
        349.382863539701        68.0155469572994        81.7612768986056                       1
        77.2378161151141        49.5994640470599        127.327645385205                       1
        315.095130291508        5.59315241631349        51.0424703442319                       1
        133.191029943502        65.9370529604604        34.6447320779257                       1
        261.259221407258        101.520427234928        109.186075432102                       1
        40.2723141148713        40.5562139390504        134.679169520002                       1
        136.382722411451         68.349281866084        82.4645183094202                       1
        271.151930970601        7.89787154300754        74.1464288140933                       1
        311.456517779811        32.9505300965094       -5.18911886061653                       1
        351.486399801187        58.1861404435378        67.4193921508492                       1
        217.658464871413        38.6358337899906        4.25096572981348                       1
        121.585140166478        40.4448605398816        142.925390386106                       1
        49.6710826314021         51.646449341716        145.790516076359                       1
        241.166022318626        80.9346267882566       0.218421721697107                       1
       0.102811424066435        33.7042400628966        31.4009287915708                       1
        159.514163110743        76.7460468843739        121.502109470913                       1
        18.8011560431705        80.5429926147107        117.176266699822                       1
        61.2509229380013        77.6379232284159        138.858423988916                       1
        45.8396900175361        89.8715196985775        17.4815919715786                       1
        247.396912272811        16.0190034703922        54.3751828665359                       1
        89.4129220917507        64.5317815495002        52.6513676707882                       1
        335.632203785289        74.1040270513305        82.9772436386537                       1
        223.555440952719         46.509625470226        27.8827359100554                       1
         335.44814721196        68.5268775464597        73.3531575431272                       1
        354.704753923389        92.7267734401412        80.2784908105733                       1
         164.93936725104        67.2399408133957        36.9416830955524                       1
         160.41186525016        49.8853436919714        115.830341660191                       1
        45.8582565680906        18.1154448043469       -10.9350085438923                       1
        81.9262008879133        49.8201367593701        68.9166924103105                       1
        311.203522069556        43.6306336593268        133.220358524894                       1
        236.946187046655       -12.7855756424942        176.921758476037                       1
         313.54599825101        104.701750373371        63.2171387791395                       1
        111.883339857778        27.5683184933599        29.7478846796112                       1
        142.155363662854        49.7616523569956        164.440903946615                       1
        4.68009236577587        69.5745810015289        47.8050094009711                       1
        332.800237459409        104.047251154274        157.302983378523                       1
        343.293438213179        92.0773853197779         146.91252904365                       1
        207.656138468326        56.5917498968098        150.072641526607                       1
        334.641177182323         121.76981945655        1.23124573796142                       1
        331.620767670554        23.7954619803567        76.8270201567175                       1
        227.242908362558        86.6198297055637        39.1938419424323                       1
        112.621929308734        69.8300302502462        26.3004235939836                       1
        300.523596605042        12.7915440343077       -1.80643015753496                       1
        175.844675730062        78.8159730043906        105.061005576294                       1
        298.339260144028        16.3195203037989        120.118465527493                       1
        134.934219897491        54.6182271263015        143.975270877304                       1
        165.107820743323        3.70914864892139        151.446529621498                       1
          250.6412915671        68.7483151676346         107.15371275045                       1
