TEXTURE AT STRAIN


B  200
        330.479424765178         76.773252960598        160.648807358684                       1
         67.990055893265         94.645205332167        1.58127530143114                       1
        181.088323461994        55.8792458466266        26.8087647825951                       1
        267.976611283574        97.1234022122823        108.465926659403                       1
        134.640496575669         90.191367636902        20.5210559641317                       1
        153.233515032705        55.3547949408131        130.064546588263                       1
        281.897536688057        65.3810773212859        157.756592950436                       1
        181.903417158657        45.1909634246071        37.9785278570918                       1
        199.965571448402        73.0562545884399       0.942005592155718                       1
        65.5573495412905        80.6000974225063     -0.0464199613137456                       1
         175.87570041931        66.0580215501103        30.1513841626395                       1
        15.9704997280981        81.8719615935979       -9.10117238716571                       1
        359.636932215102        109.020402692615        138.172095186305                       1
        96.6684740109843         84.477290783942        12.6789487579874                       1
        153.175778851922        81.4327914628604        202.846282760889                       1
        239.682109795073         87.548014004334        96.8124707693868                       1
        251.868620399665        37.5066100249756        42.2653449201426                       1
        195.343096404586        77.1272556464143        23.6477460640507                       1
        159.856909326297        65.9857616331743        106.470053464451                       1
        181.104375161993         54.891126742128       -6.90984990325754                       1
        102.042256319021        23.6240568168515        117.679109535818                       1
       0.840807392382207        106.207160781034        3.37594078748083                       1
        82.7265328783855         76.877192223539        123.281770197759                       1
        70.9322013504448         39.531671910379        42.6501282004026                       1
        252.345388127082        57.6636130458348        17.3087597421003                       1
        114.233829649448        62.8688543154788        125.500351599832                       1
        38.9109734417264        97.2812942799532         5.2327901884017                       1
        73.3623627084693        54.7170871703584        77.7460837758647                       1
         12.902977090121        104.681832321604        156.595874067681                       1
        253.878223081588        75.1561809203571        80.2694600855723                       1
        21.3443610329649        99.0289992332419        1.96210628164273                       1
        268.824290324815        48.5675648266765       -27.8647347240757                       1
        243.590761875645        22.5230476950576         135.98553993796                       1
        344.509150313032        104.175863155425        118.374526707429                       1
        67.0837878640525        27.6209324985308        150.036181154567                       1
        213.034839932695        94.5269812188474        6.55618288640846                       1
        355.744569372924        87.5214439448455        96.7118055715879                       1
        47.2022446848784        78.9484427438353        66.5529511578342                       1
        370.901689879723        121.602207441623        148.666951506467                       1
        294.158133829023        57.6566189139146        35.7802897576843                       1
        43.1798452709557        51.3261448004234        124.091504373395                       1
        77.2608429592815        55.9024084457189         196.26440396654                       1
        195.015528332601        61.7133770952214        171.313206683673                       1
        87.3089979429508        96.0457617890204        176.016113846963                       1
        288.522077840812        101.086706836628        122.220790900806                       1
        97.8523250928153        78.0753687049115        140.669697792397                       1
        31.4046518769225        93.0804485733993        16.4329251097296                       1
        62.8919196233254        59.0788880648125        130.894173919514                       1
        226.925800879861        101.231963237304        46.1771692127528                       1
        272.121164942167        64.3408213821763        63.4846108809192                       1
        173.266753809778         67.392774930431        130.444177588985                       1
        344.668461636028        89.9098831554894        144.445910970394                       1
        349.457401369306        74.0596940897127        81.1275390731018                       1
        369.822053906211        75.3521914447989         66.863405273757                       1
        49.4629777214951        42.0600733242915        155.534372738527                       1
        311.104700007913        99.7421846039155        145.335887748698                       1
        260.424089279883        85.1319337233922       -8.91157541821924                       1
        96.3572933571405        22.0106016379071        181.106047096313                       1
        178.989887146973        61.9022078653634         46.993000044689                       1
        65.3437123185633        86.2761277498279        98.0384420655453                       1
       -6.09193060287139        111.452448966979        142.348321884342                       1
        14.7590338013002         84.196432232987        32.8014500586681                       1
        170.971905755577        69.3140752525101        11.7546982538321                       1
        51.0508537138559        75.3090368174276        147.490096758069                       1
        325.784994121135        108.899969858958        162.502492877637                       1
        156.162453688051        122.633932815882         112.62656507604                       1
        205.039188154193        81.8625290986894        19.9299753692602                       1
        196.179937196447        81.9811175688436        64.4863653537213                       1
       -10.7747899930919        106.198944870478        162.149116983185                       1
        305.255174539492        76.4556856948979       -25.6323057820466                       1
        370.949045930726        83.2256826188146        86.0916291554273                       1
       -1.85739210139457        95.4194883480594        86.9951751625253                       1
        14.8601862605053        115.955791712941        127.674534383446                       1
          67.72377697067        108.046623847026        -10.478076211381                       1
        135.290098433605        63.8450931987794        106.692970382749                       1
        132.901394095159        66.8151266854641        191.253092520036                       1
        360.674797406176        37.5115149670749       -17.1614148977011                       1
        165.423147829569        52.7767494739058        158.269677585261                       1
        179.444744264943        86.2419938068707        24.1142799381182                       1
        212.049066730927        71.4908697922348         3.7653886410143                       1
        202.331282898363        140.591251795267       -22.7836451842249                       1
        9.83752950594876        101.743743886076        138.659935346435                       1
        22.6353641255228        2.28994275746678        51.8733988151062                       1
        54.6760979237102        47.5638471637527        75.4000434882412                       1
        125.054137166786        48.1779764340088         135.48476124815                       1
        377.693714748976        27.8977977635547        63.8033877584789                       1
        63.3987432452173        63.3871048329474         64.070537418196                       1
        254.703710120251        77.2465293664341        195.370219388394                       1
        163.122863401305        54.6189980455869          45.80138295219                       1
        90.3263909886288        91.5434831489495        37.8474673813629                       1
       -1.15557175953947        106.074470087672        105.722122898733                       1
        262.546406710947        65.8957158547138        155.478327861052                       1
        358.787634432974        73.9472734753799        166.229655198121                       1
        30.3215607962938         42.297470550693         48.809236350035                       1
        55.4322568140561        90.1510446493042        19.8826550526203                       1
        5.24460770925785        88.0268252661736        149.008264878491                       1
         82.968406790599        86.8705395664606        155.777551622974                       1
        -13.921561796668       -6.58770277773448         69.539621281919                       1
        10.8413386449385         110.92203476716        159.927609806645                       1
        295.216544467622        12.7920360732327        25.0087033278146                       1
       -7.44905315020072        86.3868687567617        70.5881595156131                       1
        166.486816674441        12.8254722553944        49.9085420582926                       1
        337.244874272054        117.553673539944        178.935999246054                       1
        141.238688724807        138.033916183882        49.1112698795063                       1
        32.7028083716252        81.2054755462489        81.4649659175653                       1
        134.523942950193        46.0605085233123        34.5940879031958                       1
        110.192609099333        99.0199743776498        44.3218585203242                       1
         236.21896412281        27.8800589760484        164.913034232411                       1
        49.2824272002651        29.8326150813252        131.103491222904                       1
        187.239148963726        71.7097596865978        110.637194823528                       1
        74.1436529447403        95.6041117286653        77.7537824811456                       1
        320.883583137621        59.6809664220658        175.385954848168                       1
        272.730027909494         79.472663471874         24.037911044434                       1
       -13.0637554109105          97.09983382591        185.874833783305                       1
        173.493978025773        73.1618754544589        25.6011196057828                       1
        380.838029799251        80.0100905482335        100.501971109742                       1
        52.7767016913316        65.3358408873508        90.1714827779536                       1
        239.423149511809         72.184048616993        98.3865964622221                       1
        74.3071923508106        94.1777467308961        49.8511512632702                       1
        207.167548513979        44.6927579018926        186.496570865385                       1
        277.720642874126        81.6372579673269       -6.50683448796022                       1
         158.52502763328        77.4143503890254        93.1098865983205                       1
        140.272413600389        59.3608478196027        123.695726639843                       1
        39.3108021530283        30.0844020952097        13.5315369819654                       1
        292.901134973797       -28.3068463519375        144.986815490397                       1
        132.869205066117        26.7866090539944        22.8512364218018                       1
        6.70795054657464        66.2821303147968        95.6315162883143                       1
         155.38844669386        38.3034270173543        173.952271756645                       1
       -25.9950203610616        124.339196704419        147.688936595233                       1
        93.8938852008697        103.498479541392        27.2866002874975                       1
      -0.625771294500673        95.0178105754118         132.65099484144                       1
        385.372572476588        61.0932791045386        44.3028448417942                       1
        46.5124522484637        10.0892874126162        179.711224928277                       1
        82.3804648464562        22.2404358180677        179.775009396518                       1
        63.0277570599673        16.6224468900868        69.3729494456972                       1
        72.6629710758994        72.9778096070258         144.89685723159                       1
        19.2535059543077        96.0600321193535         76.596584524936                       1
        226.932895495153        41.9163534454947        74.2568437464717                       1
        222.163812210498        129.351289498602        74.1820665600921                       1
         376.76482114784        81.2463758369409         188.16839237381                       1
         227.97016149495       -37.2298556347031        19.6840749215695                       1
         249.57210986593       -22.6144454607664        183.596021975893                       1
        49.1606482950182        95.2165676748778        62.4018161223217                       1
        192.531505071828        77.1324284402593        131.826931686379                       1
        75.8113898046096        81.5686984841372        7.97328397657803                       1
        32.7819558725646        70.1400484802974        120.597380291946                       1
         190.88262050981        46.1889190379329         3.0850863066566                       1
        169.269202806064         34.314679529749        34.0643403719277                       1
        347.793557230042        48.4713187656269        122.528231307733                       1
        131.813206204421        19.2735287195262        141.115591037102                       1
        108.809351386908        63.5748963878313        193.044268658568                       1
         102.44415344582        41.9019118057375        51.3317144470218                       1
        12.4478507162758        116.195444997257        173.287193268739                       1
        31.7733730297252         30.805076677441       -16.8133842471363                       1
        32.4876443854031         111.92187209426        9.03980700424358                       1
        384.825333255111        16.1923380628337       -147.729525476429                       1
        359.043143736534        86.4288772053741       -3.35367470814283                       1
        56.8007120305466        74.5523479768615        166.455586670582                       1
        200.043081363407        28.8367944530029        188.556250007321                       1
        96.6078876275533          41.51092583837        166.762371466082                       1
        248.677086803583        51.2524496702143        120.927909606102                       1
        211.117605097153        90.1041856693552        120.261141457891                       1
         360.35676375747        99.1020127035467        168.857194849696                       1
        242.539864657807        44.5189657542043        143.815472035901                       1
        299.559267565763        123.395505553567        34.6223106251107                       1
        79.0097837826363        97.2787259279845        197.009802492799                       1
        67.9300835855667        82.1276842923232        169.445925877176                       1
        19.8034873076537        89.0763733133847       -14.7956519379224                       1
         347.38950651601        26.9322259872676       -13.8110327103171                       1
        367.378587496844        94.3669276305343       -7.53510390403348                       1
        10.5886552749037        95.5708892861489        17.6741811663677                       1
        79.9105816497799        112.984457520009        186.590126167903                       1
        164.054335097861        88.7518413031764        192.987724886257                       1
        77.9151972166793        36.9458874628629        60.5826512545707                       1
        31.1972340561044        67.8097296458718        69.7743566533065                       1
        203.124325535573        60.4878504434233        32.3861047507338                       1
        111.224342601798        86.0735371800493        28.3194942081548                       1
        69.0835268101157        38.8550751151586        192.303486588039                       1
         334.77336872166        107.445010796855        144.812879404574                       1
        181.547435924509       -19.9538972533538        60.9254371600919                       1
        267.994136519653        43.2982560254579        14.6475322004562                       1
        264.079710912361        61.8175984988946        94.2773245846008                       1
        104.007022072332        39.4515322343337        138.190460511126                       1
        233.975818563882        164.384506501027         141.26066088122                       1
        119.476032080509        74.7685791251576        130.147923328749                       1
        252.121952330369        100.758879109275         109.68196312003                       1
        314.711323310223        61.1837878586031        63.9045625935923                       1
        89.5642640379075        64.5055168395229        129.327084531121                       1
        56.8652164994153        95.1551333456519        178.464435530867                       1
        14.3311241609494        49.5432181291467       -10.7827674110465                       1
        5.02964956362922        92.1282729489762        57.3142703110714                       1
        174.949732044708        52.4600464472885        22.5234467950566                       1
        74.7844198604479        71.1799484233267        88.5232318484136                       1
        90.7750904013156        75.8022459506759        176.167519157462                       1
        390.799043001914        26.4664122096778        31.6864960397195                       1
        47.9226008788765        57.3497510365823        141.153084842346                       1
        273.565559145445       -58.1775141331088        106.522008092156                       1
        66.6342984846716        37.4283345668767        210.834805239049                       1
        240.742704473475        63.5648115950946        150.719140800664                       1
        314.833605304998       -40.7058940319016         118.79049943936                       1
