TEXTURE AT STRAIN


B  100
        17.9468396060813        87.3009621285275        81.1096261510191                       1
        227.832362101717        81.2023255478347        234.542034207149                       1
        35.1287581479015        80.1126743375525        84.1061865063901                       1
        -30.371459865915       -4.96853678846203        215.085937952931                       1
        165.563883087356        64.4962157966221        46.9661312112726                       1
        252.490187962264        45.8093261061421        91.8752831527996                       1
        174.034726479982        58.5760541161406        202.018260984418                       1
        225.836730547643        90.4590378458942         68.730771803674                       1
         35.041852974182        114.103407846436        135.782666199475                       1
        243.356025716579        76.6655263324812        52.6335336894493                       1
        53.6229951267595        122.777902399808       -27.2644802140409                       1
       -25.2438182615649       -30.7822888989455         260.68394776862                       1
        133.982097748211        45.7807582752593        188.725461732963                       1
        259.829890335783        76.6546748355851        33.8492577458278                       1
        56.6917306736247        87.5737171887194        116.818343882366                       1
        394.001642260163        22.7255339010938       -15.6964773334841                       1
         70.353601553693        110.558846247554       -19.8238992227404                       1
        161.886830595857        47.7359564156815        62.7422216476027                       1
        241.501728276759        82.6748484468206        33.7183341106057                       1
         211.54664939196        101.349393600181        220.126292736755                       1
        32.6849281650676         93.947662384927       -22.6131016479009                       1
        442.600482614049        35.9268491995894       -26.3161507277918                       1
        225.943475970094       -16.1720111601676        135.180520023749                       1
        60.3632889455015        87.6923041172736        134.267937252033                       1
        67.0130053605305        117.394458331501        141.708834860858                       1
        96.3417873207053        60.5310421785855        106.689817075809                       1
        52.3915981278899        67.5838889811678        143.250623879627                       1
       -56.4591281955701       -32.7235671525991        96.9899162128014                       1
        44.0062469807495        143.029377247355        77.5578463487095                       1
        220.071376159743        86.1089234027623        218.633575312213                       1
        38.7761578068412        107.380213689585       -26.5325819763634                       1
        420.379922174809        35.8203102297355       -48.3542662013327                       1
        64.0171274056573        95.4034056138262        138.295834062325                       1
        174.130209899366        107.561159973337         186.33800530537                       1
        401.069079492718        86.0755804248235        156.081687834001                       1
        230.282860894109        81.5691719491513        55.7207867855082                       1
        72.8485294193109        93.9945379507929         122.66139594987                       1
         24.857458328205        96.6889628076274       -39.4832982880836                       1
        272.675013201771        26.8809676549668        73.0240023598731                       1
        176.525416781403        83.6175155193041        106.446551397875                       1
         37.243031783783        37.2357307604047       -51.7422630397838                       1
        244.109845102817        81.5945862060639        229.413129574169                       1
        51.4074980151474        101.204202775331        62.2106245454854                       1
        111.659702952758        26.7020156422902        124.261378071429                       1
        118.640294987222          60.94002226568        28.5352529206642                       1
        312.505201777173        72.3913426366551        196.026578964362                       1
        32.6442395326835        100.091419433255       -51.4774648523442                       1
        68.9423555649247        79.4315674531111        140.048266174683                       1
        224.138805470253       -22.2070093699272       -68.0387289535639                       1
        234.557875003038          85.82448674828        16.2395106222282                       1
        229.010517533187        64.9528829116833        56.8016386844965                       1
         52.813664111206        106.855476683064         145.10315223318                       1
        70.3024283175086        65.7375126549745        120.185421074892                       1
        245.725826368726        60.6658394702919        100.521264935884                       1
        257.573875488098        88.6306721687833        40.0146951890647                       1
        220.416691056396        84.8231280365132        38.8006391440604                       1
        396.574761241055        72.6001210221896       -34.5674807204818                       1
          100.0224945401        38.2811569323609        101.264123168468                       1
        29.1117902752574        115.060451745977        9.81794441930018                       1
        60.7861553764497        161.339649956279        64.3593367291007                       1
        63.4192400945485        101.721404778817        74.4289801124301                       1
        83.6696686166618        204.817841589741       -131.679845122447                       1
        44.6139715790484        85.5379582589501        128.350691179465                       1
        196.934961389128         71.798997618898          161.1591500023                       1
        191.742955079309        50.2547137255257        172.650378079734                       1
        234.510735734766        60.1940284637943        122.046876759365                       1
        62.5355297697537        97.0344745321946       -35.7778032292183                       1
        328.699489202629         12.456514563461        17.0535974908548                       1
        55.0671416089127        78.6806497190771       -24.6088972910647                       1
        69.4373550888856        97.0404131022778       -22.4822022494955                       1
         78.290351358834        27.3892398880148        103.156120784905                       1
        145.715289903543         110.48011480616        118.047672285155                       1
        215.259123357107        77.1641684109897        65.8853285723083                       1
        235.100489323156        73.5341295002616        71.3927637438342                       1
        239.142745765631        99.0714772981433        230.525783650796                       1
          245.4519384892        39.6377355184076        107.340001095077                       1
        52.5864449510684        88.3055985702935       -30.3663380274452                       1
        46.9115821867879        107.171614304333       -43.2376223852512                       1
        94.1914708991794         16.573933265118        103.995120502793                       1
        45.8857478113434        105.701236884582       -49.5495914998984                       1
        31.5448068602661        86.1213620148175        122.086615922676                       1
        240.239089858788        67.8566147440502        35.4254153921707                       1
        70.3262188544202        81.9986170898807       -28.8569942555865                       1
        52.9630565292428        82.2231620579042         64.797241646397                       1
        177.265750626996        44.3545764386314        215.488192277266                       1
        49.1139494442565        104.445387845327        153.513858736975                       1
        191.623403681977        30.4847070130684        164.715106569959                       1
        74.2175638438583        81.2737119430104        125.187474148175                       1
         300.18414985231         60.420737942362        8.26453469603249                       1
          222.6154474869        54.3261801858444        227.738338320968                       1
        80.7292547523794        48.0144393594005        103.955888968417                       1
        225.068780785538        106.940172124234        58.5159769324084                       1
        410.093943126449        87.4345161860701        -36.890510418076                       1
        182.313001493561         64.858669435093        116.159089275371                       1
        370.182898129089        29.1515855600716       -25.0446969853854                       1
        255.545250226241        68.1751617052721        47.9601576696326                       1
        57.6805224885412          79.08169929712        136.328490447881                       1
        284.903364468725        128.996024261291        27.5148826013326                       1
        43.9962345526181        88.4246778527588       -48.6466255409744                       1
        99.9266314140084        44.3175725070181         -59.56500643244                       1
