TEXTURE AT STRAIN


B  100
        150.892567960774        16.0565480417647       -71.1360150879951                       1
      -0.143300610263685          17.26205309596        103.090656400193                       1
        352.513265036834        97.0614649886738         76.135727913177                       1
        288.383685800689        152.330236961812        21.6834403984311                       1
        290.261646106258        40.4258576057912        121.015748515463                       1
        82.0390751970665        142.171937065075        30.4126678897512                       1
        169.372979450662        66.7696800207929        112.277781696432                       1
        242.022780446733        22.4149924126526        196.030878063686                       1
        330.271486298737        99.8236501373177         106.76399264516                       1
         63.743746924119        59.3932683923202        216.104424352532                       1
         134.14774474312        28.6304383686548        151.447113172951                       1
        354.162461140062        122.600285462682        82.2618958433486                       1
        160.016799741676        5.33869145388052       0.508438342249863                       1
        204.004838256989        40.8474486443521        203.923876432647                       1
        26.9264583743365        106.453434270281        22.8895182411632                       1
        297.080277571646        20.6294077554239        107.466945355181                       1
         140.16060902136        12.3522771792849        135.504917591633                       1
        369.106397347965        103.938061491147        68.9809592971027                       1
        219.583925713535        118.505292475268         100.29085729557                       1
        345.689482247634        28.4853239986397        61.2241983086354                       1
        85.7438868672696        60.3328160652481        193.370329446732                       1
        222.636583766559        18.1570565368007        157.455126489378                       1
        253.298819483392        81.7958826886831        154.265893442184                       1
        162.929871201744        76.1060236257413        86.4516381091484                       1
        47.1079338047785        45.8701893164101        215.261318393492                       1
        223.582095427995        13.7515002268824       -8.85654458012834                       1
        332.553162227387        115.732599333791        104.413554524865                       1
        177.434516701138        72.5071454349171        97.7034500253235                       1
         335.35370093386        97.2246654867055        166.768690337705                       1
        301.527652954504        17.1204029522908        86.8123012432915                       1
        233.790739862585        24.6542198966151      -0.969937622306854                       1
        9.75838821015876        80.1985513625693        71.2216506972268                       1
        253.714931709137        95.7384648688594        116.487366051099                       1
         352.81448124135        44.2297489970921        94.4185603319567                       1
        18.3814150992719        124.085572856072       -11.1619970159333                       1
        20.3666604029575        154.463254081958        134.796150379703                       1
        166.361908297703       -10.1214550455728        255.498378651288                       1
        189.356128871332        24.4571154184574        35.1135010155469                       1
        257.041299477455         105.34271289184        151.516792023762                       1
        32.1085024684601        77.9150533904691        68.5895936164046                       1
        79.8857055390329        101.678239990964        81.6089028317555                       1
          49.17118298549        13.7752839925484        176.618770199426                       1
        93.7975133890549        14.7556618856627        157.045822353533                       1
        241.140017461888        91.6429266234496        141.755307769557                       1
        237.067351574514        36.4989805170529        184.707135572902                       1
        198.350473713054        117.475912676872        108.300199015829                       1
      -0.322672316182942       -18.4158158452988       -71.5996935013362                       1
        138.059077871453        91.5681644133508        82.1130703881966                       1
        299.696962263848        2.35611413810985        175.690154080821                       1
         271.73662889626        25.9602961616901        126.689861908256                       1
        22.3340912676368        48.6767038960885        79.4416741991761                       1
        80.5076861110954        8.40706989743867        23.6602330335934                       1
        392.879785736889       -34.5343174569441       -31.7655363543404                       1
        -24.563931488256        89.7617597147981        87.5305198857439                       1
        19.5467636596711        42.9659078128429        65.9558502603067                       1
        155.475028987412        11.1645203604485        79.6982211334669                       1
        230.132243947396        107.855856125125        -53.739009148818                       1
        344.638386439138        118.165381075488        91.7789948246725                       1
        209.847399729751        61.0668045964073        89.9481496478907                       1
         322.47820832624        30.8014254368341        96.5483671516355                       1
        7.54675944952122        124.704312631097        66.9595814046963                       1
        56.0909613100869        77.8628001325724         4.0422062282082                       1
        92.4337409722656        76.9921016037093        41.0935450054894                       1
        98.8128733372265        102.362672632623        90.9234627773607                       1
        227.483784009739        7.51586462182827       -133.164653319571                       1
        217.638663194613        53.0371041957382        -21.125399227894                       1
        146.987470687234        19.6586843954818        154.249269540755                       1
        17.4701005418611         27.578919731342        45.4563559266798                       1
        203.135814583284        24.5928160252864       -112.361883860489                       1
        174.706166812804        43.5793458801444       -9.73587422879443                       1
        332.433930984924        14.6889315023846        76.7664680258709                       1
        155.262540258253         74.560394858397        101.495817425454                       1
        19.6679493746575         90.807517790165         57.634980875333                       1
        204.992835405721        109.127084083432        130.194231517003                       1
        346.128153772609        7.06840061854716        96.7933435532545                       1
        186.543365200376        119.068716877568        117.407067868825                       1
        355.613611927998      -0.113596871864299        37.4354136203273                       1
         139.54396039457        78.2794161858148        92.2303115105977                       1
         311.12928584415        32.9854756104831        85.6192223331198                       1
        172.367141238326        26.3096285023294        108.223298245511                       1
        169.804749577192        38.2908628585891         128.99950230895                       1
        89.8962588996927        17.3690966314488        210.404714774844                       1
        87.3831823604108        90.4227489630064        21.9735578064942                       1
        93.7164322556072         27.058461181049        185.489114962311                       1
        428.991392447819       -11.3547348509933        157.912544866052                       1
         216.16586962946        121.583130235177        125.862347910686                       1
         17.314596174141        139.060640822719        88.0681889419582                       1
        67.0421435442834        62.3318711156558        192.093492616229                       1
        240.972093782808        12.6719033853204         8.7194442674999                       1
        73.7117053701779        79.0409358245788        16.6451025115081                       1
        219.972617992421        92.3030599265578       -11.4415917721294                       1
        293.179633403688        20.7899961476555        130.958265795781                       1
        90.3846694586906        89.1509270761971         75.968227842144                       1
        265.243738640383        25.6261366876016        156.971490517468                       1
        76.6086812073366        39.0966418820083        6.54369701028075                       1
        190.772970752615        62.3737955548508       -5.16964413800293                       1
        242.460908922394       -19.7064783887925        21.7768841182256                       1
        221.077306234166        152.744410967307       -63.6209935545522                       1
        232.513880003867         34.576204912573       -16.0659062894334                       1
        142.270810686848        71.2650905452788        179.742122282384                       1
