TEXTURE AT STRAIN


B  50
       -18.6610245854135        32.3720928007993       -51.5792375836161                       1
       -10.7449371243465        14.9967369672576        106.021330307573                       1
        307.022105993484       -75.5559383260329        120.934185536109                       1
        351.346710599035        124.777590035364        83.3002742423637                       1
        241.031650295782       -54.4734710987061        174.680497547985                       1
        215.077364376098        40.5810677349127        79.9959154034408                       1
         118.94858585242        91.5163713462855        134.652259304438                       1
        30.9492646046312        40.7495244544252        193.753947792256                       1
        143.895197715104       -21.4446287327798        135.211997588409                       1
        238.386393566688        74.3973513991019        42.0827476952913                       1
         332.88793605109        31.7216072655142        68.6632627353911                       1
        339.311653694374        46.3216912574084            51.824045534                       1
        6.76025188223876        49.1227038916375        201.933423878415                       1
        235.460619340225         108.90814243242         149.21997811865                       1
        143.600657499271        132.864687628418        108.983365708864                       1
       -17.0996147410126        55.5479521673021        35.1209987026754                       1
        351.103279806935        44.2398995049854        43.8169304086116                       1
        269.320503966216        89.7396053301348        31.2592235936652                       1
        150.891906571984       -24.0801743337242         111.88251433915                       1
        217.551048163161        67.4823229516182        129.084721161592                       1
        370.553535785167        51.7378825303876        215.240906163215                       1
        142.354676651978       -19.0948725655515        333.761572951055                       1
        319.151672609261        50.6244792513313        54.5910296023227                       1
        16.1438427793544        112.679839199938        37.6322839786477                       1
         303.66462974499        36.4520722390212       -25.1790141975966                       1
        147.517274976722         142.64981484681        234.556925771221                       1
        182.286795824102        -37.156990576148        50.5652634537384                       1
       -54.8206665969547        140.274472274329        186.269194288719                       1
        25.7741370905341        -61.109669749679        119.358197044568                       1
        208.020014337517       -95.7960318985592        237.737030776783                       1
        173.790152859094        116.734429244632         134.96523601748                       1
       -13.1112783602663        51.5005116303203        62.4084632503909                       1
        15.0027514601463        105.170853440675         68.962819040235                       1
        275.736061004793        12.6808322587368       -7.39814232960049                       1
       -74.6868495006957        3.29569931899292        360.080751938463                       1
        2.03978785990453        30.3570671030922        29.6710829817476                       1
        78.1481321465183        102.699620626723        140.987004270358                       1
        185.580924213046       -117.857929282941         76.368972118329                       1
        162.360664594739        141.350047136811       -33.7745979882964                       1
          183.1292105806        41.2640721013232        99.6556493961491                       1
        365.183642822367        31.3467823889473        92.3399548907443                       1
        111.896148540681       -27.8448034850625       -30.3046284686555                       1
        91.2393950326594       -69.6487559480899        200.768050663463                       1
        204.964281506075        161.762404387087         93.442908732889                       1
        70.9822908820881        94.3974352835127        156.413512579711                       1
        332.131135582187        63.6216250102289        58.0395926623088                       1
        198.282417007592        50.5581436465721        106.834121843937                       1
        137.571503497712       -33.7276184464106        65.6750396382435                       1
        198.973995305792        52.4253918618464        77.8934722472953                       1
        283.275156550268        24.6597329688263       -2.89451690387173                       1
