TEXTURE AT STRAIN


B  50
        229.102645215475        61.9046717137937        190.540203319519                       1
        137.734563769098        207.378763907907        103.934039987036                       1
        59.5605645390269        114.575105754844       -25.7015933214698                       1
        113.357136646291        155.379399119774        84.2245449415717                       1
        169.686160527285        48.6387558350528        55.5818420024049                       1
        153.459576903507        49.5041174997682        67.9097282701459                       1
         176.68093932711        31.6160059854409        59.5684839904338                       1
       -89.8840652903969        38.9584087326699       -62.5182768807942                       1
        481.375676688877        46.5863204033753        73.5247238227076                       1
        108.247094590533        36.1571572354533       -63.1326511458296                       1
        158.459538155991        32.2552902395442        32.4128059580564                       1
         160.12103980924        36.5809734252496        247.202893264163                       1
        282.918020195754        32.8978636002227         89.335136120496                       1
        51.1384567723949        46.5221207943364       -70.8854243976598                       1
        132.679226187987        44.5933485777608        79.0798087487648                       1
        1.56680049204823       -34.3058321170004        215.977796854309                       1
       -35.7080987386896        118.311169080561        114.974309370921                       1
        116.414401365016        135.067917329333        91.3390106723155                       1
        144.241167476794        34.1453132227964       -96.1618135032099                       1
        161.433062380441        56.2985285066299        43.7792108222926                       1
        121.816338325173        97.0030450571692        30.1626257319842                       1
        127.645906957539        59.7730103576155         82.806517314352                       1
        161.707709059165         45.884166927404        261.315627761502                       1
        317.486413522855        29.6341910696312        244.206671257737                       1
        142.284481139663        49.5246266050418       -115.850050476402                       1
        313.790383039124       -40.8185313302865       -73.3751765547089                       1
        131.415277258695        165.251846284547        84.7140648948483                       1
        141.795718271811        32.7287043901784       -116.550689478377                       1
        165.559837443037        17.7349206220362         221.26344511836                       1
        231.260502610801        79.0299482563619        194.115944402378                       1
        168.405743986442        155.266781550502        129.229650990676                       1
         138.58544580942        101.141719916339        226.827040120526                       1
       -24.9012466566423       -34.9818388410525        233.298313703515                       1
        345.215603929419       -20.4438544606587        56.8720783670315                       1
        30.4946821861739        111.280774226467        156.268948589032                       1
        176.969304913263        45.1525698001945         205.73436097546                       1
        137.668930249849        145.527606816304        92.6618944668914                       1
        119.319659481951        48.9663049201606        99.9999010076938                       1
        188.591424311891        52.9926224644789        152.527468820811                       1
        386.896424767485        -142.04382179929        221.209059652801                       1
        158.269925552058        42.0574669652663        51.7736973246116                       1
        302.615293138671        150.740729010811        290.685824822678                       1
        136.533113516146        23.6163614913745       -80.4301887834822                       1
        142.233314979131         46.891594654536        49.7162970499814                       1
        111.492986939208        34.2179376010208       -84.7756778979324                       1
        239.647174079305        46.3127650445071        198.113097310611                       1
        111.055568211561        19.9629312402287       -73.0144232246606                       1
        39.9641573379449        104.191893759145       -1.99462448652976                       1
        314.289963189831       -39.1246650625479       -93.0842295542109                       1
        325.106064676246       -53.0639936322368        82.6246281858074                       1
