TEXTURE AT STRAIN


B  400
        352.475373489623        86.1479396627153        100.571990271604                       1
        378.762580268993        49.8546769463327        33.6895168762793                       1
        324.593041766169        54.2843327670352        123.558426443394                       1
        91.9676539877939        18.9972490825279        44.2924401696623                       1
         160.65101986183        54.1381201379766        4.09286641799711                       1
        294.533134817232        83.6179436928273        178.367666232924                       1
        43.2049075820497         22.029465819147        70.5412244467203                       1
        282.486082576296        74.6853394939515        156.456116120197                       1
        156.714992481526        82.8736691867625        94.1654974211375                       1
        219.828453906606        20.2247603163239        136.175694183218                       1
        92.7896220302379        120.376263746117        63.8882461310411                       1
        240.022396411582        62.9825720453917        6.98648765747131                       1
        239.224897353926        62.1384085913832        131.662908760963                       1
        316.147145294741        43.6817855895433         162.76091472599                       1
        149.533192005307        72.7098203159588        92.1904541563706                       1
        100.979818497501        8.68680907321486        34.7232038037706                       1
        175.673900339076        39.8998356464273        179.706120488114                       1
        278.239396037551        97.0155719885261        66.5826949100904                       1
         189.61119013229        55.3853369350065        108.202108446772                       1
        141.331324111457        91.8372307792901        86.4385347503645                       1
        10.6608028874345        13.4617570855355        121.973127423458                       1
        206.939484848138        44.7548119545261        76.9104891107523                       1
        65.5485899725608        51.6882185088896        129.245495805794                       1
        227.680863333268         78.943532929707        98.8493168212317                       1
        320.025879856066        31.9198854217002         58.266355788908                       1
        253.908526274485        70.8038542654727        165.729936425806                       1
        99.9779179642153        47.8075858489486        183.451442928715                       1
        293.259848676952        93.6023549698205        45.5774860606574                       1
        64.7386192637034        45.8244549389737        169.648951447698                       1
        64.4251270602873        74.1233993104653        117.008974435411                       1
        156.002952267489        64.3148182002597        158.597879301603                       1
        362.725459552442        57.9150975318919        156.927160199166                       1
        170.893547975724        79.9394686917121        133.223258313756                       1
        186.439808386802        103.777748398307        175.523805562096                       1
        296.168578059513        17.1661392021312        123.148486486943                       1
        91.9276800173086        15.9101980834954        122.478513827616                       1
        392.489435063985        60.9314268553664        46.7041366126041                       1
        38.6953811104585        124.624995453545        152.879151025811                       1
         168.74526639278        78.7170360096392       -13.0620667042142                       1
        351.491763102595       -9.20372897445584        156.003416858419                       1
         350.79451824346        116.117338531404        170.625012479211                       1
        356.389240394037          86.03337817522        36.4336862081517                       1
        381.419035085266        71.2895252590906        102.204212607454                       1
        132.877788060878        49.8214478797609        93.6041204352334                       1
        192.467881150295        78.0847050334744        120.368074594734                       1
        188.067999098629         55.655635444155        47.7277765820682                       1
        172.882263530599         64.253915806115         181.96200544219                       1
        74.7337826018299        65.6508275085997        185.617548596887                       1
        289.809730311688        39.3084871370465        142.433299009586                       1
        254.965937454193        67.3246698675641        109.768556526999                       1
        318.330201750263        78.7171149620502        79.5326416494565                       1
        206.675929997293        58.2991209433448        29.9000546799013                       1
        174.742824990359        58.0066304865014        74.3184079884651                       1
        75.1236048321804        81.0362631677238        56.8973471320793                       1
        71.0875853052518        78.4241560138289        174.285582120587                       1
        191.020165844558        40.2474036894193        57.6389719566175                       1
        236.014135337029        67.4496352918668        25.1632829634492                       1
        325.671950615542        60.6390132212635        32.8745491450104                       1
        48.4460363826261        57.3198142380006        154.595181027288                       1
        93.3151634495084        97.4663175774715        101.395289452874                       1
        254.065461965287        84.7040056015402         167.28470527436                       1
        372.239157586816        58.0684040258335        170.841245998525                       1
        104.163827038174        61.5626942264797        175.700112413765                       1
        72.7007956359213        16.6094263819811        178.854891390364                       1
        51.5785017298995        57.6108038812747        171.962615067833                       1
        117.046705885132         75.771211039659        155.678781748587                       1
        6.06607371375499        107.642668215561        158.267462336863                       1
        274.893314183396        77.6589095831335        41.0905404922993                       1
        212.192641249068        23.4667915899153        105.977555251879                       1
        295.475551913591        112.838586007565        64.2995392960753                       1
        25.2218383567873        63.4262784455994        115.858271015662                       1
        25.9140427942477        43.3688737960687        49.5121797676487                       1
        77.0088002280792        77.7271354500661        23.7077214389062                       1
        64.7694865112589        91.1815662759973        37.5888813471497                       1
        178.447043560188        43.6498865426438        113.492326413121                       1
        269.694209153562        42.1806066473251        -4.8805228939979                       1
         310.94923092298        102.195721207687         92.036353631765                       1
        35.5316318709069        46.2991449509842        147.553381728332                       1
       -3.05093004505083        46.0581031498956        35.9148858426952                       1
        174.123824874237        42.2538273823114        41.9830499025756                       1
        198.978458107185        53.8776643443776        60.4693938580362                       1
        325.017376981186         40.740620351584        34.7709993978518                       1
        64.4706555895322        90.3521337313322        121.916220406318                       1
        61.0525440627107        68.7404019202322       -3.80761014479653                       1
        249.690072608442        53.4092783466322         152.74373186233                       1
        230.142900536841        41.9341672610933        95.5264399771785                       1
        206.451392159589        37.4766952815916        113.877780900674                       1
        121.747628893336        62.0954810120542        52.4456961575077                       1
        344.280498047946        24.0474600803009        8.30904759682615                       1
        271.269172326287        57.6561863504991        149.760977656513                       1
       -18.1805777433596        87.8089800858726        53.7571352201014                       1
         55.731619293401        76.7046037309988        66.8648533855643                       1
        255.369312712372        62.6855844521684        89.2724317226781                       1
         130.45083075939        31.1853435376478        27.8906636385809                       1
        57.1230107308436        99.8031684844362        76.3544605005088                       1
        31.0482176376163        19.1882988288532        121.470744691739                       1
        349.584376118625        69.0495246951395        175.905734981974                       1
        53.7760971348951        80.1604094771195        4.08697010199523                       1
        114.979221045466        61.4425721337147        36.8582595924676                       1
        105.569565129721        79.2746908715861        120.068407149065                       1
        13.1257276402336        26.8271494531829        44.8249004973942                       1
        165.039311239708        23.2842557417356       -19.8859959947054                       1
        17.8528089568926        23.4730315130964        114.070304873355                       1
        208.513265865441        47.6518440549949        40.1612081366903                       1
         292.72226019748        65.8907189103501        77.7745939972893                       1
        373.838868168065        59.1453398369653        191.358790943838                       1
         53.313604183216        73.5969847317907        12.9530683373999                       1
        64.5979717701848         86.960214652122        13.8606670217793                       1
        247.141067246308        84.2769496758714        155.801646169031                       1
        202.060331030906        67.8994445605188        32.6676527196768                       1
        3.00668241895834        44.9590897721997        13.9844405692159                       1
        299.246324419533        13.4241750649502        198.474082833715                       1
         13.350943029418        59.9870572382298        2.10958487687685                       1
        375.971358567791        40.9643031842565        73.4713972864096                       1
        47.8136109980327        61.2071586622872        145.700853407601                       1
        246.619429396073        111.011531637361        160.080997753662                       1
        78.7111449931646        55.4830059263938        112.246873494251                       1
       -8.88559597660074        75.1501119983174         24.046753336013                       1
        112.529790503056        54.6723536401733        102.763561472453                       1
        191.820128671244        72.1820820557864        53.3755977854035                       1
         319.56879652294        93.0553308184495        16.1106911410617                       1
        109.040352886573        101.607796950905        112.332095832262                       1
        311.385715408964        65.5125589182739        73.1836846536511                       1
         46.836579070879        42.3845141636974        171.757245895645                       1
        171.993874714574        56.2478668899108        38.8906347872978                       1
          2.672659968035        95.6163858564887        21.3399871800289                       1
        188.078792422073        31.9618932768745        38.2225971285171                       1
        73.6218237908504        91.8646784637411        94.8324075724499                       1
        207.213979819191        65.3968191661038         117.84583860974                       1
        136.478959221075        47.9874649881258        63.2948405667122                       1
       -6.81516023295107        33.4494095673415        19.1871001406909                       1
        253.504084630793        97.5440768480049       -11.5743237022295                       1
         146.83792461217        33.2138568245247        116.507762821383                       1
        165.694228619551        68.0390012542189        100.656298222424                       1
        82.0467463845626        95.4357149058735         55.764563194162                       1
        284.473032286697        101.741424377543        154.830354793791                       1
        217.513566905946        53.6951014467947        47.6856379166732                       1
        73.0588939849083        57.1191938065488        134.657730062854                       1
        178.707976681695        33.2569850407284        129.855691740166                       1
        339.064358873726        100.164166159021        31.6747342896388                       1
        113.495905332793        70.4008271231407        142.471912713528                       1
        204.427956870792        42.1664306581403        99.6999302026982                       1
        280.018142522513        28.9941248063448        108.070915899591                       1
        62.9804692244945        18.5748763143112        84.1587753150591                       1
        366.414554357435        14.5286752602362        149.906245052559                       1
        87.6884471727605        71.9801629497721        17.6373946497705                       1
        264.015802448184        103.676405807387        134.097470187555                       1
        71.6734259313818       -17.0363052978176          53.33377408876                       1
        272.188579287898        64.5116027576199        72.3465364297388                       1
       0.159237882482751         124.08747444264        166.562262749279                       1
        278.150251757472        84.2248523359806        150.622360884647                       1
        112.284236343406        15.9920958681635        40.5140440291653                       1
       -5.66279196633209        2.53367587939085       -0.26794999751763                       1
         224.45104345609        95.7485278775753        68.1308679534536                       1
        101.755523941008        52.3786458761208        125.175300695353                       1
        70.0673221785013         65.785382929614        150.105118002013                       1
        121.122884795649        73.1287085436401        101.394250315867                       1
        153.357620662139        51.7105488811572        33.1062592278543                       1
       -30.8688676414367        79.1226342258372        68.3245429631654                       1
        52.6390814089201        73.6404858946962        134.843278436816                       1
        349.636044404785        40.0712834351864        122.282958761535                       1
        94.2854493058827         101.54166195597        126.790261976274                       1
        332.138418168202        44.0267627352788        127.511469705769                       1
        220.673208176536        46.9379114983606         192.04607037328                       1
        338.247926940195        23.4596841351756        175.023224774916                       1
        18.5477795999882        3.47496072765712        34.1297930400324                       1
        187.202992800083        53.3607420855005        28.2723450580013                       1
        265.231102347044        61.0359906324775        71.3995118031566                       1
        88.2279102019235        96.0280088037935        120.053477621356                       1
        241.064462463062        83.5016615098322        179.960322472575                       1
        17.1528679606349        94.0498460768856        138.913123681829                       1
        293.336112815435        45.5842641764953        105.046201123026                       1
        284.050171634341        64.7199997403924        44.9393732838544                       1
        93.3169883510414         59.961776504653        124.238260940233                       1
        81.3690021264132        86.6539766625494          32.52162863451                       1
        142.837921148542        75.0554472718707        169.223817004856                       1
        47.4738189287829        58.7275433342493        202.462584486535                       1
         360.44168471601        97.5944213856856        75.5313176493364                       1
        379.205665314299        92.8842581707983        47.9623688374446                       1
        172.048798261755        41.1061293350964        35.6640637025601                       1
        193.260901357859        40.5299843671113        43.5594042890294                       1
        340.762508214993        41.1775781652836        42.3837713676086                       1
        185.163204142393        17.0963469452666        122.803886493363                       1
        299.034713262757        75.0840538476992        57.7355633834444                       1
         286.13484947985        33.3085990076872        131.620108896498                       1
        287.535249508017        66.3683471010077         121.86370833916                       1
        206.535723650385        75.9125317262408        47.8647238747538                       1
        84.5972417434552        80.7084267520519        39.9947943580734                       1
        138.956997622994        34.3081191240579        75.5053307405943                       1
        60.7602853159644        78.1494875939475        104.888724877372                       1
        109.003358532937        55.5222565177205        158.931620129481                       1
        341.519850504955        57.2367031341928        53.7271403945417                       1
        355.272203128781        22.7331529923777        99.8314329705488                       1
        183.301328784083        54.1318800882041        36.2980417866502                       1
        144.920841232121        59.7208825725915        29.1489355579785                       1
        358.576229922212       -1.69130246814577        144.005151529149                       1
        54.4944529524937        83.6553441054828        86.7141212923483                       1
        13.1293287483856        39.2369386400749        89.4389172800691                       1
        37.4144082255831        35.3055329485449        34.5358795229472                       1
        247.441458423425        65.1260646108694        147.678785269968                       1
        166.224316890992        47.1790461792135        15.9919647502299                       1
        147.069118661475        43.4413945219247        173.126417804137                       1
        207.111590409583        56.2941249043141        159.136034930815                       1
        84.0658769891658          86.25006805612        113.850992122381                       1
        32.9510317500308        48.4777161298585         15.388166067966                       1
        313.333545763422         55.528976981543        52.6072468215968                       1
        190.868588744532        53.3305975814931        40.2016778119407                       1
        106.326946457584        37.2675706788892        120.774519494264                       1
        14.2562413000312        79.5124878267813        66.0919262890843                       1
        211.267895279765        38.4889981822863       -2.96408046106105                       1
        197.525983507502        42.4620912554383        30.1985951849979                       1
        247.575822335483         75.717021370434        90.4932492968155                       1
        232.506564821982        68.0257760290725        112.106387769202                       1
        98.7373577644437         89.152477889633        121.713883768732                       1
        276.162978302865        45.3441208467318        124.454066055732                       1
        216.802802819489        58.8296141556352        127.670479234185                       1
        255.106147348425        46.2586059268428        133.818338944137                       1
        351.115387497965        35.5645345772862        130.203412802828                       1
        361.286323467201        106.332980707362        139.256631072331                       1
        266.546276872002        28.7262726323506        164.227117873442                       1
        264.924720544563        53.0998375159389        112.009109209035                       1
        259.400443722323        98.4176805087121       -3.10212864959587                       1
         153.34644293717        44.1670007039553        52.4936767036148                       1
         355.49619345245        52.6340583822971        102.233127284748                       1
         343.33001942026        90.2419068453309        1.73352041711487                       1
        92.5946283857057        84.0614109443464        131.690344342661                       1
       -5.67578820529106       -23.0128080556993       -12.8263903542369                       1
        66.9708977934755        83.8295323381865          192.2435465734                       1
         260.15289722815        84.8245818967911        106.667919783488                       1
        84.0009533913371        48.7233158279389        143.714616758155                       1
        200.773685594916        46.2364752389062         17.755464842728                       1
        167.085982738657         48.339717947262        65.5420631713284                       1
        61.8850963656517        38.1162697807782        20.0287800896145                       1
        314.897823613609        11.6951388425002         25.073696684084                       1
        182.600613935644          77.79286736553       -1.19079219686131                       1
        102.875315819044        69.1366064402289         137.74851276614                       1
        278.656751461904         111.87829803355         65.092967692359                       1
        58.2282283622607        92.0928697017831        69.3234499562544                       1
        186.538785995924        17.5047523817116         54.475664453484                       1
        143.652796426707        53.2019457617725        78.3617281199073                       1
        222.149263493459        16.9571839598091        111.533634614815                       1
        82.6603183481173        91.7272131579861         20.508733663498                       1
        200.609112864358        70.5914163478512         151.62743062037                       1
        171.169602052081         64.731494795072        115.966178162866                       1
        187.423614351734        61.3309420239854        161.877873473268                       1
        217.608830027819        65.7708787064346        133.778623076347                       1
        164.204670510068        46.1882510263159        71.2442233898497                       1
        36.6921272929126        39.9093969723118        18.7171480480819                       1
        301.773952940683        89.6439141158405        76.5258463000413                       1
        311.196294564363         77.355197064212        115.173403583124                       1
        263.613288689911         25.378659374757        65.7986971055568                       1
        236.341678878668        50.5142986144992        30.3741055540993                       1
        84.5039108616425        76.8240491802472        164.414293889781                       1
        7.02714730856167        4.74557924758143        143.820329452886                       1
        22.5044519736374        72.0726238684664        168.097366511694                       1
        228.820555735106        29.6570653964723        113.875585772951                       1
        67.5156280926639        71.2694397859246         37.755840545344                       1
        248.385250073453        74.6362811914335        121.159049620684                       1
        204.431557606185        73.7279098451163        94.7197690562371                       1
        25.3807624937157        19.0782247609024        172.287928572408                       1
        324.378641095646        29.9653346700987        171.737501974674                       1
        177.716922372016        71.4633675489006        142.467785666325                       1
         135.89511637281        60.3979584392852        78.4191444840329                       1
        169.470086091373        72.4269498737471        38.6196359306882                       1
        322.828602766123        31.3287200900711        107.104694655524                       1
        97.9137337378646        87.3331725980729        39.7662349083736                       1
        236.562970915526        92.1908610165631        74.3050764143793                       1
        122.803892070134         81.130810923967        49.3068796369225                       1
        100.606433100191        87.4850857094755        17.0181942779551                       1
        15.0888995023014        88.2807185378902        157.524657062622                       1
        181.030835386383        71.9133138272182        9.02278769747026                       1
        31.1904805278995        50.1548646354509        170.661341657842                       1
         307.04003873483        63.7892155617087        160.414627299435                       1
        230.746041682565        84.3561501138818        81.4136741745984                       1
        321.095115931896        97.8923681151509        76.5444675475437                       1
        141.886503686435        18.8893002982514        21.8619495791735                       1
        118.017501830896        33.1422895948695        86.5432074965095                       1
        59.8205485002154        54.2200287642788        185.579475003061                       1
        130.490217678874        75.3730368165945        153.655573619889                       1
         281.05898744093        94.5027676986305        120.981393920322                       1
        46.0063221715948         32.541825718118        49.9899212971564                       1
        189.485645620889        41.2313327886416        197.446198468812                       1
        332.467976598239        67.2980316412089        133.905969698189                       1
        300.886516361262        45.2520027619927        117.854007775373                       1
        180.868527199603        86.8309632437614        58.7848782599481                       1
        28.8878921647081         66.662468888734        36.5558119788918                       1
        177.359967136179        39.6636782452113        156.288232400985                       1
        71.5929120856295        80.6592083340256        82.9453916894707                       1
        216.550123602721         102.42175528736         126.54461780445                       1
        92.9121574485796        86.9430945473399         7.5615828506367                       1
        144.355195604307         17.439432393984        74.1119771450387                       1
         293.78456800356         86.299904190884        107.450644969115                       1
       -17.8209597901483        114.991836513482        5.58240569111732                       1
        48.4843849313579        60.8327005053893        124.033574083183                       1
        264.643838153277        77.2060990449305        80.8468449285575                       1
        307.500497170691        23.9100406726251        37.3455654889571                       1
        261.173880492811        88.2088129992778        132.988770365861                       1
        275.309620870278        108.953678705915        182.698325192438                       1
        277.887114402191        78.7039612066647        134.789316925982                       1
        17.3164850366548        32.1443171842087        14.9296512930314                       1
        88.2682894054737        64.6278300069191        41.3639329711224                       1
        194.764558613407        53.4042539967197        20.4901267289447                       1
        154.639449482547        23.5940857422625        70.8745576558406                       1
        196.676414129324        72.3617162329012        13.9527458959473                       1
        282.317910729505        63.2015525422954        71.8615713364731                       1
        292.832698156815        53.3975581021128        138.858187542724                       1
        121.765725703662        42.8377501257859        155.741498692142                       1
        36.3886746845351          83.23808838766        77.4194180882897                       1
        86.0637881938806        62.6920718162516        155.969351560051                       1
        336.249545180128        98.7031694999722         61.649330602569                       1
        102.730647805947        75.4742640040326        59.8622825349981                       1
         250.67830415239        84.9097340217909        6.53031936346347                       1
        304.780175561786        5.79719009722621         12.770999641369                       1
        187.896830230692        54.0900934901883        45.3849396795575                       1
         190.22823753366        28.2595446355465        94.5881077812887                       1
        68.3247584666739        66.1816245335554        95.3352461795167                       1
        145.697903990986        6.45051880581803        156.726129572172                       1
         85.911845127063        103.526897747988        52.4313942743488                       1
        283.218687224775        55.7896150900632        127.968775007603                       1
        339.541093949308        70.9807456875141        41.6093336470224                       1
        13.2538953253504         37.744198423984        104.451423965358                       1
        6.70499386285176        78.0473918039823        116.757373990153                       1
        342.817952467794        119.122855164433        120.677602879191                       1
         300.16152673989        22.3378959093375        150.893459530359                       1
        142.966040062958        32.1582896557835         30.052832205287                       1
        215.199707621028         33.123750658021         89.433587980089                       1
        168.664626449184        53.3858021688421         160.55920110905                       1
        219.235549985071        82.1175109081952        113.428093087009                       1
        116.489153447152        52.8344606762651        124.406653089617                       1
        98.5391125396856        70.3924645340425        102.146596425151                       1
        190.681470604075        60.1343952764853        119.052705266855                       1
        152.748787047776         70.421106622024         7.0336489954556                       1
          82.90614536784         80.530414141133        21.1972633961886                       1
        147.849587651016         61.117762221762        50.6786686870497                       1
        221.125958088822        9.92575545684073        110.959421285891                       1
        337.757505305596        52.3165986412069        37.4151779947124                       1
        5.17923934565359        110.675740110835        16.8343203972225                       1
        251.692846051336        13.4756431829186        91.9704037425666                       1
        235.594974253229        29.9011374480655         18.073526740135                       1
        131.796725624327        66.9997972980194        120.441880481593                       1
        34.4765346800609        67.8507555919329        10.6840517247138                       1
        41.6613309305116        19.5761451206256        97.0564780565647                       1
        160.177496369222        35.3274103623237        29.1853619057636                       1
        267.713922607651        51.4205761379768         97.064572772841                       1
        109.718492608606        20.9878464498959        123.984558186576                       1
        169.869942104753        62.8131926538133        26.0096363508543                       1
        91.8089988841567        32.1620364885086        101.098519387904                       1
        74.6879433003375        96.5967486805145        37.2858006361793                       1
        261.163024264747         69.680113492548        88.1661767247509                       1
        38.1432543924221        79.3953570961262        102.898538932824                       1
        306.609101980544        36.2849900879762        130.520797482123                       1
        360.846328462372        68.2066331095822        182.322452631732                       1
        258.403664504866        66.8886082796898        -32.371313773291                       1
        86.9152911594563        83.3521669173789        173.317188105105                       1
        182.328012785981        53.0600004659162       -9.91421836540655                       1
         192.93652286518        67.3258636074307        16.0655139581997                       1
         127.89516978728        87.3628202354363        115.080534942443                       1
        158.619779157387        45.9011112185992        60.9641572788996                       1
        68.4728715820357        30.8449202491468        19.8188332050034                       1
        49.7943226377529         29.808278897582        168.694633635299                       1
        140.370063731055        66.8490032091648        132.161359705484                       1
        301.261676305104        50.6697745949413       -1.25608193532085                       1
        177.401687173437        37.4957521889277        48.8030679424809                       1
        368.719444139781        117.317295060371        83.3396962006084                       1
        89.2493602680816        36.4852587233733        118.487863021866                       1
        348.227197964625        19.0988435077565        154.408795899852                       1
        216.489883645165        85.0535097829643        94.7718618732722                       1
        52.1630343551318        79.2724875105059        31.0503191331172                       1
        200.255987612029         32.378956964345        143.835596051866                       1
       -5.74170780418052        57.8026729634829        12.5806972952354                       1
        152.860242278186        99.7682428195939        35.5456500932897                       1
         67.738027372335        96.7359627208684         78.686540495064                       1
        84.0194325316983        105.340185695037         211.10080370319                       1
        89.8413184182728        54.6147757842244        168.891542096833                       1
        25.6354377250325        86.9817718310568        122.443908882859                       1
         130.40765767045        58.8622734941814       -12.8898874195666                       1
        362.929772325642        30.1574965434142        82.2378753797913                       1
        195.175930229895        57.5959923746286        179.696183828549                       1
        190.507033651653        24.6553771174857        28.8528616225773                       1
        82.0077903343506        69.7237620233401        188.826279928181                       1
         227.27309734657        76.4891950876477         18.637439535387                       1
        257.965116664263        69.1291542619295        61.7547419173538                       1
          91.77772938486         72.948296434917        129.411423200973                       1
        166.736862843059         27.281304662936        127.017266908548                       1
        66.8243839154462        104.160158948807        105.473306457859                       1
        245.614684754408        43.0532200167184        77.1145438168391                       1
        320.175275097851        18.4887552372396        114.924609714555                       1
        40.9888979441292        63.2837009701701        92.0545799452641                       1
        111.651383393341        87.4079186071451        89.7558143612033                       1
        121.333141430372        48.7085082276466        35.2045821093748                       1
        41.4011958873747         72.057486082616        123.842635592679                       1
        275.361747945128        76.0050672042462        67.3067444844988                       1
        23.4790473851848        54.1058857887201        95.3551142955421                       1
        109.896059641767        72.7871051344669        47.7345849008902                       1
         121.69618742699        68.4538765676072        101.924857133326                       1
        72.7626453340336        67.8726365793261        131.955463544646                       1
        92.3881429548762        62.7971393560277        19.1832797622057                       1
        262.244333300961        82.0580722828879        176.749950060947                       1
        267.341531755674        69.8794545665454        63.9676793116181                       1
        29.4511279047295        116.451885483811        140.189950743538                       1
