TEXTURE AT STRAIN


B  200
        193.682214994676        84.3392319442844        66.0261290408547                       1
        13.1796929966293        89.3223094302822        92.4724877483381                       1
        94.4231405700621         94.403816821103        189.845970919248                       1
        55.7000775040365        71.1723940058724       -23.1840630801219                       1
          317.7392061416        31.9604492051278        111.182426237386                       1
        53.4029417939174        90.5479492985869        127.512076902399                       1
        331.662818170687        65.3947896614697        94.9989440408554                       1
        149.167179574697          57.08844397898        143.269806124368                       1
        350.003803316786        99.3655569120188        64.6280836606114                       1
        205.725138301104        56.8802359685767        92.7743184458301                       1
        272.519497986505        41.7093097322495        152.741705313458                       1
        224.395247368419        78.0879600059085         94.502483575188                       1
        202.851626654889        83.8470259911627        130.183024642621                       1
        85.2146860042704        97.4557209987887        74.3289501265228                       1
         70.586245283422        40.4074659333122         37.603890358491                       1
         41.291133422216        116.061495435942        110.938972303692                       1
        65.5720916311016        85.0838304942718        181.069736954136                       1
        93.6704396199239        29.2115098526084         196.33757143651                       1
        203.712182716892        70.8734955345506        88.9081779645453                       1
         308.23343865782        41.8081048870107         91.985989662317                       1
        214.465229622614         77.123358628284        115.697107113371                       1
        257.145988346842        96.1616695213893        160.474744845607                       1
          85.11588520529        117.389382560662        193.751336717489                       1
        91.3308547287397        90.4590257406344        31.5327633039191                       1
          345.9260266714        41.0083931440809        142.880961806284                       1
        66.0039212135668        27.9262444166133        146.098648872835                       1
        97.2727072671187        80.8538480465776        173.351282240345                       1
        189.100239662464        132.816550215378        112.744526364901                       1
        293.866873352222        44.7271402861338        142.713280859267                       1
        136.947075528425        41.0547395222504        171.755333547874                       1
        262.429242828405        71.4323169591043        186.786112793533                       1
        181.545674694304        70.2770976956176        18.5934767278454                       1
        377.877207335922        96.6659133842253        70.1839786924659                       1
         67.467754641008        96.0976505825637        160.538097154717                       1
        204.897708248907        73.3400626643722        99.1769025952858                       1
         315.80305188777        58.0740306361007        121.584861112966                       1
        25.4082085481792        89.4110047726011        91.4594366479261                       1
        165.110216285456         37.029098172652        87.6307694737346                       1
        136.893263795287        17.0085510250124        116.733038629908                       1
        87.2773758517964        9.55446689424239         30.093738458071                       1
        171.213710800004        64.8981294281419        122.929268009986                       1
        230.574692058905        91.7304035674155        26.7153197320215                       1
        79.3856699028796        60.0592500209595        17.6831115628281                       1
        185.700587801412        70.3782650205458        42.0011746158565                       1
        379.770380657265        98.0888467575269        19.5446207109334                       1
        292.456271663475        83.4901144226339        2.71591694589389                       1
        177.177345254269        65.5857741888313        98.9584828009614                       1
         396.96606722128        55.8177143247254        7.30868191939318                       1
        51.1681677749823        87.3213305705593        3.43821704226972                       1
        181.179034342485         55.440864541104        94.9545800992859                       1
         66.290058700081        48.2834047439005        -22.629562586545                       1
         240.37322426404        108.836231901128       -11.8964909850611                       1
        186.895671751759        33.8140255830535        93.3343924710654                       1
        73.5541180592306        80.5278948794163        177.099504684432                       1
        198.274380725996        102.570893725753        118.870157560218                       1
        206.393667795754        39.6326666697192        50.0817035837146                       1
        205.836563913845        60.8885558981368         185.79552519295                       1
        310.070591839183        48.6075016026117        106.618289430211                       1
        291.125188765445        57.1369730786888          105.1821741925                       1
        400.244873020656        77.1078981074235        176.088909113692                       1
        170.323046591839         63.917846472671        75.4911172763265                       1
        190.456573353538        66.7087472448734        107.396286415593                       1
         54.550049102347         101.86538288462         173.46694149556                       1
        392.902487860781        82.1864824475358        15.2354748295123                       1
        166.893581287829        39.8318558636055        117.170080975758                       1
        91.5008328850327        75.1824219722081        153.786944372267                       1
         328.71610086565        48.1095297894028        175.071676632136                       1
        223.148710227975        97.0376864482637        72.7876366744259                       1
        352.462778020941        13.9976684429975        111.109201019166                       1
         103.18458821866        90.8040583431539        71.1832212812234                       1
        23.5693275572089        81.1518503313143        56.6337385075309                       1
        32.5886447444376        76.0989245427197        96.9544747158633                       1
        190.295818024694        47.7069278255184        10.5004471381786                       1
        259.356350483914        103.680920155811        142.940649264408                       1
         195.46617842936        98.6235017069195        166.769123223225                       1
        204.329338506497        46.8401114875419        122.867228304989                       1
        55.1830891585787        82.4307944655544        173.302939274842                       1
         352.64922060372        72.4121176275926        95.2815105337052                       1
        57.0225310639138        83.1484670455697        167.212755167035                       1
        337.538013227805        38.1332200015081        111.040533333152                       1
        383.039379603673         88.984334029499        73.0896157721781                       1
        37.0030832384629        73.0578320204324        67.7587978414558                       1
        308.458133558484        109.362598788869       -6.44474379902108                       1
        315.104470652112        49.2367713138409        141.307563523342                       1
         37.381117947366        85.9378507886141        124.444128066143                       1
        192.042968965942        62.7285008600082       -2.20596386077433                       1
         98.218405307628        106.802514541005        59.6903423312424                       1
        24.9435661202581        86.7067394079342        75.8315977649075                       1
        381.118971453547        67.1624015608246        91.9464312500665                       1
        202.985332089397        82.7800481228579        177.379171788738                       1
        416.214344172545        41.8602311592728        67.5510718493337                       1
        292.548144909376        24.4222579782071        119.864077718776                       1
        223.626671813695        77.1844172734539        165.964808270279                       1
        23.2603745077786        120.093771729632        108.106529453372                       1
        163.303052468833        126.650190002713        80.5750679425772                       1
        61.2942451405149        90.1891369645556        7.66340456928732                       1
        177.532085445058       -20.7408268562385        92.6328020970572                       1
        56.0953790669182        86.9311155586628        19.4969589911064                       1
        186.101609808166        52.9599714651997        106.413599781599                       1
        137.450199191174        29.6651655279291        149.260000343114                       1
        185.481525311185        77.8613484297119        98.7342446474042                       1
        197.088115924379        43.1748881116358        67.1220586051146                       1
        157.678799261212        75.2337104263005        98.8973508420738                       1
        355.509350223206        67.2710511016509        7.68319690796494                       1
        50.9055635861801        24.4544690911769        39.6540254979435                       1
         87.767750194993         34.327415229498        3.41436511424407                       1
        306.576012091226        43.3455721431298        27.5672986734703                       1
        244.793916262825        98.5800660182867        39.3243705420993                       1
        115.741200411209        23.3811807011086        153.967184264357                       1
         70.325833835888        70.8064938797018        147.925930674583                       1
        361.235207508909         53.010523722211        94.1719081899989                       1
        194.237857031405        73.3620985491983        102.612355780065                       1
        252.210647993417        105.573302561068        18.8481470763186                       1
        201.386387325252        70.2101870723027        133.428881587721                       1
        189.660666710415        80.2369547453027        124.368085398316                       1
        123.481479572459        87.9239447764114        18.1604294987568                       1
         240.27956669218         72.401422921058        170.080232982532                       1
        63.5621578268515        112.673534343213        171.537005866483                       1
        254.560384698419        82.3819393608762        167.084508370719                       1
         98.470039670019        36.4602489482464        164.168599712294                       1
        73.5266391218827        100.259301910578       0.912938744804272                       1
        345.736020871751        85.5128971570369        85.1855485732845                       1
        146.107386981739        132.359076473598         80.096061773062                       1
        19.5908346828256        32.3468679457608       -28.3248481864133                       1
        37.2305419923144        90.2660873737689       -17.7356498447736                       1
        217.677497460104        80.2190296017011        35.5805016127709                       1
        44.8538406517373        105.962057017857        171.687164508369                       1
        185.527810546885        52.6534750079567        234.412936239507                       1
        56.3581813352315        59.1535002764331        52.4618530477409                       1
          180.3514235025        82.1074771982413         130.84358177174                       1
        187.743693569094        52.2966230029126        206.181064571999                       1
        140.843247096103        153.037755646362        206.616353828547                       1
        72.2128958539271        85.9931992693134        123.244459669232                       1
        93.5899742359424        75.8803420413121        57.1900326764339                       1
        42.9535601146254        67.8102757731619        120.778962421857                       1
        374.598148687299        67.3436174387669         30.417626449108                       1
        33.4749991909123        94.2358424651041        2.17666627191128                       1
          180.0226608353        96.3594183040914        113.324654697422                       1
        357.805658605599        30.1215180259245        110.118320173023                       1
        292.195066203181        100.155553027532        48.1625671228782                       1
        325.768977950049        38.9047430559784        124.888344368375                       1
        180.716286450685        22.1229693961809        88.9438326025411                       1
        287.713621123284        51.7730952222525        127.354523863568                       1
       -19.8571458334337       -22.1247338591156        143.239172871659                       1
        190.607144833454        31.9626533351682        54.0496580924182                       1
        88.4268304383144        153.614995111972        187.593914231244                       1
        349.304416031051        38.9832583363138        90.9354243254716                       1
        339.233800414848        55.4520835062789        108.163275136326                       1
        59.8034152392173        66.2855109896249        27.4968776587261                       1
         120.52503687508          16.48530035044       -18.9020560347266                       1
        163.651678612172        38.5922817692103        52.1041499459107                       1
        12.4289053588453         113.25244052387        59.7399021916516                       1
        311.009429526898        88.3447237682326        35.2992318580114                       1
        90.0280474242371        91.7856407081592       -11.5701026776722                       1
        87.2914237424043        69.9503538094948        122.384606547166                       1
        68.9171256654404        100.073753669264        174.376275256505                       1
        219.406004577606        51.1031066783363        94.4682246030281                       1
         303.45163233944       -33.9170901725712        169.375823029922                       1
        75.8938829989288        79.5294139279096        186.381119288397                       1
        355.644899491883         82.089809117316        25.8519492949573                       1
        80.9753189239628        92.3822753551842         179.97037612368                       1
        219.965706848022        59.5014686147544        227.860656484121                       1
        309.522707334907        65.5780214555243        41.8477796589104                       1
        243.021573682688        9.09517120346746        215.630590325084                       1
        173.820816125997        84.0957960206743        84.7021435125106                       1
        252.438151903608       -5.08966224475796         13.218471831907                       1
        360.679980387693        63.2623863832972        76.3672669001419                       1
        369.479045185021        93.6795359746596        63.5341868287135                       1
        78.4259936748154        57.1160693953185        54.1085894643746                       1
        28.6987876264922        108.402164020621         70.757651022235                       1
        301.469953821247        34.6848152059216        127.676410895677                       1
        399.530657277647        25.6497996700493        74.3866379717185                       1
        72.1561911174973        92.3900238262606        161.555611611571                       1
        83.1473992849604        19.7484964407528        19.8532292083172                       1
        83.0925363200666        98.3576806592865        146.116369965222                       1
        186.820480682036        17.6036892477997        99.8332962364714                       1
        332.980176944451        33.2353059525302        81.8730764203451                       1
        114.141068037544        79.4353592315204        158.448613310629                       1
         309.84937055996        24.5773143675364        142.856796431059                       1
        378.017459772059        67.9808787788673        75.2829027961702                       1
        235.648735598271        110.473732272976      -0.370291626021235                       1
        368.066200921542        82.2195271718615        77.0430331316626                       1
        60.5324748341773        97.1781792579951        108.877168651418                       1
        187.584257313112        93.8154637540113        96.7943256037154                       1
        135.846768859986        25.5272661312521        127.369865498925                       1
        77.5118468051387        82.0625569671766       -17.8222274025997                       1
        223.314911727413        30.4126865024348        52.9560740360816                       1
         287.78492930426         36.132784652022       -12.3468867668479                       1
        317.565034976493        103.126320899889        19.0436753158989                       1
        166.559906241917        52.2191926871449        62.7612320290972                       1
        193.480461117164        72.8918642166593        79.5120536294774                       1
        361.015227536613        100.170827976141        80.7268387026646                       1
        10.8288796049222        84.1241358574305        40.5743365744165                       1
        359.129781683811        96.0954491225626        145.776473863987                       1
        33.5587313489954        97.9161175757583        104.882447594939                       1
        256.144375598581        159.554498261963        3.75801447235805                       1
        72.3025974359731        66.9510705362999       -17.0795295889104                       1
        88.1912745482028        83.3682506996565        136.219464672037                       1
        207.067468903038          63.60476898863        112.390882421047                       1
        365.868070940191         77.151640625592        62.1601303988935                       1
