TEXTURE AT STRAIN


B  50
         142.75236081278       -15.3428847954968        80.0559974831764                       1
        137.003221539613         14.728637941239        81.5775627288791                       1
        51.5731859074146        7.25605500589791        218.409747233586                       1
         145.69101938313        146.695924009888        43.1446723594471                       1
        107.428927697289       -34.3495165497438        14.2973157273643                       1
        103.529318637424        119.995372428459        119.960684447227                       1
         289.49716450473         12.277895407268       -6.70687445746046                       1
        305.418391586821        16.5326430315711        37.0027220749108                       1
        359.042967493832        26.5012217842325        146.411116207545                       1
        177.599864665204        14.1307409242548        188.976961678022                       1
        387.190354682721        109.475583043877        30.5615836311917                       1
        153.945536744077        168.148380203819        128.588566231569                       1
        446.148567619519       -25.5487255742211        305.599566911244                       1
        338.032695318005        12.7237116332477        27.8330711819714                       1
        363.708472384195       -4.58014044152387        104.091855224352                       1
        65.4731534598439        16.0885603973779       -39.8924704962613                       1
        68.5969534693804        159.643546440743        127.912246003366                       1
        354.199447502411        5.63573699109329        152.808951223674                       1
        225.928593759964        19.7288846057592        57.5042528130541                       1
        302.617973449924       -17.1984731040647         77.805121268868                       1
        311.186002068948        20.1627408323357        71.7183580979772                       1
        339.603949971691        20.2995896478999        112.637179751769                       1
        233.807902036688        11.4792411409276        33.1131783455036                       1
        86.6661438659637        181.779726390172        75.5023728056415                       1
        255.256338297822        3.95263484610776        131.592616836866                       1
        166.178632705381       -22.9285345390341        125.623465739761                       1
        93.5270686404585        18.9676559087743        90.7128403229696                       1
        270.521840748776        18.6542513126677        229.928300018247                       1
        194.339508003373        18.1952437292035        11.0194973520141                       1
        289.508227576507        17.0523798432192        191.903596023768                       1
        394.760361816193        21.1566203966883        154.014720137157                       1
       -67.4132999081665        16.8670981167741         69.774763378077                       1
        244.030907633735       -1.91403767862533       -117.279550198117                       1
        88.8708426945828        59.4790078049455        109.268584876892                       1
         290.63244184404        26.9915525785758        158.694798785588                       1
        292.656336774302        38.1696680149783        170.295016701583                       1
        233.710535148682         11.003681586297        165.815263986707                       1
        345.756027544199        16.9352990624183        142.342324612703                       1
         41.881177157421         15.128743434341       0.864625033721956                       1
        35.9780598480771       -57.3547355996514        84.9925265785887                       1
        314.729353586741        33.3979513152764        167.921521324947                       1
        306.984728873375        24.9227207917487        163.506245624679                       1
        143.315754101112        1.13245505011552        28.0535293058973                       1
        87.6877054241191        152.834894032083       -15.1864600813738                       1
        16.7269988204784        21.3419675102769        188.132287458293                       1
        346.135315347245        32.2571956882466       -41.0003663938107                       1
        372.064228036568        22.0732643489497        154.952751214773                       1
        250.617070481422        14.2255047144717        125.364097714776                       1
        200.022112690192         169.99947845084        90.9142662526182                       1
        312.956151807299         26.627540635916        6.63517964255849                       1
