TEXTURE AT STRAIN


B  400
        276.078654140654        92.5260003187211        83.2609935785735                       1
        187.052105900042        99.0854347167827        19.6979987916433                       1
        166.004052984016        82.3811216573103        121.978361548049                       1
        155.752003335276        70.2989736694903         77.092089866702                       1
        155.826710774559        18.9583209186829        107.351067252602                       1
        162.552620009832        91.1155627898121        142.930593551514                       1
        238.168068974808        44.3312087562409        40.3675523027551                       1
          184.1846829111        94.9998469405203        87.0497664228329                       1
        347.443696699318        11.7624020097855        81.1574043393175                       1
        76.1595532588601        105.913391055079        26.3445867447528                       1
        241.123021587298        15.4274282210001        34.9660836801276                       1
        75.6898629230175        138.483858672551        188.720771984717                       1
        275.657561381531        67.4891586455118       -9.12263497148063                       1
        286.041390987001        79.1310203476537         37.177514769839                       1
        84.6876038734317        -13.211889559839        32.7264636202501                       1
        223.872704337909        87.4239797119807        134.099937062896                       1
        220.442600441054          11.99334031421        63.4073495320457                       1
        235.626896345961        75.4998626841923        101.099413205544                       1
        42.7954759206905        35.8686454544282         26.573193717258                       1
        119.710643607899        65.3821750565322        149.891316896462                       1
        102.800001011401        14.1884132505749        109.174376094779                       1
        262.602347542045         70.665103337033        44.8326609407609                       1
        335.370298891096        63.8301103852669        71.4141515243541                       1
        216.750620612423        94.9036062209015        60.6936385073047                       1
        311.767048720553        85.8815888222173        74.8795532689358                       1
        179.336158936875         74.029333246886        112.081031112135                       1
        210.389011466873        28.8217932989509       0.817568595765543                       1
        23.4775148660105        95.8888145125486        68.0175194416713                       1
        217.891907769003        116.242895032138        119.537553319465                       1
        174.821518350229        64.7197350258818        152.187464565606                       1
        86.8014148229208        13.9553637398456        6.43976534785619                       1
        101.499573008872         30.854222882593        12.2508902675592                       1
        180.564411329462         10.718622306623         122.81686500018                       1
        14.4258759800031        16.1950987436806         89.516050567842                       1
        152.402833090712        53.7262763488247        15.4828486540884                       1
        45.4771970299892        49.5754170067108         93.497512941976                       1
        185.400910763348        85.6172419612933        127.604727340286                       1
        351.493141079397        101.469807992027        95.8782177327963                       1
        312.013020523013        23.5401949924937        12.4305115650788                       1
        186.779965138051        37.6488694890947        42.8971866798757                       1
        85.7814447000788        57.6116831693062        65.1558090649945                       1
        299.378077344283        48.6428025937612        85.0351107945038                       1
        144.894221497041        101.305456120782        111.595795530102                       1
        24.9544223020142        48.8274137744195        29.9096232132077                       1
         60.105525562462        18.9094952371999        150.221631140367                       1
        23.7419163226576       -20.2438188899666        111.954577343807                       1
        256.217121408426        71.4771891385847        112.040246787802                       1
        329.283328566001        71.2687075190422        97.6963301265907                       1
        22.9388581204893        93.3599606298183        52.2554608222663                       1
        289.718949569177       -13.6813409323083        175.597644060529                       1
         129.62964860812        60.7316060237972        76.0360578954054                       1
          167.0448868595        73.6531094760004        100.263201371366                       1
        31.2818390398403        9.64355387429876        91.6607518365002                       1
        348.992875054303        77.4212974978254        97.9232483858249                       1
        10.5965387353951        12.1439543339395        15.0475477801516                       1
        198.438520608164        43.5860032395463        96.6838038161985                       1
        147.711388856929        86.2083690716978         126.34320538443                       1
        194.015645728243        63.1508153783647        22.5105259724209                       1
        219.892348938723        102.916578142394        47.7853538735948                       1
        304.556416086263        3.54571689177064        34.7547166816902                       1
        295.213645167768        16.7746267276459        107.999765674763                       1
        172.241850173612        90.9124307311729        29.2843453985901                       1
        102.756047911498        92.9845630778198        36.2528283557896                       1
        205.144965585185        17.1167057065226        177.734986168661                       1
         55.100226715421        68.5360495753287        91.2466099096569                       1
        42.2517596569434        59.5671246453072        118.200319194415                       1
        5.09263801007991        104.276872912977        63.2227614970844                       1
        280.139886964892        38.4010320151912        201.544282086135                       1
        255.424398442944        65.3498990596698        60.2096284051869                       1
        224.019533537184         100.46137626302        137.109841090977                       1
        203.093060108049          24.81285979361        87.8779038551978                       1
        -14.262838676613        51.9465652529072        112.929360361582                       1
        37.6966424866509        69.5425873753001        113.496296311123                       1
         249.78365307688        51.2060072579671        136.423586035858                       1
        340.914866119099        113.953352700793        40.8212523950135                       1
        106.226542575919        49.6920303739111         167.76745755762                       1
        42.7855623682107        88.2039897408744         145.50515739246                       1
        58.9701444840563        59.8316872166755        23.8051620573469                       1
        250.748090743332        91.0138829002651        121.964964769737                       1
        196.531765642146        55.5786612194911        120.355524484613                       1
        211.629357052136        22.3008066776963        69.8332912376395                       1
        337.823915692502        89.2572537531167        30.3645494004436                       1
        200.088040388041        117.720717577631         11.265174247994                       1
        36.9075387408257        57.8634523909543        177.777881374458                       1
        326.947312317665        47.5560305153963        59.0538607485547                       1
        274.495194099523        91.7134423068049         129.63747451502                       1
        222.994517102798        108.016706699555        171.928213073732                       1
        50.5400757962978        51.4909749214822        51.1128098870776                       1
        123.782533709145        65.5164422445953        128.042192252544                       1
        37.9874780433427          62.65768440782         85.676544287959                       1
        207.491207733834        71.5519754344179        155.682075163909                       1
        330.528019975487        59.1392578416372        134.284117078308                       1
        294.396539758949        61.4920181631493         146.45214716574                       1
        282.224652892097        75.5658994319848        152.297874171897                       1
        19.9193464399407        70.2777874572437        46.2606370594393                       1
       -17.2471415750108        58.2401138173269        30.5106227207837                       1
        329.951714295383        48.1174224830474        90.1996507062971                       1
        57.0886878958595        91.2849140217538        104.813939288832                       1
         123.81297151679        65.6262269087282        -7.4356827773195                       1
        39.1335943019667        119.631480318052        104.118876566713                       1
        198.373196318768        55.4085462908541        131.210292332784                       1
        305.389329881692        60.4744702917565        102.500769621199                       1
        263.346651404431        75.6797988146112        55.1611297978414                       1
        309.817968383453        50.6143539298899        93.0053214333677                       1
        19.7957320413929        83.5273916650126        125.203239557819                       1
        137.913110574711        40.4314958744206        20.4030321605122                       1
        254.410282807732        49.9560923499275        151.652093789636                       1
        328.190460509326        83.4258689390839        37.8813439372899                       1
        216.166913241078        7.73815051422687        144.631050890355                       1
        123.973491379773         68.581092054734        103.335018689138                       1
        152.044270647026         18.093636274918        177.795691944386                       1
        315.841112950925        14.0928710692198        142.992670123248                       1
        111.826177122036        73.3849402771228        91.1990482498083                       1
        136.412265169884         17.532678635434        34.8326365391756                       1
        156.544728432465        66.4437039878093        134.995260039477                       1
        40.9075458183253        57.4066655452493        154.367491955808                       1
        312.136187763908         73.524786548523        106.331075761558                       1
        102.914861539171        64.4948426196627        179.599788160482                       1
        239.338149925777         82.520863809856         30.513810048081                       1
        178.566043604693        59.8048639196789        140.905368227843                       1
          299.0870263247        73.6086973018145        61.0404879263298                       1
        270.371601457217        19.0296793008224         49.983615736357                       1
        282.803509688687        27.9092731982611        57.2344368449024                       1
        193.932088531065        74.1376655425003        109.956391954247                       1
       -8.98585579183922        66.0531355790995        145.434518254088                       1
        250.867663101979        70.2635982647565        144.309197105515                       1
         243.86487135053        64.5745006838515        40.9956034183426                       1
        129.137327065645        27.9703164540944        144.025924179151                       1
        231.655151173329        101.601681416148       -11.3421395941123                       1
        324.125391501097        57.0689975006497        185.009194443625                       1
        126.183304583461        32.1975371169613        155.860471062581                       1
        58.7873312172186        96.2330281096963       -52.5273836885207                       1
        317.984380533871          78.44147188252        209.900865522876                       1
         124.81715348978        38.2543479013821        12.9852087943174                       1
        137.566483473447        121.962713438019        123.392217189279                       1
        179.575827261594        72.7483175393375        96.5338198509268                       1
        330.185103080571        85.3594148945226        49.3420662704792                       1
        29.8084275898718         106.57682605814        56.1722112304637                       1
        132.248187757043         47.151960775252        37.6462684956881                       1
        47.8533445077159        94.4497719267936        113.722261749684                       1
        117.299504751757        52.7095453583839       -13.0995991714284                       1
        117.165506148784        91.5511526610512        58.0671937654787                       1
        190.565217319285        69.6398206354758        156.522903897542                       1
        163.160357129463        78.4245892349214        160.369354961183                       1
        233.819026024293        64.2466207009777        82.2653343036544                       1
        302.765169897602        90.8493341754653        69.5266461989904                       1
         41.278930795274        24.8431009950891        161.871056660286                       1
        242.821186010624        59.1086599108954        110.713376273722                       1
        161.067555481418        79.4696743705445        128.170567460133                       1
        279.187729698177        59.9926219391629        79.1977979790942                       1
        352.981294562173        97.9557486219954        50.6591803611361                       1
        306.795783089241        68.5228071181309        200.496369299709                       1
        255.313382399395        62.4208778658365         97.951292581449                       1
        188.544940956631        23.9268144278425        30.5659643904718                       1
        240.236366556092        54.6703489917554        171.047716369048                       1
        254.182554365557        53.2492663054283        41.7136476824773                       1
        319.043828814984        57.9162473738404        71.5358410472111                       1
        113.593672118098        43.2514093553682       -6.09802653915253                       1
         372.08255567681        82.7836018155695        76.1340492453294                       1
        57.1515033806177        49.3802219830505        154.637368366642                       1
        118.058045684887        52.2184108757012        98.5700066070641                       1
        205.749108896058        60.1571651899764        66.6670863413427                       1
        244.868177035003        82.2265298402261         64.882205142875                       1
        292.025619965104        68.3614380398415        94.0529989704025                       1
        221.627080273213        25.9450615542562        151.787527630842                       1
        138.350888394089        72.9363544014285        141.473556910459                       1
        358.152783117929        61.8014944460522        61.1570551934391                       1
        317.893610863291        61.8870149207643        67.9841736621608                       1
        326.851355546794        30.8122169528392        140.214279229773                       1
        275.192860469026        71.2390590253108        137.808153974999                       1
        333.875455243296        75.4691697161871        141.153479368413                       1
        257.794182492891        80.3781294977095        34.0914084457197                       1
        148.146337082472        110.665766949056        130.444436968849                       1
        180.580988072319        64.5961951234062        78.7521559231855                       1
         273.81307214328        64.7248425361316        146.274087000379                       1
        171.547252931417        15.0748858369119        161.102343480576                       1
         120.17573062285        95.7283719565998        88.0775012427287                       1
        332.961720203734        72.8443949138182        195.668803942055                       1
         328.92930438589        66.0604674783871         90.938686094244                       1
        141.109992307965        78.9547235469464        124.832885944341                       1
        285.685818896011         48.455141629531        103.553084148895                       1
        3.41283992212907        30.4477591077317         108.03300380692                       1
        134.897773161228        22.0706135606527        90.0085453003929                       1
        20.0553902189738        48.4638311072578        80.0597243094909                       1
        326.162556559436      0.0585679041349513        85.4609960198081                       1
        189.130330156763        9.74465540771439        30.4092128550323                       1
        178.333400766021        87.2287070372423       -34.8824626823363                       1
         112.15042232532        75.2312086254364        74.8069509051383                       1
        98.0150486394043        77.2638258538749        116.974492767431                       1
        343.831435005352          44.39140002488        137.948917339013                       1
        121.728768389727        83.4146370150944        152.136467039021                       1
        226.090004090991        42.2161724374003        64.6664339169442                       1
        116.371245858542         29.324529893249        153.073216177956                       1
        231.803996423817        52.1004971354005        99.4256750321076                       1
        132.564607550725        49.2644972414926        141.131992340556                       1
        260.547929663669         12.069354959166        71.0183862275517                       1
        305.988618088366        61.2498688837737        123.406079447599                       1
        48.6952475558208        79.0017560985639        64.6983729142544                       1
        59.4684748732373        78.3036258032746        28.2495805943338                       1
        254.595177459542        23.8360595278032       -46.6224314289437                       1
        255.721342514483        58.9633459845136        70.9410702000423                       1
        131.695172501204         56.179461842421        97.8214356645698                       1
        78.2475842558045        70.2118196607906        89.9742369368287                       1
        69.6829828915057        93.2870254016769        36.2748737616071                       1
        52.6196147486574        85.7838433294157        170.693996130583                       1
         48.033700549383        60.9151995615352        43.8907166086789                       1
         213.29170453082        73.3326676958541        48.5588540003943                       1
        343.705154172273        58.2565205180061         69.602639152799                       1
        127.817829876967        29.2553952236444        164.102261666551                       1
        12.2649602396275        109.347207060356        51.0083954291925                       1
         -4.641560193324        91.0373707363529        39.2983358859294                       1
        129.557616023477        101.838246660158        117.885789880641                       1
        150.949255599734        27.9966109470462         190.42032794743                       1
        112.554401347333        56.2863377105601        123.048543991872                       1
        91.8186686779956        10.8070513272508        76.7294597207415                       1
        281.565991726806         53.032973918202        141.765043874101                       1
        263.312761001933        -20.204827708646        39.0954598429948                       1
        231.431192553539        29.3114987101067        116.263624508927                       1
        185.271946000684        30.0407593681646        114.160238112313                       1
        260.245280499555        14.2897499663051        48.4721056555418                       1
        238.825671893941        31.2118182563224        41.0614554171926                       1
        242.876195486076      -0.432127946134277        70.5119293417767                       1
        69.2660448382775        81.4055256713641        94.4604068980867                       1
        60.5047690185189        82.0454075121232        123.993991267725                       1
        77.9804789962364        19.0246058622881        186.893364539517                       1
        232.977001820888        4.36742348643619       -13.9447455320699                       1
        345.338965452582        96.4007441780079        112.750207773114                       1
        103.740553694472         54.362412254701        99.1567810678527                       1
        345.330214637506        42.4029102804967        162.771193417127                       1
        36.9527934327119        95.7673571165376        106.075007693128                       1
        77.1501968881378        70.1612871540427        27.9518840787566                       1
        3.26246425785364        75.4354937209776        53.3441052033842                       1
         369.30093051725        32.7881818719516        83.4617835561274                       1
        229.799758455878        35.0838498082687        7.88637785704723                       1
        42.7299780440946        107.678314077961        110.356411212028                       1
        165.964575195636        21.0548730587422        123.464532731874                       1
        259.829389797874        93.4872567608136        17.5872606971352                       1
        344.279447637173         79.838386879984        42.6150627014578                       1
        171.647406379278        83.7262246672985        110.038876332717                       1
        228.614600794307        107.786874305647        150.697076857716                       1
        149.560566380161        41.1612307654548        177.645850631492                       1
        151.685020218752        45.9829298615992        55.6399657292898                       1
        64.0643177549966         67.855472064621        75.1444495014246                       1
          134.9830159247        64.0464887054566        111.655279258562                       1
        113.940231695248        33.5815771691515         47.225939527964                       1
        40.9048058754674        80.1159483890532        97.6255623020991                       1
        240.090503333813        98.0518062489091        130.691166840658                       1
        63.4025096263161        107.014883385489        61.2382284579644                       1
        22.0023976479021        88.0045830112637        37.6045357675982                       1
        243.046103341399        55.0127031132506        130.284302393112                       1
        189.332515257412         77.523361784061        140.144050417388                       1
        29.1995748647245        78.1473743570817        61.0775760980563                       1
        33.4259048236731         73.306217004126        45.7652460155638                       1
        25.0123278132059        34.5815735102239        8.35900712836115                       1
         290.89178179638        64.5454252266255        127.588034968012                       1
        71.0510882972685        50.6176777793349        169.635973484784                       1
          66.67809021117        59.4817122449881         87.070261897166                       1
        138.367061598373         92.767122184017       -19.5442344760459                       1
          172.4160680805        90.6089844189754        128.807455973275                       1
        362.499597255297       0.860418928876859        134.029632965102                       1
        366.242694849586        1.31323067935126         104.43400786493                       1
        316.810585022944        76.6965559786006         38.332167858852                       1
        29.3181015864679        101.909950534949        42.8375237542552                       1
        21.5310351667978        70.1955869400641        63.0005445752623                       1
        346.118906591359        79.3449652092974        66.0157162653663                       1
        186.291270100841        122.203287333117        21.1318890039734                       1
        157.344652820016        28.4931788918939        153.457242699169                       1
        354.917869860708        78.0149384532604        26.5296467063039                       1
        92.8034002822408        15.9557945170972        56.4470351480557                       1
        21.9020910868057       -35.5072505694385        79.8521429629677                       1
        243.769147102147        21.6368336676667        166.224992623497                       1
         207.69786187021        95.0987478385446        78.4559908360824                       1
        1.60492239109547        78.8713820828751        35.7500303981756                       1
        161.051803191731        32.9737590401032        110.405094036728                       1
         131.83417963961         82.473877930095        68.8717011048789                       1
        91.4914324832519        39.8605254018833        18.3619327008112                       1
        113.207106812029        87.6058910000966        94.2899008833711                       1
        211.071238550807         2.7670121603811         51.805279353819                       1
        69.6764139197193         71.219287405885        179.316987378015                       1
        307.589843328039        17.6128514477433       -13.0443274674433                       1
        80.2791417066967        31.9076792858594         121.63114040656                       1
        75.3252905128018          -34.1794521849         112.83385870285                       1
        103.521450470037        11.5407006360477        84.9328277873738                       1
        222.637834567968        39.3301303875402       -3.52919715825619                       1
        302.092191360987        105.424139787579       -9.98864845077051                       1
        348.185219753092        16.2440447458627        64.8501172186827                       1
         248.36510654434        42.6758951113882        72.0903844631721                       1
        338.196927707038        58.7515227796532        155.527146756295                       1
       -21.2435588672782        71.0007922017209        56.9667989099467                       1
        160.530190804915        15.9599438035314        61.7625672781771                       1
        56.2502619656714        59.5396747949006        69.1075891952919                       1
         256.68811538037        63.6769698195176        143.870178348176                       1
        336.167069179854        63.4887889275396        55.0406115806874                       1
        112.821802997028        14.5106519900097        18.1197102425814                       1
        137.219102519126         58.521185139586        152.366972117718                       1
        303.002396224718        51.5727714792737         71.226352910531                       1
        218.758746675834        47.3680211107721        79.5226422655994                       1
        237.992513278738        43.9858477199276        114.090018904043                       1
        171.237751994784        66.5795958737176        69.2786250804496                       1
        104.850378794596        32.0042115624557        34.7074446303885                       1
        48.9659286707761         65.522707037031        70.4141239952258                       1
        48.2476128478772        97.9472061980124        66.5721094666756                       1
        230.431637905053        9.65112860254513        117.029814275487                       1
         310.22082219846        88.4808775281942        47.1104031938765                       1
        168.580941040848        30.3163892542503        121.711569322666                       1
       -8.02494184127156        66.3276890638738       -7.09934264710564                       1
        320.194803679058        43.6068176552945        42.0590499187301                       1
        135.690323692932        12.9882766006538       -15.1572160318214                       1
        298.615720616028         32.165243834273        95.8041550282732                       1
        346.518098083181        78.7679869383269        46.4474241240137                       1
        194.408855526336        80.5184176024704        7.46853956999924                       1
        39.4182441907989       -24.7298718634644        79.6669099641662                       1
        222.845903256685        60.7095633489709        138.105667656628                       1
        47.5648162931263        97.3104559353866        84.1521584323823                       1
        201.827528040666        62.5990004681991         94.298278019286                       1
        262.754906402303        99.5965672803295       -13.1045792880762                       1
        179.413325039504        79.5389942860506       -25.9570613442649                       1
        135.671588299536         77.912298949114        22.2534822295306                       1
       0.895595092315558        28.7531218539765        62.8671428465165                       1
        147.043138276227        63.0351842462539        124.174446679161                       1
        269.071536132369        50.4673568695614        100.152793955308                       1
        155.693140355025        14.9750735537777         146.98694820561                       1
        175.000984454793        49.5288923952575       -8.66574776519215                       1
        284.290533350309        17.8665935866753        24.8054560054219                       1
        340.521696524748        23.2278250381292        159.579663462993                       1
        264.409168436632        42.0422888215889        32.9709081974023                       1
        185.499652260527        62.2627529111793        92.4245205161822                       1
        200.410834930322        75.0420952391165        144.981887583396                       1
        261.727220611274        87.4881330657019        159.918936537578                       1
        225.515974448984        65.9328563500146         130.06761764028                       1
        246.503971165387        78.5634029766102        91.1031687088241                       1
        108.817916872075        68.8863318230641        140.187005861684                       1
        217.991618248067        49.2692562379759        121.164515621734                       1
        94.4686101726877        15.7217533769502         135.97053479052                       1
        287.956361705605        84.2539589800216        100.775212187652                       1
        130.286071266851         29.437544517304        17.2127494309328                       1
        192.012434394097        74.1231734072066        66.5960175196759                       1
        263.074953533484        81.4774585060338        74.5782609356069                       1
        37.5243288987886        48.1347201304973        161.020531657459                       1
        6.02519608426098        11.0330652357294        144.008461318956                       1
        54.2904775681128        26.1867274510706        174.787260954064                       1
        259.388247969107        25.5512017251682        32.7576161444158                       1
        157.068186334259        97.7543065670288        117.261440756322                       1
        176.828574603694        71.7566918624015        133.560588988208                       1
        87.1601944972066        99.4127622799361        62.8935519247232                       1
         96.966227646565        68.5068084107131        99.5061286581884                       1
         29.896768013324        44.7747148777426        56.1950135612884                       1
         53.375412076106        35.4463148750812         164.73422074831                       1
        331.299431712803        88.3838304446564        86.3089635708241                       1
        60.3541732302928        81.0426370147844        76.0021711037676                       1
        37.7838137442126         22.665859074139        98.3723151873318                       1
        323.173450408191        45.3922932240194       -6.78467939491042                       1
        35.8777466380763        18.0268333629093         33.268277507328                       1
        238.254151174541        64.5962150416513        58.1341401173456                       1
        306.838320121442        69.0811310663325        71.9768221272886                       1
        322.376814222189         64.210327149978        76.8318788410435                       1
        292.239072369209        103.070329118185        80.0333445469622                       1
        294.665441947972        67.2448074371432        92.5111944262672                       1
        149.911603719668        86.8088562818153        23.0795779174588                       1
        217.471278806258        16.3760064570754        23.8277925031311                       1
        346.544334072019        15.8896939405709        50.2903853859436                       1
        128.803141737886        46.7303551997087        181.699829677126                       1
        59.5209320131908        71.6011047186978        56.4177339243505                       1
        51.1769094442495        76.4694321326949        135.754052792322                       1
        85.2540500570793        28.3688710459348        7.45013419645921                       1
        296.729413357961        76.9013316166537        139.031034480636                       1
        188.120560196758        82.7562914276251        103.946846925546                       1
         364.60695950415        91.1744928826591        181.416358284715                       1
        272.854085567186        76.9470448718349        159.343060328895                       1
        28.2521610333526        5.53796504436298        16.0673044405686                       1
        57.0762728264539        66.8321714579847        48.8337565599066                       1
         193.46882593649        86.9545308936923        141.034310705752                       1
        312.888585171114        100.069257997285        73.8008958157209                       1
        313.877467826079        75.0476080116929        84.4068225095977                       1
        71.4348410473612        81.9374604445432        132.285584509632                       1
        29.5315842662548        89.7725084271071        111.385902091828                       1
        266.962574742232        54.6993814683149        161.382047051003                       1
        29.5215988833823        21.0389679200726        26.4394757066179                       1
        264.723601136571        60.3317051733363        20.4181131760716                       1
        233.893905591409        67.8100713532518        57.2498000289687                       1
        175.803181748736        17.1079980000179        58.0748248146489                       1
        56.8856250331102        42.3204116001115        32.4223992583925                       1
        30.4817929312798        66.0455082314958        26.3967498297585                       1
        172.356156694888        58.0331577675502        171.760216198396                       1
       -2.06765829774041        44.6445237437906        73.5253596200805                       1
        249.779521918681        29.0746919017639          8.501603468973                       1
         332.89490776627         30.836745913896        150.513880666209                       1
        269.888763195256        53.5943805408782        127.227082845291                       1
        260.172574321502        34.8418497346864        50.4981391197664                       1
         148.77542488992        70.2869373781368        68.2898357752465                       1
         321.33963543925        74.9398336853687        58.9132466883825                       1
        248.113853602387        90.1128653756909        131.999064174523                       1
        8.06728808381849        92.8068059638072        57.9420516339798                       1
        151.819264803108        82.6595223393613        54.8223136448711                       1
        317.886871363114        63.8723091315678        48.7458886750044                       1
        61.2473316893467        63.4374463675656        190.711813521334                       1
        274.244295851912          66.08673953851          95.90015291131                       1
        245.025907081739        74.8104692368988        46.5176269812875                       1
        343.692114139914        76.2458026604879        167.323144680847                       1
        110.646931965016        51.9851454487831         63.135964241372                       1
