TEXTURE AT STRAIN


B  100
        97.0613124931324        96.1551674257443         23.779172739551                       1
        321.433556206817        97.2156769195513        156.606917312351                       1
        24.7335191777171        71.9701002917222        118.948809809876                       1
        145.671244894556          46.15375218407        21.4828174840591                       1
        7.07568615098604        103.183217030249      -0.818228994615728                       1
        125.172312489593        70.8619436643131        91.3338816805658                       1
         325.29480808984        46.9494553663614        117.461715226592                       1
        154.493130099343        87.0730167899653        191.853317980774                       1
        177.437794135363        55.7666934626336        185.424547492357                       1
        44.1641171926083        81.7632135410525        93.2863029409347                       1
        225.951754953892        58.7185695388131        82.0268205433031                       1
        22.1776688907934        128.432635903485         82.191834296062                       1
        213.091117618318        50.5701086086008        75.3156062446377                       1
        240.976194748146        57.4828738005169        64.5077306877577                       1
        7.34819513391913        121.067888550666        17.6360601935746                       1
        221.223321671372        48.7811632512704        27.7508698067449                       1
        114.880838974908        11.9114685184239        59.0070880660211                       1
        29.2503428034549        128.045663354861         39.866632124525                       1
         20.224135668317        140.656625299081        24.8698315530416                       1
        213.778621952747         42.878335351776        71.0880034712633                       1
        195.391139880956        45.5324543059465        69.4976381659537                       1
        248.843725712311        33.2297733186692        54.0283520645332                       1
        168.476394910519        35.9995104993523        173.237908802217                       1
         335.80542163192        102.889298334025        143.079260036753                       1
        151.016155505606        66.8699489743594        193.911455519425                       1
        249.784397335584        51.7688745151184        41.4187793420354                       1
        76.6384146941688         21.074580285065        58.6039945282789                       1
        269.417973614863         25.484153402655        104.136014918874                       1
        164.449551357212        60.8713048311313        40.8229350861629                       1
        215.955415442133        52.8245390106046        154.292991302726                       1
        316.062381406807        78.8682121046166       -13.8788176205348                       1
         164.03279545716        43.9687870877653        207.518817405037                       1
        250.315754823971        29.7594321867993        38.5129274524999                       1
        232.451652628585         24.168458714606        149.370488393532                       1
        141.557898450877        64.4481262183272        26.9660500009381                       1
        301.408878709688        37.1497314110076        73.1565721462744                       1
        63.1375132981112        78.6141342803908        80.8405321360205                       1
       -6.58198100017724        110.510791635785        2.07441080304831                       1
        233.473031342854        45.0114833858316         47.393098180625                       1
        180.347503843836        64.3876749961464        20.9665701939262                       1
        58.0496602244614         119.39872207824        151.365164514094                       1
        258.825636808159        50.9939052513141        55.1928224683839                       1
         253.50228860996        63.5002206909534        42.9986265009206                       1
        2.34765439069337        147.345742728485        3.36837081219035                       1
        236.731621335692        47.7602076055717        132.889476293217                       1
        222.462083109292        31.4683511323952        147.471674076496                       1
        229.131270157208         36.508317387691        72.4915115394952                       1
        328.853499524068        78.3499282837537        42.1940875094871                       1
        274.589711053188        43.2129435020143        24.1717575366939                       1
        178.540473775635        47.3149884116149        159.718268829408                       1
        229.000187907232        18.3375849742969        71.0728551261595                       1
        210.213546930864        65.3887095322204        73.2324418285928                       1
        302.276625016254        56.2077410519072       -1.61402761553748                       1
          147.7657221844        67.4895522164705        81.4578434877036                       1
        264.605778448814        32.1294327412537        48.0594411797094                       1
         188.25816233385        19.5135810881251        157.645610280476                       1
        196.893586104896        40.4771653955498         164.44077831576                       1
        231.891137127516        33.5486558171821        124.994421242949                       1
         19.186826580601        119.435691920734        13.1423080361664                       1
        136.541052813172         55.223020417048        99.0405792860063                       1
        320.744265393364        57.4713447719843        54.6508861125443                       1
        298.057432603537        72.4739380299842        167.097687359347                       1
       -5.46558488097081        86.8284880081648        177.736868898478                       1
       -12.7364794458491        104.278358890265        163.644688218956                       1
        -15.492547350435        71.7725052959071        170.904515999575                       1
        217.653856106253        19.2017506886179        144.520782037527                       1
        109.357438838411        84.9316908555368        104.981206962237                       1
        169.801397339127        83.4499118430788        34.1460030249994                       1
        37.9991743475034        129.525405469222        130.516250724894                       1
        228.897974198194        45.9354265871892        66.7583763980367                       1
        46.7574401653033        125.759886996565        129.955888994901                       1
        230.654924147406        64.3069329179483        57.1608943173885                       1
       -28.6857338568701        22.8557405028801        170.805989899441                       1
        6.93292886525815        73.7224937270604        110.950012515139                       1
        23.0660176617713        145.907813187283        40.0708982846261                       1
        208.628856495154        34.1426240212906        85.5720220231278                       1
        18.8395536432943        14.5751900468671        192.655522320063                       1
         198.19111868822        40.3848032093922        180.607331626994                       1
        183.333809004212        49.4445335490827        11.3425545561092                       1
         84.394301614041        81.2068841718627        154.210570786324                       1
        162.478806338387        55.5362979058494        176.825066865201                       1
        217.781788610344        30.1838356831461        63.1466474336058                       1
        339.297129959341        84.1481801573431       -27.6890049102046                       1
        151.305442753325        27.1089291708791        27.2508198808718                       1
        186.938865328695        29.8524619516384        187.011920101107                       1
       -9.95237003653485          132.3134859295       -2.94385112845675                       1
        252.790765633055        44.4784711945794        27.6489378370862                       1
        33.8062355380544        23.2139709986814        82.4336831939754                       1
        37.8645649981014        111.201327869307        141.278671094959                       1
        25.5107308285522        86.0652279597142        107.350274776063                       1
        176.245898438492       -4.88499212759377        153.323481119488                       1
        284.884929124987        14.5690615195317        204.745623358925                       1
       -25.5308667145054        63.2568743888968        31.6689323491274                       1
        162.643579104731        67.1739159491476        204.524096803087                       1
         222.01681197973        38.6647910468583        88.1076610326949                       1
        193.622088678483        54.2644542503525        87.5971978602249                       1
        244.442869868468        42.0261936730829        51.3588098902532                       1
        243.332650742794        44.1505478286458        76.1004545245816                       1
        228.454606957164         35.592969336714        39.0720796288176                       1
        156.190308125366        55.1756563132464        25.2042638500475                       1
