TEXTURE AT STRAIN


B  100
        167.313962418033        78.2318954277667        65.7114897724393                       1
         196.39883467534        61.0107117720586        56.8576424881513                       1
        358.576098868571        91.8735969750394        98.4277272904685                       1
        184.095755209032        95.2105324389823        88.1621935152692                       1
        199.061446401484        49.4735912718767        40.5749263058021                       1
        178.290571919582        79.4367267179103        35.9167540193077                       1
        15.8902469226692        91.3429849535715       -49.5565304592069                       1
        10.3519800738196        93.6969015207926        113.769615980896                       1
        290.911856203227        34.7310362136126        126.111564148151                       1
        313.669347607307        48.9445063193439        104.378126415996                       1
        207.047562189014        69.9862939793746       -32.3900782459943                       1
        31.8224868601059        119.664021223536        113.039405243833                       1
         135.69829562551        61.1536208924809       -39.0413910782037                       1
        233.100086516795        43.9536463072996        44.9813096095681                       1
        255.173462104785        48.7392232049921        7.38428082768797                       1
        198.834515677308        81.9982349641234        245.556832268452                       1
        317.375978340972        68.2219580879552        162.078902570871                       1
        193.137836188057        72.7348568661824        163.814133917896                       1
        263.757400189007        13.5689278780625        154.906836838714                       1
       -2.66433319081652        76.8133420705327         116.80115207128                       1
        98.3871278238193        27.0691670904404        282.744743060491                       1
        179.265619053432        71.5769534754998         74.685719712921                       1
        205.242099826444        87.2593397920086        48.7148442854187                       1
        34.5768341897002        146.125247636991        138.320981021444                       1
        219.098107907533         21.718968498404        49.0161512695209                       1
        183.518866909272        53.1494838251134        248.441723206812                       1
        256.161553347715        154.154588071115        27.3238007472037                       1
         148.34435153109        116.424530228593        92.0023744816799                       1
        196.228003653899        16.9986797912216        47.6766225878288                       1
       -9.54116212885641        90.6335171429219       -73.5428034249326                       1
       -32.2748615387804         10.940218253308        106.795592961701                       1
        30.8226317421242        130.391465289226         129.52202430861                       1
        162.762083004981        73.1116896963035        53.4149230236193                       1
        178.157496791298        63.0879303955921        236.955790574393                       1
         193.95075542675        65.8135413771396        34.4404527912919                       1
        283.541594347401        18.3760977926522       -13.5117526166314                       1
        194.806465726312        50.3127934265312        162.884081838458                       1
        175.865375614837        86.1910511907353        236.015457020653                       1
         305.53310656474        27.6436677801848        127.360443776778                       1
        354.025088552646        86.0981595819089         132.28121604771                       1
        21.4365350799178         107.17047546769       -62.5569520622266                       1
        187.426151437013        9.17232020394313        249.204635269648                       1
        7.89439765231047         103.63177619562        129.265955606971                       1
        238.978365674061        33.9163489221719        19.3263851062249                       1
        197.679739599505        67.9526576056572        51.9473012360848                       1
          345.6184758827        97.2695198240221        87.9043627660264                       1
        300.462839840643        55.1741251782527        176.751347625704                       1
        66.8192895861961        137.147619353191      -0.738884237167503                       1
        168.752444979814         60.753563934125        67.3329258520528                       1
        222.864185825257        32.0706030980144         15.006625505117                       1
        193.601750881429        76.0294915823386         83.570249481115                       1
        404.300210827963        10.5988329040357       -22.3262278145364                       1
        391.944492125877         26.138352142804        -21.552904368994                       1
        350.245765390404        104.554131558898        115.321712610412                       1
         177.03575862521        69.3762604314498        95.9522723289795                       1
          161.5160743214        96.1734627612556         243.11842978309                       1
          178.8098471744        59.5024118830596        225.994603681454                       1
        363.299577418074        84.2160079913623        109.592393539262                       1
        182.520333042684        74.3508186689465        49.6696133756156                       1
        154.878548397337        76.6298873980856        77.0008589281071                       1
        26.6129304770186        109.332810247681       -38.2722431863203                       1
        365.952126468498        113.462041344225        119.147107679863                       1
        201.964184790031        81.9947126068328        78.4550033452303                       1
        226.389555301879        53.8427917108526        29.5330014368136                       1
        281.349863908626        38.6010927672618        177.349417041892                       1
        190.346367552614        86.3071829973192         246.23237804421                       1
        191.431340052885         59.534631044809        79.3336124315453                       1
        316.091656618541       -21.6770463506216        74.7567694449553                       1
        18.1549961524755        113.228966843871         111.82669256864                       1
        391.112276744754        101.587130670807         53.434661231454                       1
          28.25966492035          116.8635515572        191.487404450986                       1
        39.2661519908775        109.370374049961         133.10760210922                       1
        256.495597967784        35.5474339224708        17.6903367615726                       1
        74.2462678885905       -19.8974347753079       -6.65862598687646                       1
        184.318615784616        75.6515946447241        77.8657082469377                       1
        34.9502685698435        48.0837005523998        151.722518787148                       1
        369.713145780719        -3.5832423087297        31.5668079363135                       1
        163.412226802951        63.2250903903951        86.2943170472811                       1
        179.265619427052        71.5769526328073        74.6857198453572                       1
        93.7186062978164        36.5354594153635        123.114615664273                       1
        32.4230149024533        94.9609682740534        119.360369181066                       1
        196.007351074802        96.6708978032504        260.637996830548                       1
        242.603900590151        24.6209150475868       -16.1003007880718                       1
         194.10954667157        86.1105667714542        37.3545052276837                       1
        259.130540372411        32.0715440499593        161.394214959554                       1
        303.797189148599       -24.3986185024986        104.581216904273                       1
        384.165800723059        79.3960107240424       -66.0838285455484                       1
        230.357685032521       -34.4993765417958        157.794637096382                       1
        266.747536197413         24.499071571623        170.875215018815                       1
        4.10534836630601        95.3256808259411       -56.4731057023242                       1
        104.205302183324        10.4567332622114       -45.1482755371534                       1
        121.432804475069        40.8460392694499        96.6551110645654                       1
        9.97743905192588        101.393418968526        37.4603942473188                       1
         59.682230626585        38.5558947336813        33.4301865150701                       1
         91.848722730503        129.233863894806        162.646906601889                       1
        229.212561817638        124.589790664843        53.4879604578616                       1
        346.158909172699         71.651970039578        101.565176483095                       1
        255.686820526178       -18.2580480159112       -39.0481683028057                       1
        91.9114747672062        -39.764130553617        167.237054629694                       1
        369.603318480516        76.3833620810275        128.679310278568                       1
