TEXTURE AT STRAIN


B  200
         185.11514211618        99.0487300105403        84.3223640387348                       1
        283.007871248152        112.077110907283        137.963036369467                       1
        10.3118011022434        72.3564733853427         41.689887382901                       1
        120.606187197941        42.2820059544149        143.162829370474                       1
        108.396842923878       -21.0672020321884        190.062615661845                       1
       -7.98895734556217        57.7288623398639        81.6561881330795                       1
        35.4213219506253        117.558845325927        191.352342658104                       1
       -2.73111238549995        72.7878097472936        80.4547555261881                       1
         158.27368156829        50.2331993733013       -27.6350179985397                       1
        219.632491790395        44.1322770677763        22.9220546620066                       1
        149.130074515471        92.6334233867705        145.200044201764                       1
        251.814756562066        27.2926733746888       -18.9914757935055                       1
        237.937859322755        57.7929044027867          145.6210485947                       1
         296.49593737073        67.9868358268012       -27.1571765450464                       1
        167.535688139172        32.8348472846848        88.3093554308495                       1
        143.421184055047        44.5845695389048        104.983709390177                       1
        231.369417485861        40.5755958380036        187.771174731405                       1
        120.749351627588        32.9506757024625        123.668998038336                       1
        245.274178738706        56.7184483323535       -6.76925018877606                       1
        273.745124112756         97.486929008294          82.53847573371                       1
        117.405940660272        28.0329658218385        22.5363386257493                       1
        289.363721605359        61.6348209915563        136.000120967687                       1
        205.638982319844        72.0049287435798        49.0734718336471                       1
        157.293660004644        69.6133818486954        80.5395015123728                       1
        188.335126305751        118.787873038886        103.901207865226                       1
        98.3257123708479         46.708527756687        142.074575411489                       1
        76.7738910245501       -10.0608734504915         84.068939465092                       1
        93.3621719556953        79.6803827185446       -5.01208302937037                       1
         117.57104940813        113.415976056762         66.189713387364                       1
           119.544354721         69.667954953588        75.7518940118649                       1
         302.56579044189        60.2246964073709        171.460921217547                       1
        268.348356408395        70.0985429488672         112.66659613032                       1
        315.773976230225        98.8535751797158        91.8363554246861                       1
        105.807715411822        2.40874360830868       -27.0323327322125                       1
         213.70484663206        26.8357580539343        97.6677203828175                       1
        202.848980965387        68.8205336098022        60.2753142377261                       1
        121.187124430592        60.6779300689171        18.7839835841675                       1
        281.794016342086        42.2705009464505        146.124582218405                       1
        123.869211315804        12.1883430706071        127.534996925589                       1
        207.441521171549        27.7995638876238        12.8246031844761                       1
        287.664948805124        90.2092804843732       -48.6854144545217                       1
           43.3761282422        107.745377014069        108.872387700873                       1
        303.629940542089        76.2413519908938         37.266976582879                       1
         290.77656244689        73.3101221004225        93.9097425175214                       1
        262.043298722561        25.6859446835533        175.016289647745                       1
        261.848270227266        26.8397541538537        22.6753576606279                       1
       -4.67597349573793        42.6206849513049        101.534294551746                       1
         187.27962872821        63.5274760957308       -15.0407130708573                       1
        239.189787262732        42.9458193544877        129.483178075557                       1
        24.8067210838815        80.9989244850174        24.7045511859908                       1
        321.671025728616        72.4067432037988        165.978161619043                       1
        147.493112057117        32.7022417371471        119.136759520529                       1
        67.9723413908188        20.0100090095972        13.5793474103806                       1
         72.816606480839         79.003953390422        101.752038553273                       1
        245.210837579545        13.0907412631034        181.187543626982                       1
        29.4629921115205        113.130092866975         28.081612710244                       1
       -15.4576585333979        16.6341741157459        15.7622272364685                       1
        312.789114839901        57.4562501582116        131.271527165613                       1
        226.295688978152        27.7082347748299        137.956924838652                       1
        378.043079372538        128.083039477754        114.585828593259                       1
         347.76954673531        59.9212407081955        97.2759775977225                       1
        245.310284567463        49.8365865016153        45.2634345116179                       1
        259.176935002256        87.0594700582736        94.6372380961236                       1
        306.254685707674         68.986222338913        110.048203498142                       1
        13.5470879823901        113.991249526504        169.784426989971                       1
       -27.8707918075691         19.186694556472        117.664546900919                       1
        257.423802862483        59.4040048299715        124.363992672291                       1
        36.7039424949502        25.5267262916395        97.3087274414568                       1
        260.417999442088        57.0132350091113        71.9049739903515                       1
        384.908841727959       -47.6268587289928        19.8554783855696                       1
        179.470344407649        45.5656352193729        153.952482769767                       1
        326.783650280641        70.8801031809217        115.949564842294                       1
        312.977605515345        90.7152347994044        68.7308724682406                       1
        126.465870149407       -13.1983968783811        197.139702520839                       1
        243.637703703149        28.9077666628259        88.7761077758509                       1
        92.3789423528544        111.710299288347        87.0733636308084                       1
        125.356099444481        56.6618057070923        62.5339336143591                       1
        339.940142209937        62.7612524501438        128.132190555572                       1
        301.747289207241        77.2960900589328        124.297755554452                       1
        307.824467627073        58.5016336356016        187.175287558494                       1
         194.97540553188        61.5038505477575        83.9781324977537                       1
        229.295389087411        36.4604944050614        180.379926386457                       1
        7.76821796656634        36.3254739481837        49.7875777001362                       1
       -30.5826392371994         27.341239400366        53.0259662997966                       1
        25.7788949359044        104.515175022037        148.727910236873                       1
        55.0580393031196        92.4700006237076        91.1507147536128                       1
        213.819959328363        58.8374752901514        141.716108699008                       1
       -29.3465512119665        44.3851002724989        125.560374796859                       1
        111.441919177503        25.6922267521104       -32.3631274080179                       1
        285.916764461972        81.8185141416891         75.106628156752                       1
        258.899653853674        25.9100377113406        53.0152576047954                       1
        265.797333898172          85.23574391388        10.8685225871705                       1
        247.895858806982        76.4498680862282        116.487472786622                       1
        70.7987424989245        35.5615313670179        65.8977814145555                       1
         378.44356917606       -35.4028969887018        49.5088122630458                       1
        208.308043488881        54.4432633899922        38.1769673726368                       1
         321.05793616287        60.4333866216766        197.695757453251                       1
        115.471071743043       -28.0077546285037        56.0182851192724                       1
        108.020934599387        84.6694150022646        107.628574296703                       1
        190.773447996846        85.0664638250134        99.7576711314086                       1
        135.704632580155        68.6468259153661        73.0739915865445                       1
        175.014132878697        83.6430966638998        90.0406621635656                       1
         280.83939236113        71.1305577073748         132.41868070864                       1
        124.168258289067        90.7255005566233        73.0803819612893                       1
        243.226554061892        36.6369261433982        109.051006542463                       1
        157.094009596304        27.2698300923097        77.7408446000112                       1
        290.300656366826        54.3735347078863        -7.6650354736517                       1
        224.546402564476         24.913362121331        28.8623448608265                       1
        217.523932216665        43.7021439724386        108.711939718769                       1
        241.961341741549        52.6047802181741        25.6288585507525                       1
        113.666126663299        50.2834036881985        87.4888047676987                       1
        35.2082736562535        97.6438779031908        196.302214292591                       1
          259.8647944012        44.9126580547835         60.427744806856                       1
        98.1034403066712        104.067806577311        7.33676538837528                       1
        226.420063209111        48.5314953958346       -5.17392228810005                       1
         249.67651710602        74.4254059921172        207.061008186867                       1
        236.508740651598        41.0341984036131        194.163843904324                       1
        278.514371427412        83.1676520121689        58.0311814244563                       1
        264.340573226001        77.6973576530092        132.620930347821                       1
        62.3547433617709        91.4332643918828        73.4120686159794                       1
        216.590762345617        50.9464870713506        62.0226713488968                       1
          3.187800885943        3.90942424888236        166.629358744116                       1
        237.790721517898        68.9758766151573        125.536358097916                       1
        329.481946287499         49.119103467181        105.665498344787                       1
        379.726578902124       -19.1057801030923        61.1599076911166                       1
        224.595427607095        33.5444127656913       -61.1405560753382                       1
        279.721750016263        60.4141103183369        121.380182155413                       1
        262.932506140183        141.640338720173        16.1769323867317                       1
        135.929994203361        111.138172495026         32.563621488557                       1
        83.0386965646358        62.8540467038463        25.8999847111266                       1
        228.402690942569        71.9260298922356        23.6731221694363                       1
        288.765782263484        61.0898338742757        153.735439778056                       1
        152.819155090712        14.5342867822417        119.400272660656                       1
        197.901304138265       -12.1241455848985        106.167656343829                       1
        105.077480252624        107.662993177652        39.5250312006352                       1
        204.667645204435        46.6263225252662        4.78675497581815                       1
        237.719731740961        14.4104898928672        114.477730749913                       1
        227.059631729018         63.623055346314        41.1460482471658                       1
       -10.8655339876168        42.7922334720302        75.4491495377431                       1
        331.442651932239        57.0431164183384        82.5428757894018                       1
        358.777519661623        114.009372148773        104.890620940074                       1
        64.0491632472397        11.1167759227823        86.8980430152173                       1
        269.843767025382        87.6768567135023        142.466493279783                       1
        152.769671115914        113.300724543879        -0.9900485031006                       1
        291.124424751062        43.6938644882547        195.064155422126                       1
        256.314076907488        35.7243579913403       -10.7108356646003                       1
        224.890011145438        62.4716193807358        11.5218608497604                       1
         221.10081308752        84.5069531718091        37.2280190327618                       1
       -54.9463228917966         40.989265012863         91.297663899473                       1
        275.551348644737         85.449993905627        105.017667962987                       1
        205.619839069853        28.2403977840605         33.533697530782                       1
        287.059678639791        78.0891096479544        121.076536327383                       1
        272.308130750465         48.054356322372        94.7759587490539                       1
        109.771253886059        100.949532931894        11.7490227599127                       1
        262.803015208338        44.0767413318417        44.0323551642347                       1
        360.356795439741        27.2179381918466        110.926152132913                       1
        275.563672118528        60.0937049691036        134.069408365502                       1
        299.858429502687        92.8190181546581        48.1356694119711                       1
        160.671389603981        8.18583224648333        24.0129328808703                       1
        149.245457827388        19.8559313873162        99.7045614277244                       1
        105.346675534321        31.2717201770423        97.8621740330248                       1
        302.367507667365        80.1312145645923        57.5564846050416                       1
        56.4025556143848       -14.5182584758396        322.571735686472                       1
        143.085880211792        60.9210159127646        170.636273620477                       1
        89.3525364405816        24.1310933828639        31.4550183043923                       1
         291.76430322221        94.0556170186076        150.566176768832                       1
        263.231394234979        37.1302205214255        180.350587385198                       1
        290.024625636675        85.2301543967731         116.84158159381                       1
        186.924598322622        19.0910137459975        49.2715136091237                       1
        226.924653327733        35.9811627428481        42.0488714228388                       1
        208.116730498628         40.498770956473       -15.0792604147891                       1
        300.068439468845         100.24027460082        123.784305158096                       1
        263.537141959529        69.5368219417814        -26.888813518517                       1
        14.4889751444829       -29.4168798782992        33.4085206813316                       1
        343.658332175327        77.6442365819557        95.0548917454419                       1
         130.78020672287         101.01331700617        2.17739254581076                       1
        319.384538216812        125.106129201177        55.0392906017228                       1
        127.251361360541         42.503615426645        66.5814694225312                       1
        186.046631232663        37.3951452958311        39.9303681012223                       1
        137.979513580957        43.9153825948653        146.419992373766                       1
       -77.2477753078232        13.8558130902683        85.8379237669884                       1
        231.361144451971         51.847119971064         14.973404149265                       1
        311.129463173954        51.9447122977853        150.135606387124                       1
        53.5063729083755        74.3303612870341        93.3345916680072                       1
        11.1493179593188        51.5992701908463         58.673813853355                       1
          303.9567487039        77.7262534321868        134.788765102711                       1
        183.520460206811        84.4097341448527        65.1203201322347                       1
        320.247734942132        80.2306943888115         23.135972270632                       1
        331.197554609076        37.0885703917087        35.4547165851541                       1
        164.986937577644        53.6440168345274        122.278448727852                       1
        212.991641564154        13.6483178709318        29.2552218185179                       1
       -11.9127191876568          79.57942423361         109.60072908907                       1
        191.686017126962        47.7253330792044        52.9458269106022                       1
       -9.70215331059899        55.4511111519339        142.593183754103                       1
        202.336285560186        88.4411685996234        50.4998163285572                       1
        253.058043641715        96.9141300049151        196.097980890572                       1
        219.228592005934        54.5846762074211        35.7870202523842                       1
        99.9760613642025        45.0747128713438        29.4791590710573                       1
        194.593790577783        80.9190075191601       -5.29039463729993                       1
         116.52058993416       -30.0972725678693        68.3553484925813                       1
