TEXTURE AT STRAIN


B  200
        99.4403838211208        33.5095895965957        76.0353003804778                       1
        306.511231961496        13.2996255528454        6.47723313973597                       1
        204.760302556554        90.8102704101327        73.8876338933578                       1
         43.652174618684        53.4500143271113        70.6970578917725                       1
        68.2741074314898        52.2632318459127        164.716527066967                       1
        105.018275085388        103.422401000391         171.63061894353                       1
        274.009922108116        97.1829687267453        8.66530722576727                       1
       -11.3078636792479        78.5856224442021        120.428674595755                       1
        257.979167719913         52.165609468348       -6.41167058368452                       1
        182.096287202944        69.6483239052935        45.4300280317364                       1
        2.55545558791203        101.965953384131         151.50416535336                       1
        416.730879611694        96.7466329660529        162.405246505361                       1
        325.382162090176        68.2663917438704        95.8169328266747                       1
         277.40406491608        49.9889900708936      -0.655290218895093                       1
        264.671543910366        29.4979938473244        -11.854408847084                       1
        236.933135880742        17.9581963641368        18.0331239071276                       1
        56.2595424054294        80.4743657314692        52.2350469643679                       1
        57.2815363839381        26.7350652524119        104.277499135108                       1
         45.543129377173        44.6460530499321        92.7251528599026                       1
        188.957613830751         84.037466964098        24.6048207821846                       1
        176.825265999257        84.4772327076494        42.7277227136085                       1
         167.14135214586        65.1419619625991        57.0652640247107                       1
        113.174797391354       -24.9250330090256        154.465585376023                       1
        174.179153296954        48.7756936388779        55.1786561473146                       1
       -25.8654465527908        97.6725746916844         64.245295626004                       1
         249.57449718282        37.4479353210023        6.66548505949249                       1
        92.0562858409783         64.722249521755        55.1563609068922                       1
        322.499966469812        54.8789083669299       -7.24635902088917                       1
        53.8040319183111        38.3746079282089        50.5807899396105                       1
        173.388871121207        81.7450694618522        58.4319992890521                       1
        336.529794524236        30.7284173881794         84.101542389766                       1
        315.056077791545        91.6703351361691        164.083929105014                       1
        125.186017414003        49.3597047222337         65.629995877551                       1
        121.017660251107         78.761696256298        33.8552363965299                       1
        228.071792127382       -18.8852715076027        124.748319798846                       1
        322.490929564114        46.9217009171152       -20.1040573406254                       1
        249.530699094071        32.2148113151676       -10.0690358863003                       1
        287.717756563741        31.7492320242665        21.4329951473264                       1
        190.425080436814        79.0706401036072        60.6800973822314                       1
        286.396304408589         40.501486387865       -14.2371846007271                       1
        10.0164752609778        94.3421947900447       -8.03985386323588                       1
        306.566385055383        41.8011610738053        126.065046565004                       1
        146.660962696464        121.478276991837        177.724505636602                       1
        173.468879000252        65.6363534123365        192.367441928768                       1
        217.726848145296        76.0605147702818        176.549321700914                       1
        311.120727837671          107.6445152786        114.274171931962                       1
        198.728891127353        123.638467728544        48.6007429742053                       1
        158.355353526243        13.2906341446844        102.818298974442                       1
         45.938762584984        88.8282529452404      -0.187845906289676                       1
        199.099331059992        80.2488400263647        34.8971704241422                       1
        127.312699458631        35.0162642575728        164.781526036598                       1
       0.379717284253762        83.8131779458327        107.010075452358                       1
        311.632378364841        78.6974979735864        106.633078727182                       1
         320.90306387625        93.8191307619144        43.1761690346833                       1
        288.797050842841        49.0473384884855        8.58495958666059                       1
        21.0493122375561        74.1059079724498       -14.8475130987792                       1
        255.475979640455         144.85350052498        121.052873228614                       1
        120.793932342501         38.450651590076        119.592149186273                       1
        385.159926967712        41.2792751359555        132.393789825256                       1
       -14.8548543940691        62.5959031830866        149.004570907277                       1
        283.155762882737        24.7654598425125       -9.69144886035584                       1
        265.356025100632        72.3858482543998        109.738515474692                       1
        191.652453176115       -14.9947770569087       -44.5993460065765                       1
        150.399875567843        66.5691499365997        51.6179128315823                       1
        338.744087965572        8.52826773375662       -40.2688402283115                       1
        108.119530478087        55.5616019194663        141.052481965455                       1
        174.918355871502        88.1456869064292        44.1552584491503                       1
        188.869526498926        67.2937168168002        16.0201198031254                       1
        28.4379275418438        29.8443180430893        81.2271638391568                       1
        338.661369573527        42.1287109093386        167.423048612764                       1
        283.147937975937        62.2536553475092       -22.5937357940876                       1
        30.5134825430112        82.8779689588832       0.378336864831312                       1
        148.843528097197        95.1346389789229        100.834701813337                       1
        173.209975607755        82.0535363433196         19.820382384213                       1
       -20.7790305470452        79.8092116984035        138.968327129227                       1
        161.417356176188       -24.2534599722176        131.103544568677                       1
        190.358605321046         65.177940121017        51.0553742780321                       1
        73.1438138336072        54.9441666844065        107.738339325242                       1
        132.223021024458        53.3815343657447        33.8616149352427                       1
        300.158150846893        48.9208001415885        165.242879209416                       1
        5.64906142376596        81.3566857218513        130.470902329385                       1
        303.443166183069        65.2060835769238        152.315971349402                       1
         96.054217534026        44.0618699967022        150.587999649617                       1
        299.641520651225        31.0898476554782       -10.7573434741835                       1
        281.698687797858         57.622537069678        21.9128318883371                       1
        102.731398938204        72.5439946364168        63.9063309280462                       1
         85.420064198519        14.7103116071862        27.2539192916956                       1
        263.435340517909         114.65666834746        199.417740061187                       1
        291.173309463902        114.116657695546        137.410946291859                       1
        293.929308391239        76.5448934258716       -15.0102984093108                       1
        300.085573218045        47.1544242795531        25.3590102244197                       1
        189.875555653805        23.6212100087627        186.560894303004                       1
       -1.92343843435408         41.764907276979        90.7735741669744                       1
        2.32080307695826        77.8082527532371         150.82831341521                       1
        30.1997862811381         16.741984886712        93.7689824011613                       1
        30.9843651973804        91.7862751785983        122.251512027217                       1
        33.6672225032443        61.3683163247669        144.176660521915                       1
        217.604013422052        95.7799660568022        158.458944195013                       1
        165.984246425116        71.9334827191294        36.1031253584152                       1
        282.184270540825        17.8767096154794        152.702507466356                       1
        168.923247626778        34.8918976706742         70.346096644145                       1
        51.4884848118707        61.1202199205358        12.4633528294519                       1
        12.2804329019466        83.1271805207066        119.550950538527                       1
        58.5236750209557         57.027279963562        26.0833912226287                       1
        99.8217528578387        95.2366266319798        60.7020164628734                       1
        291.747377090615        92.4991564753419        101.704437550128                       1
        152.299949238857        44.6536104547808        102.063688381989                       1
        14.9236890117576        95.0604340467544         135.97463877329                       1
        121.892725402742        118.385659485831         2.5373050545553                       1
        98.4834029406819         45.467229411517        169.232878037158                       1
        25.5404458384861        103.689776018698        12.4803030568024                       1
        321.406860892232        67.8244088268711         159.61324340285                       1
        286.317175674187        95.7835135449448       -6.44594808318038                       1
        330.259478716177        21.1409433189545        120.152369726713                       1
        16.0027904888882        112.022704670038        145.461589554993                       1
        48.0921891660625        32.1946128437522        73.1289946135423                       1
        17.7802309364005        80.7844528080852        85.0941898446877                       1
         230.08321182814        27.3881173152179        30.1803145478251                       1
        331.978846122758         50.241477500529        132.171528816946                       1
        47.0893111822527         76.770017664292        37.4050649324827                       1
        261.654222806448        126.880228798791         187.14317207347                       1
        26.8254329928628        31.8170269214955        35.4704984351509                       1
        30.8050395134822         121.39607561434        177.045077089513                       1
        161.769717263366        90.8905200710804         56.903433007257                       1
        120.216385695247        61.9931512727961        201.117103343046                       1
        259.581542769069         30.114746532063         15.896987095544                       1
        143.334012886366         29.191809150012        169.898564854037                       1
        373.194693337977         47.483825684364        194.922477268283                       1
        228.514991245688        69.2077329615467        7.16327452334083                       1
         297.05323118058        31.6821766717009         35.110080531555                       1
        219.396914793033        109.307686686305        167.521022334031                       1
        313.744546042248        45.1720825257208        177.214578116289                       1
        201.849972646554        97.7411433875054        35.2306890350063                       1
        93.7715125573351        21.9901059088482        36.0648285972593                       1
        5.63722338077379        67.2817420866337        104.200218182707                       1
        117.913205699557        85.2458421255327        55.3440629553406                       1
        38.3636715709209         48.422946501115        26.2795165069226                       1
        70.2160232435021        71.0044878459103          88.68681683473                       1
        208.453787709718        81.7382760845321        16.9520265550611                       1
        133.396583981594        71.0291748535362        41.1671181876681                       1
        204.839496557322       -10.8094390777794         70.484357345752                       1
        305.144411565699        86.3591773941134        20.2869134255151                       1
        344.952475619663        53.4547174456652        86.7699064904548                       1
        159.699418813094        80.5660628022738        46.4178155918607                       1
        305.871381903135         66.242427524521        5.39858417993736                       1
        304.302295745616        81.6270988805837       -3.36537540885724                       1
        54.6124851775453        50.6356911329471        128.043499029726                       1
        34.0133171655039        70.8760369173947        130.952769250885                       1
        324.797704545318        18.7537049412923       -69.0389081515585                       1
        343.704068107795        36.9423856448494        44.6860123916349                       1
        321.654198597116        75.3852258970876          57.20000630385                       1
        192.764667532748        -28.067646039081        147.222230999381                       1
        52.2857593931179        31.4083920919196        180.422269660859                       1
        247.595831944065        12.1889961848129       -7.37949413943248                       1
        207.449638588582        41.4917630982448        126.854937496236                       1
        116.327854894218        72.2714114141862        173.220863687811                       1
        260.666167743203        50.7902873192976        26.5965079444795                       1
         94.490703388626        114.469914932245        177.998600148415                       1
        151.753557723016        53.1989951108845        37.1010671248964                       1
       -3.47962510586304        47.1636616660533        105.671732752288                       1
        117.720937743399        54.8753602512326        53.7523835725775                       1
        190.569491615897        34.3426079724692        65.5213048972425                       1
        112.245239481932        102.069484161381        179.893536329939                       1
         381.32629737601        66.8565719348742        115.283840973809                       1
        326.138816041079        35.4448459308569       -25.9268370302879                       1
        194.477245201417        49.5451087493584        27.1586675663909                       1
        32.9443813069314        44.7579194192815        140.431585800364                       1
        269.177918499473         39.662970740548         177.10738380716                       1
        212.915003994367        27.9855695228607        64.3964252844304                       1
        322.825794303001        29.9621175596746         76.326974222236                       1
         194.84060415691        51.3581624963669        121.290117028454                       1
        257.155945201197       -26.1176696711549         246.71422059593                       1
        69.5399568140244        115.178523594408        48.5249617963611                       1
        341.453046611209        75.7989882717484        149.310756407351                       1
        76.9302075098203        41.4521019290789        36.9206631593882                       1
        292.882081901733         63.485526711091        170.918872607791                       1
        40.6984089094885        94.1054133612947        149.511706468236                       1
        128.983209966316        5.90963117793488        182.244988228789                       1
        71.3853837048916       -11.4149326050033         115.27997098545                       1
        64.5673721101724        41.0273527308689        156.123511923559                       1
        282.551417075321       -50.2314393064144         41.475598269871                       1
        178.142277526348        52.7428488127239        67.7994310469895                       1
        235.454653020345         46.951636560865         33.768725001758                       1
        73.1733826309791        41.4558796845394        170.975365948094                       1
        236.403874886523        111.886753737004        72.2381101364413                       1
        344.679279570699        64.5332879529708        103.608051279689                       1
         101.34274499108         31.465371790827        131.303530166755                       1
         181.09979017484       -30.0915092463289        141.218361346486                       1
        276.851111502057        42.8700410439936         11.658371431412                       1
         176.29171447973         96.714292887176        40.8343569618921                       1
        15.5042575246937        89.1064811717441       -22.4235954025388                       1
        308.890380345466        54.3074115336282        160.686790656705                       1
        223.000021254431        40.1072243121092        23.1793978839716                       1
        91.4303067647053         53.303795642907        67.6759705559407                       1
         6.8170936671161        29.5913711570249         37.325037182547                       1
        207.032568325396        70.2581490939812        199.786837818436                       1
         175.79326627335        64.5513794069962        31.8838424020806                       1
        316.850298359365        35.3199619416272        142.807403054798                       1
        101.967332594166        67.1302532884567        160.458417101887                       1
        0.37430718807896        67.3916955784593        127.960842691316                       1
