TEXTURE AT STRAIN


B  800
        225.060217128996        13.9889663657785        81.2225384397386                       1
       -13.5908424881137        28.7677621963915        152.225391233733                       1
        41.5767325431655        74.8844014091582        96.2966018322395                       1
        266.324188974154        32.5366063471437          82.52912897044                       1
        229.180572707854         60.656795149895        108.023672485277                       1
        167.805113916505         61.680168424536       -27.1930711787345                       1
        78.1073860084317        21.8644392470324        121.664864212287                       1
         334.19389886427        66.8288168363733        83.8545856810235                       1
        147.142679206599        27.9826232615443        155.197121047084                       1
        227.806496758226        68.9546975833391        132.634023764567                       1
        122.322277043426        70.6206459181059        102.838400031723                       1
         247.52720593246        77.9217894518933        100.345412788942                       1
        80.3006305996105        88.8795848337766        29.4266562300604                       1
        125.932997221904        49.5383306426287        79.8571650691285                       1
        303.402823781474        53.7705167642914        80.2902638363167                       1
        285.339780890128        57.6147661640247        48.3290795053306                       1
        347.969941544428        47.4582539680044        57.8574765955527                       1
        258.278467727835        58.3865938867939        18.3889737853328                       1
        40.0681211839419        70.5611706508641        166.013914504868                       1
          101.9803561343        28.3196629665778        82.1173886208141                       1
        366.792286999079        90.8727144883993        37.0353193643328                       1
        56.7330473450076           79.2466840836        64.1566173041365                       1
        367.507401319862        83.0924391088865        75.5758176510211                       1
        50.7159436988674        99.9162177316009        49.0739156705213                       1
        343.612050383253        65.3980486507504        51.6419958157614                       1
        145.631620678424        50.8454140141574        55.2041829498065                       1
        328.415130121447        73.1456803387978        104.384592439453                       1
         5.8166511485253        43.0026690275885       -8.07551997536608                       1
        301.770329931059        47.8444550609018        31.8582830158317                       1
        331.446766404287        56.0602538631808        72.5902894773845                       1
        297.647870212107        72.7499977148887        121.146966114169                       1
        168.614098411551        76.6091350449367        87.9049738482927                       1
        316.110957021232        80.7965508664732        176.196836730027                       1
        321.237250245147        40.1403091939231        0.83522015696211                       1
        357.991564082057        86.9309800858235         130.44798791484                       1
       -10.0447341922916        96.3908135422979       -7.24534586021279                       1
        28.8745731631255        59.8266989488842        168.161269273804                       1
        223.928194622139        35.8233026433541        16.3621365405082                       1
        230.811886173453        65.9006970961268        15.1610200758966                       1
        200.606556927868        31.0455305750119       -12.1083640774055                       1
        125.132945180216        69.8972199776634        160.531002527496                       1
        136.926620683806        73.6576608285513        56.5707763591659                       1
        72.8857680316781        85.8743508947044        113.268068906344                       1
        1.29209506796638        18.5789293503597        21.6571806488567                       1
        251.803932323536        70.1897376242313        70.6933258101686                       1
        309.871579149576         49.454429302282        44.5711679769609                       1
       -18.0393731397456        49.6058664331063        22.5300468953558                       1
        75.0483569827867        77.3222553146175        63.9307394708813                       1
        17.8309330411943        9.35606089537087        118.625067790784                       1
         31.008695541763        103.447222002421       -1.56687127684709                       1
        63.4115064464284        96.2800731252803        28.7085529135027                       1
       0.414544139911536        94.8917881406034         91.875197082036                       1
       -10.2585568997909        81.1360472788207         52.269744137524                       1
        24.4837178981467         81.610349573058        70.5089846706142                       1
        207.588997393834        35.5915501757913        167.690300461976                       1
        150.400578165489        42.5205033551838        156.631355251922                       1
        265.308697877337        58.7875139762249        135.797617702925                       1
        47.4226765428272        15.8945046952918        142.110762360777                       1
         165.30693132364        79.4082811651162        165.191235186659                       1
        125.592386045987        59.3183064074253        15.2168561262418                       1
        219.355854488451        16.5995215567023        40.6162093384549                       1
        147.415094136621        75.3845181112471         66.302261174996                       1
         305.55865282529         63.736439838558        33.1791012214793                       1
        71.5929605077234         14.165420473911        70.8987691473364                       1
        8.67127223850831        87.7454663965918        73.5036231597835                       1
        185.108004129834        51.4826454105459        36.6083290199135                       1
        362.949490771066        74.4425087596765        130.762502164399                       1
        179.402605267135        26.4109657808771        124.947783652762                       1
        12.8199531013027      -0.277205262587287        105.385638637762                       1
         122.66425081583        75.8975668426906        37.2333407909329                       1
         300.44703883653        80.4586839493869        95.4002153106098                       1
        184.334088522749        77.6793907634283        161.310231984954                       1
        52.8082215706253        82.1064737833731        128.501693117002                       1
        130.198508234396        33.3536558158454        64.0172498876485                       1
        310.844907886167        22.4536951099297        183.231952897453                       1
        199.122347236962        72.4942657719975        157.720729023389                       1
        115.747729836764        88.2460461886179        51.4647525033717                       1
        356.044553743676        68.5732010915908        18.9748941636969                       1
        183.031150069552        60.5071258113257       -3.37430750851344                       1
        22.9476537871267        99.9557581140638        37.8540185800708                       1
         38.555020884106        98.6066132058304        60.4649935693412                       1
        136.806384014065         100.68198138883        86.6608378314964                       1
        89.0941129602643        62.7794488925452        78.9598864658253                       1
        28.8576748174205        69.6920551719671        17.9896410232535                       1
        152.632486032193        60.3221616455048        89.1758481556903                       1
        278.776282155252        45.3326497558797        89.3103097339319                       1
        216.295311292647        60.4652573705029        102.545915483168                       1
        19.7833713562481        76.3730147666874        185.243736201639                       1
        295.162836718252        59.4897671225917        163.720096403713                       1
        62.2167007999393        86.1130474773134        49.7651502404882                       1
        242.832439488173        71.7571103163938         19.241265051066                       1
        166.393444626367         85.306014809456        61.2090002025097                       1
        13.3842631904593       -14.3286548909158        29.3448489295459                       1
        15.7494775138461        59.6054487009643        108.411495700065                       1
        315.554220034585        74.8210839170042        9.31459836092025                       1
        204.065456586065          35.22462582216        188.990690065262                       1
        250.403415513278        66.0519914225549         51.665842686381                       1
        34.4342977315898        86.4629652593646        163.610410801585                       1
        240.902275838576        47.2399386186846        137.289737158677                       1
        303.758307005799         26.576840387289        173.882180311512                       1
         28.413296277442        94.9162582400821        41.6567058949102                       1
        83.2724772866137        87.6360508018348        146.266423993704                       1
        108.859996017028        71.2831005262243        121.562399853134                       1
        188.407732721814        40.0842844305065        169.784931781919                       1
        226.708092551263        7.50330652699392        99.5135343565028                       1
        20.7181658805989        95.6023168957673        1.38867005154356                       1
        253.662551121992        49.7157257393281        163.215676275505                       1
        249.789216356392        56.0205891250894        59.1751834947531                       1
        200.960827630139        47.0806051895156        108.682036712427                       1
        244.134840436923        22.5240304856629        88.3793632056582                       1
        262.158268981149        81.8232132894968        170.702643511587                       1
        269.935547603557        73.3439436679333        158.751428939283                       1
        269.339339102236        53.9831990892938        26.0645547357631                       1
        108.594619308625        102.642379646071        132.887667777884                       1
        42.8806844849659        78.4448893303636        98.7761204845862                       1
        100.439332959571        69.3277264824076        102.335808307641                       1
        249.730715243789         61.152044193689        114.770527446245                       1
        120.586143681463        77.5711264484446        98.3752731826905                       1
        183.659239552541        36.1124209041974        118.673300359636                       1
      -0.501935095217154        22.9055816304488        175.155581760911                       1
        200.311051505944         71.239913225835        181.797939848872                       1
        14.0841488242389        73.1115789964987        17.9311180395919                       1
        84.9575706374919        75.3513138256049        86.5556951672408                       1
        12.7247154025374         58.159980570526        94.2009425939111                       1
        176.834675224609        83.0458610370086        154.174247393419                       1
        305.412628218011        77.1026755604447         11.347962877467                       1
        233.589309909863        68.1328842938061        117.366266644475                       1
        308.120129495397        63.3553033306451        27.9739225072251                       1
        251.012878728421        48.4335465497337        21.7510375363679                       1
        89.3194658758695        31.5975387417965        13.5932544822114                       1
        131.373950677081        87.8644332254604         41.319644361806                       1
        260.849362599989        63.6911531673277        129.465594141216                       1
        339.995356832495        51.7877890072256         72.865539718715                       1
        341.839595946161        54.1077460753788        86.7761004633981                       1
        125.305105744153        52.9045236983605        36.7966887998595                       1
        98.9392988247429        23.9894943138893        58.8066136040258                       1
        137.580650863153        27.2179401531949        160.367083558147                       1
        358.320849542111        56.4294175298579        61.2980750511812                       1
        115.520823893471        72.7460403851497        25.3164768704174                       1
        325.830539308928        28.6683645129906        114.679446647156                       1
        106.051144109186        31.1427825893412        22.1041075644891                       1
        112.893793379707        21.3308869086509        117.784816624567                       1
        26.6005934090867          73.14971580338        112.796503898168                       1
        235.163955236635        59.1240868631425        129.029091640483                       1
        194.235359040287        100.882295862406         29.624040843174                       1
         181.34254021168        49.2668118308114       -8.56272351996668                       1
        177.024823539301        30.3442760191571        16.9245643340307                       1
        325.869163773133        65.1812372987651        10.5187535455446                       1
        194.849815794992        71.8801189727679         177.10289590256                       1
        123.953339238199         62.038875124208        185.971026549433                       1
        180.952251779587        93.3177821689564        160.883866392933                       1
        267.697907001508        40.9927844557628        126.770356478443                       1
         5.5212309441577         62.433948516973        22.6948865639317                       1
        289.157028334757         61.826680249118        118.311924044569                       1
        76.8323211437995        83.7590982635623       -1.96392932679172                       1
        348.571043036954        74.9584816467698        38.1347394615976                       1
        102.311873562574        101.443971277915        104.701299799615                       1
        90.9863655883598        14.4222299598626        78.6571029784048                       1
        219.528625173624        31.7001909925338        5.66284522944642                       1
        63.7472373744606        38.2598709125115        136.304721751476                       1
        354.052246324728        59.5971200810015        181.370150132219                       1
        165.587432529421        57.9958127485039        157.399668145777                       1
        244.971403043373        94.2421405794259        187.464552303876                       1
       -2.09294171532002        68.2645355652895         63.592962130639                       1
        134.777915498733        35.2781245838587        25.6699091313682                       1
        218.410054136377         33.046695124009        145.582042543647                       1
        2.22712655677345        91.4217427766546        78.0640822315676                       1
        327.393977830003        14.4478196780031        64.6361593850841                       1
        320.232031321782        32.4174684255569        164.099915308362                       1
        322.371030159534        35.0902493546474        152.600350512434                       1
        288.328196080556        61.0388583982704           151.706864474                       1
        333.414724812727         49.038065356297        12.4025144008217                       1
        46.9712099473319        69.9642746590388        32.0764445356541                       1
        123.588613999673           41.3787029736        108.401348594306                       1
        200.086045470091        62.1286230931106        147.784961551673                       1
        116.382761300665        65.3057892328948        32.1029434937643                       1
        355.513513657528        83.2427369586152        86.3919336196396                       1
        272.403983273617        54.1911981174513        89.3784472142588                       1
        204.353631878318        48.5223349036727       -6.94559306179179                       1
        240.634097677761        29.3747594272929        151.193916504761                       1
        72.6254710122018        71.6245168810279        79.9315198384681                       1
        88.2637417931839        31.6063751826749        120.945309124598                       1
          211.8132810707        54.1797724713909        149.972336569213                       1
        268.530454355019        93.6739462007485        40.5338725902465                       1
        354.331871952304        32.9076530961635        181.744472576114                       1
        206.497315297415         73.518636089336       -24.4986823673826                       1
         245.44697588962        56.3809617817069        109.616773105969                       1
        33.1337896288997        58.1106752622535        121.880210187319                       1
        200.338171194471        81.6365741230385        66.8262885206372                       1
        235.130602267787        71.7876334838132        152.241230132773                       1
        184.895554746237        68.0782883543486        110.055629346552                       1
        241.517489102926        93.5025848680996        144.273928248823                       1
        49.3087109171654        70.5969369047673        69.5415788038738                       1
        248.255081460104        73.7325543024003        69.8145751202825                       1
        121.254841292233        48.0210482052906        126.331955391463                       1
        184.568523369915        56.4659363120117        10.3557019607944                       1
        323.862177284148        37.5531448449242        81.1785349965027                       1
        231.501662694145        48.1128006287484        140.282116072458                       1
        73.0299363401671         95.499910853179        43.5376052997678                       1
        230.109009970337        74.7526656462028        82.1401932091185                       1
        78.3713938836205         62.438916191976        104.236016837819                       1
        230.232583935005        49.6492269646009       -6.25158201303626                       1
        138.532343913103          47.03029416575         173.12910998344                       1
        55.5641111518374        76.9729413414126        113.366934131187                       1
        366.486431854645          101.1290919035        53.0942833514844                       1
        295.093464310398        89.6215208927806        92.9687807955424                       1
        133.686798583087        82.6113313662229        82.4341492079241                       1
        217.449195071103        49.9046838643016        40.5784082959761                       1
        345.275367324496        75.9091249353615        134.411218377332                       1
        60.0456471668886         73.725220711991        87.4622857978263                       1
        25.7616885977327        88.6702692770502        193.732822154749                       1
        49.3692861952911        78.8906629488048        55.2629476145509                       1
        14.9300083176909        79.7412127552052        134.021469147491                       1
         288.94994654864        65.8775757547856         74.893743407831                       1
        90.1032434700701        30.6440860310537        50.4446837481412                       1
        7.96009889431458        7.39097491921509        1.35897030552234                       1
        148.753378385505        65.4754523383809        47.7522713832263                       1
        216.098350414019        59.2974751786558        137.626519913005                       1
        270.530516824288        84.3403848717687        101.738260869379                       1
        44.2320695317481        73.1011321592042        81.3182852175403                       1
         200.30622898144         37.994491145704        44.5988206907346                       1
        217.319731341319        88.1056560177406         54.895915401167                       1
        351.255116718588         83.402540930144        70.2798626150639                       1
        266.771038881491        12.2307623323386        127.592170111969                       1
        164.946064429039        87.4748417830235        147.221029800533                       1
        43.7634604437164         12.971233752748       -5.21314728249328                       1
        289.003536434225        65.4562123403155        88.6660518421025                       1
        243.785732434072        88.1169512381985        38.2450857405642                       1
        190.644987194197        49.2438365453073        132.599968288742                       1
        160.875631403142        91.3095360250608        109.298409562744                       1
        121.401403299438         34.157153385972        60.8868053909756                       1
        25.7129375560022        84.5386671300234        111.128180538889                       1
        322.860337024829        40.6842932055444        49.7257036367722                       1
        22.9709942337979        81.4625964023722       -1.16969244420521                       1
        218.638605997553         67.126716715949        77.5749172606868                       1
        76.1244640909732        49.6044483562662        79.0795696549931                       1
        174.014609466693        35.8510180120732        132.629240670147                       1
        291.982619874877        31.2078475623361        87.6369238226493                       1
        124.372410970624        62.7524878032157         145.75208623199                       1
        264.648640489804        75.6230057741643        117.899500778609                       1
        26.6305095638786        58.2336970270456        96.4388938921565                       1
        336.975779262207        18.8251410417604        23.3041936385935                       1
        303.279249334302        80.1667915013388        70.8171000145959                       1
        293.571348169578        72.5185974820035          173.9461508352                       1
        285.801465495884        104.284732764774        147.732385148392                       1
        239.007093579813        66.3187868719267        102.474114302409                       1
        197.670113018774        82.7808333576952         15.149169624784                       1
        328.180091841176        43.1440456376342         89.897096003465                       1
        340.581854651238        29.4128615236551        41.1716451664601                       1
        259.873337717425        50.1876565173886        34.5022935332244                       1
        280.962872752572        67.0064101803079        180.786518559141                       1
        369.884629324002        67.3528012081717        29.4168360619382                       1
        288.316621536147        78.6608497111007        22.7800158350325                       1
        170.724928192203        68.4713316040633        56.1328489629182                       1
         79.609354512444        49.6942503499071        128.476679107679                       1
        197.567360843067        56.9006575528929        71.5084965624533                       1
        197.675620311959        63.8412169719498        162.312940993818                       1
        235.442269518067        93.4773399888995         108.41213358716                       1
        140.567887294634        53.9083332625608        143.323352480501                       1
        24.0176071191677         123.17703387182        17.5498751078088                       1
        216.473806981986        46.8240061014432          120.8373976636                       1
         120.56795824869        90.1635316111214        201.067666144258                       1
        48.4319314599797        78.8575760823082         161.64078676902                       1
        36.9484423358619        37.2550378323239        150.274652090341                       1
        187.206447540469        87.4175276577581        17.2256790538466                       1
        161.431836335209        56.3123257014718        19.2588542325212                       1
        179.829937306595        29.2235440095338       -14.2586563507448                       1
        106.215922611251         102.12701160942        65.8249818169337                       1
        182.924832102014         64.191135300688        16.0253758077465                       1
        42.0959191053254         23.827635226681       -1.32700331072387                       1
        52.5746574384563        61.7360911894686        107.132879836158                       1
        114.129760756515         52.735290589432        27.6251197177183                       1
        119.738082377507        40.9850477506189        169.429152057756                       1
        226.730381210835         55.592284825893       -7.44074119435695                       1
        160.832126529244        16.0691431434855        153.162080470463                       1
        100.283341209218        85.3001348396453        97.8693920303193                       1
        321.569421368737        59.9106451047996        99.1102400314626                       1
        293.921812283543        67.4972975720866        84.1717689299715                       1
        131.855388960867        71.7809603608972         47.176229922451                       1
        264.457985716074        45.4051276404472        114.553379763587                       1
         100.34327355357        57.9863127239454        147.084126796709                       1
         296.16644549993        29.7981506350638        65.0652773032626                       1
        20.4688757588053       -11.1192828889242        -6.8736186272802                       1
        78.3860673232992        68.4926334276975        185.737324499097                       1
        246.450450293571        43.5432466247819        135.004144194526                       1
        155.575994976166        33.9686276156003        157.433170161117                       1
        270.078248546181        66.2032566719184        95.2947172684109                       1
        304.378162817254        46.1138065684599        65.8692615799344                       1
        74.5690594837638        12.2457438696182        62.4426557011302                       1
        259.977759629596        58.9422970257138        105.182983121808                       1
        133.251281695997        57.9198686005117         28.903704551656                       1
        141.299753140493        51.7344089535928        168.340503063842                       1
        335.531212442929        97.1347807570699         103.98868937696                       1
        300.230583151499        86.2937866441811        22.6177921722145                       1
        307.561009964022        48.6357564671952        45.7841705085575                       1
        248.411758392764        103.523865270719        129.459468628091                       1
        172.725340021755        68.1747386963801        167.013726175675                       1
         225.61752971256        89.8308304390177        112.521110698113                       1
        154.031274580125        68.6058402328358        54.5289358690775                       1
        23.6274095268774        70.0527446254394        44.6592236992502                       1
        40.0830714217632          65.95721637929        112.827294041758                       1
        257.222409093791         78.949623055165        145.003217848285                       1
         335.45206011962        48.7436100248845        12.5249244604153                       1
        45.0558782332191        77.4966748937733        152.964771347176                       1
        130.999515493148         37.874652740059        40.4577399659004                       1
        45.1925286146605        60.5092383035901        135.489669398612                       1
        231.875882789246        39.5213877300851        156.693204788459                       1
        108.459512539231        57.3090023784874         133.05762846495                       1
         298.59611620609        17.8400728435872        173.512784376548                       1
        236.746577762511        77.7435827027416        92.7359023070192                       1
        43.9670265777392        85.4522173342009        147.951232571484                       1
        173.773724708557        76.0650796521557        68.0674463724751                       1
        8.29663394698822        39.8398720551401        131.037379795359                       1
        232.758118599349        65.9552840267955        99.3549915505352                       1
        300.221851003237        59.6253922422621        6.97694953071643                       1
        63.4353919041168        78.7431746218224         54.883774450011                       1
        114.552446927252         70.791211828053        61.5401624640601                       1
        241.223444054049        85.6234511652358        27.4871965157415                       1
        215.486137039671        41.2772380338832        159.780025264054                       1
        25.3263111059138        30.5763037156396       -1.61483365608705                       1
        159.952529318764        120.049645552389        138.733617086282                       1
        151.868685092036        9.97780194107492        156.857460432481                       1
        358.186604191931        47.2045054125558        123.442464773928                       1
        288.236532307768        41.7717713893514        14.5518150214556                       1
       -10.9419315172248        73.5863181050924        22.9706941930504                       1
        51.9209387421096        70.2460771891149         149.72737801571                       1
        224.940531067212        83.0977996037704         96.697144179966                       1
        240.528074289471         58.745166407485        125.476426485822                       1
        64.9196416571378         97.148358286681        72.7097452340197                       1
        318.842881056899        48.4239660257033        110.429458976902                       1
          279.3915713085        23.3694533543504        95.4399487140078                       1
         13.274417239737        86.9620522363646        174.813009061391                       1
        271.975934072633        46.7273978342232        96.5484939558962                       1
        280.250698315892        82.1159876331574        84.6136034404083                       1
         315.24661552365         73.600295458994        114.649642529414                       1
        154.585708717904        84.3615766840343        47.5150980443617                       1
        181.637534056551        68.9844426499053        167.990035111382                       1
        301.896615865549        42.5662745269767        90.2867971058874                       1
        307.268522995174        56.4405727307908        114.020226541068                       1
         82.099392729036        100.350773912742        28.4099204686222                       1
        29.7750372292217        25.5745545096291        164.189112488508                       1
        26.1254676805061        44.5332598727849        30.9796610121933                       1
        176.035188686197        56.7075147575235        121.003339701587                       1
        52.9828465950059        93.4858869754773        38.9065390133476                       1
        296.560111905644        58.2099100354475        18.8467886388948                       1
        36.4573680485825        78.1419169748538        166.477442109982                       1
        230.728228319406        82.7881519099696        39.8583921724916                       1
        352.599995717299        46.7968163469582        26.1567837070118                       1
        32.7886238707659        79.9277230699737         80.579341321851                       1
        111.569132052787        30.8826550954681        98.5394885859727                       1
         42.330657819521        98.6390959900859        97.6526029883196                       1
        20.0182930495397        26.4805979216369        112.139771481068                       1
        139.870308095282        35.1774769987883        57.5517451791184                       1
        227.226935156622        50.1857925273736        130.819177550759                       1
         121.89360720421        66.4033065381389        72.8553946159742                       1
        111.612648283891        85.2223481936075        160.545172307814                       1
        338.992783319997        34.2348611735218        31.7935172850384                       1
        157.147879811311        50.2890538658343        182.176848198346                       1
        156.131235985429        50.2250888783537        134.587325569873                       1
        77.6041246832094        34.1021474055519        148.098169916748                       1
        141.343283201003        23.0863837669226        108.344045855653                       1
        196.043108983159        81.6969523704286        49.7253405310728                       1
        258.812037122027        70.5111234280426        102.951141576771                       1
        209.638202339779        74.4137749419282        164.679536796909                       1
        184.372305345771        71.6501249020808       -5.36529557997544                       1
        214.974830508584        89.4801573688252        4.13501398506344                       1
        53.8380808146289        25.8996884011862        79.9508839430782                       1
        264.995678363963        40.5527439045667        92.3288666349224                       1
        244.843416657863        98.4887417647179        45.2259392640146                       1
        193.796263042187        49.0465195465319        142.607248693705                       1
        234.451719157464        69.9178563180219        170.357907247361                       1
       -2.66188574177282        74.3590495770755        119.687638159184                       1
        266.914318632141        71.3755033863893        182.011532071104                       1
        199.772292311589        96.3264047733137        76.4901452674787                       1
        327.091505530557        54.4435085263322        60.1494356202961                       1
        261.426032579283        61.0128871303437        105.306266334818                       1
        117.029148600686         50.670535489738        67.9307847179885                       1
        202.245568459743         50.422801134215        11.6448440400336                       1
        357.946025747647        87.7618661817981        55.1966873116534                       1
        328.197918035337         79.285510730998        150.385626367805                       1
        104.140632478401        49.3209464086031        46.7617541712467                       1
        305.949796487215        40.9877811634189        179.223185663479                       1
        136.526570297174        69.4976415231285        40.6065256333408                       1
         282.19534294373        60.3016478756017        33.0346805847399                       1
        248.150617547622        83.7750079034773        20.4983239334888                       1
        58.1805911262809        50.0121268351592        16.6533764849267                       1
        161.531144522467        44.3663421203425        190.716630276445                       1
        320.609260618413        117.515890829784        117.547588527753                       1
        129.754723422376         73.825112084576        2.95320960313328                       1
        10.3413977773866         71.353257730496       -11.5988805426049                       1
        368.572731227017        73.0755141872624        118.952936173067                       1
        93.4349484302684        41.5596457480438        162.336017111198                       1
        317.879407373315        55.0667385190796        8.25725822456257                       1
        310.498894852002        38.3169802478418        104.362717425103                       1
         298.93289439175        77.6667631573515        163.498134929835                       1
        127.371733346924        87.3408138616193        180.847911466379                       1
        42.3936078873262        101.379995954892        23.0761691710296                       1
        184.442640458773        57.7112870799976          197.4637040537                       1
        225.671840459373         48.217553252673        75.6606918327707                       1
        72.5997223624026        78.7719026652802        32.2239543327871                       1
        201.446935070172        62.1768105481336        174.181139308181                       1
        305.486405042366        71.5608302679907        171.830100411178                       1
        149.760650081551        71.4067274251184        45.5302888435981                       1
         202.83712929619        62.2247658496602        176.524879200655                       1
        278.054128761746        75.7479792509597        173.956662177563                       1
        170.307023737016        59.3721800448341          6.892218373396                       1
        278.101571594113        62.5426868440342        12.3435388228146                       1
        296.613156194135        73.8280262933179        132.319351647079                       1
        82.5852131759837         101.11896707907        104.708898241884                       1
        21.9468633797379        51.1935043745113        107.118449051083                       1
        28.0319807822576        78.9920936228798        92.5844178082804                       1
        153.087810647557         82.401257002633        7.03144845884335                       1
        197.398980899313        21.4751115463929        116.175413070447                       1
        259.059558579375        72.2868838358092        164.648119727657                       1
        131.354260012911        90.0296109551813        61.1218420176141                       1
        332.086230163989        40.2861313826467        66.9479578052696                       1
        28.4302498626773        89.4707129702128       -16.3021240161188                       1
        213.931891044206        63.8947293695942        89.3453067794035                       1
        174.607723540655        20.2882358082086        32.1421136053394                       1
        359.755593009109        72.9260496980084        71.7998040990417                       1
        273.928671056862        51.5355609840651        67.0882607433973                       1
        337.728258712602        78.3974824080553        142.430748234376                       1
        102.344245765283        76.0305355028608         73.139709020315                       1
        140.077053071347        87.8619099213433        153.734374314405                       1
        271.918805795975        70.5351998245332        17.7906334181844                       1
        346.396114292133        34.2436491488565        171.462851322777                       1
        196.762836735281        58.1066152715435       -1.28785822713472                       1
        213.008528761494        80.2766411861087         98.754942115412                       1
        138.671885013668        77.7205593456433        99.9175103590906                       1
        273.342278134564        35.8054403823584        28.5193102935515                       1
        105.501764519803        43.0744242150985        109.681948184317                       1
        341.702279458018        66.8515475541236        73.4191512820021                       1
        259.844830104261        48.3450112250819        71.5227762778332                       1
        329.482610687904        25.5976330339987        57.6673488743797                       1
        206.427437088588        46.5809787862551        155.955800445308                       1
         181.33544324146        86.7871866714073        58.0411096964423                       1
        31.2303470491489         21.701289803781        19.5719590060943                       1
        26.0605465154887        73.4604441871913        85.3655392024005                       1
        225.948509977811        48.9249412917843        153.369406050453                       1
        110.959618736377        76.5178042264088        122.238756591722                       1
         173.39875758146        46.2152836100696        145.489085757818                       1
        222.099499216028        66.7645489672796      -0.650804037604637                       1
        186.971986914602        68.1497454129534        181.047050315878                       1
        125.307226995263        82.4444412030616        75.7749827763318                       1
        6.45692387445987        39.1759139765531        8.70713379326958                       1
        103.317066233086        86.7833721434122        85.0819266875146                       1
        317.006181957712        30.3146938300935        41.9879815677957                       1
        235.363624614987        61.1344544312292        155.746396829645                       1
        309.938879033352        65.9727606919117         71.631324943368                       1
        101.017907781338        46.1872664598548        140.653896402203                       1
         322.61968263112        67.6948505985721        178.937669733189                       1
        249.057771290134        96.6091273812726        84.7361350253902                       1
        43.8504879344093        48.9687195883358        86.5675820973618                       1
        120.137703466258        19.3337624319321        93.4476675812742                       1
        137.305413600188        17.5929198441117        177.272995736566                       1
        324.008395703672        60.2011399369417         81.516905699724                       1
        217.552257020465        97.5176058824301        122.298335187555                       1
        182.099641325295         69.114012195553        156.034319264569                       1
        213.290534184602        65.9595994066946        169.796166538566                       1
        116.367715089881        16.4582863385621        84.2861194958974                       1
        65.7659920452091        93.2189601967882       -4.08544425004535                       1
        -5.8122899201494        71.3992944286838        38.5651993140833                       1
        20.4308969171946        56.2990564084752        2.73643926738356                       1
        23.8692059829731        42.2517126712387        97.2868510372136                       1
        76.4758264119165        58.3165500571535         47.446250057126                       1
        366.109138603272         74.348267808986        5.61681251752198                       1
        92.4747008498818         66.022219561223        137.358960747542                       1
        53.9137203953917        76.0851961204423        146.270510166206                       1
        95.2200070405715        43.8533330876373        49.7890753154718                       1
        35.6308295482555        74.8916244304599         122.67770858687                       1
        294.133847977886        42.7518053986834       -5.93712962442149                       1
        199.444158390976        80.6747490635992        156.412683135811                       1
         314.22784665909        51.2729457502571        170.247055529517                       1
        324.870858342292        63.4627081232105        22.4513200775382                       1
        236.244555646326        53.7112517719697        143.540361486278                       1
        277.215327690994        83.7568004551891        12.3676019046752                       1
        34.7389194564529         80.137521298649        146.672789749851                       1
        285.622720593083        40.0065061744109        32.9727110778249                       1
        48.8693695745775        17.8005704335527        125.318924273385                       1
        166.008891503385        55.7812225088407        28.9650950964218                       1
        90.8745136160289        111.653068580092        104.277478684987                       1
        316.438277271963        95.2345541472571        12.5246078070525                       1
         42.213848266388       -9.04107677910629        120.028972000847                       1
        156.047877262729        76.0348608931675        30.6751878947348                       1
        15.9453033372841       -22.2030649388398        124.004937599648                       1
        337.532864541742        38.7654903385002        148.892837648204                       1
        103.256413910216        103.788046955592        83.5583781641943                       1
       0.501298331398471        104.025062375718        143.596803121296                       1
        352.570489569923        59.9568420228424        110.486175953631                       1
        175.476695443832        71.6147255534703        19.3145509371927                       1
        184.101533612249        46.7943021613885        150.204704875367                       1
        102.982836769476        59.4839950630868        70.3725827416381                       1
        209.011004667047        62.8197081691909         12.352416136705                       1
        178.183052926195        40.4611215960648        4.21787632811649                       1
        288.117924429583        43.5439489394547         118.90532697088                       1
        217.543754355421        25.9432920183631        171.054444431262                       1
        61.1006626276025         94.498188490273        194.991837222938                       1
      -0.068397106741651        72.0613817887886        149.558721959323                       1
        71.9764017573426        22.3425951707417        125.901925949498                       1
        238.852435811452        45.6250532754416        97.2361851930716                       1
        306.875298042255        74.0163908581294         81.222733728259                       1
        68.1043179904793        20.8361663333721        53.4672816798731                       1
        34.7269562870919        34.9221595964827        107.373223328509                       1
        148.727643915061        40.8274689942803        20.4511646811902                       1
        307.605871276017        15.3997405556983        31.9500073133735                       1
        166.446663754318        11.6113948759706        127.525595432191                       1
        163.753066477639        56.0312516774038        20.3653950568701                       1
        375.800033666107        86.8960890394024         196.78690265243                       1
        138.173938270476        58.2221327776315        41.3761389279123                       1
        213.099911032735        58.9440467682924        2.34578307504975                       1
        280.739242801851         48.072344970794        77.9532754443958                       1
        328.903265649396        10.7019153511081        148.209018934318                       1
        264.182776755663         54.650683431509        142.699023374843                       1
        60.6756218497729         29.579289616564         21.445957711236                       1
        235.495941774478        73.6229326668173        37.6421016748011                       1
        52.3393184803755        54.2682073302628        91.0948021335913                       1
        247.603822201689        42.4778405445269        82.9576026038856                       1
        273.289589381226         73.955214882672        141.830112033305                       1
        264.509634428568        41.5937624531239        56.9291504089724                       1
        299.596121070625        54.6193644989514        94.5126508081259                       1
        358.945720455434         59.645609161369       -1.64039529602913                       1
        254.238878637773        37.1231944611272        132.325761335209                       1
        342.785580057734        76.9628589243564          60.89661954702                       1
        264.423316164913         51.355390898955        115.816333305191                       1
        220.641376677063        88.9019761972152        72.6270725381792                       1
        23.9805891368691        94.3203226242642        1.40644989939863                       1
        190.348040466615        58.9349290831989        160.814870909713                       1
        90.2409279874949        95.5489953079033        197.620695320946                       1
        358.908364502554        73.3129578153746        141.889740742153                       1
        149.445657980619        13.9013734057365         26.115602397292                       1
        105.065587776096        81.2022543486067        143.456222966095                       1
        170.231960472226        71.5090406984851        25.5425255581454                       1
        197.683561757038         74.566732455275        105.143418386834                       1
        337.552458918428        13.0039193792404        149.684217948088                       1
        359.240492753466        84.2857759910627        4.21037911675455                       1
        196.117101070611        92.2780573824922         92.451319316223                       1
        208.583432885807         40.639854318253        155.967112195288                       1
        3.14857365356639        108.133160046657        138.064497052472                       1
        344.913277582352         67.693557501152        76.5028795827619                       1
        63.9177531727527        108.568273706134        205.454605962704                       1
        250.042264388808        59.5228159024351        125.386866733413                       1
         170.76424682551        24.0865164673677        192.080420743587                       1
        209.279166370322        67.3650164908656        139.760870515617                       1
        345.802295222219        53.6612810606211        43.4672912544834                       1
        83.0597627830185        50.6905947228825        7.48607333562124                       1
       -1.25816256290001        44.3585079549384        106.271319448437                       1
        211.050554459275        58.0118535176282         166.84771773024                       1
        12.5652805666221        86.7931274572509        172.254678521165                       1
        244.412562527564        31.1784073556409        72.9595419647215                       1
        60.0847304554567        65.8221352811915        126.438576364743                       1
        311.378754631156        67.2298212789094        57.6565231667223                       1
       -9.27161401248437         52.824564515667         27.413199986242                       1
        215.857546711802        40.0861392887632        102.959671654308                       1
        213.993940441321        51.3829286641027        29.2162998136118                       1
        330.668879549438        87.8078830245841        150.418562368937                       1
        44.8012119517859        46.2793674349021        159.842181580976                       1
        146.278262979281        95.4008917396402        184.080649128729                       1
        276.519284242004        62.8892001711587        119.876787942377                       1
           145.154847323        61.4303628716592        129.260333465134                       1
        228.740758876771        62.5772247315793        142.196562902194                       1
        303.879773588574        41.5251406714773        64.0122007297453                       1
        220.594490234748        60.7932099402869        13.4695261884798                       1
        365.272457887082        71.4720708734863        93.6999109965997                       1
        294.684708709423        57.1215256821841        110.186936982587                       1
        18.7683761036685        79.3466401909233         31.076129569652                       1
        352.125643037035        54.9164957516247        194.895535086691                       1
        12.0566514893236        67.4612460786526        121.433822030936                       1
        263.823186010749        57.4390308591863        152.637178603601                       1
        220.985766553847         77.130067552279        49.7697440916911                       1
        118.895199343002        12.7448589234355        65.9930103999658                       1
        63.9037076754222        84.9822927285517        72.4147868991348                       1
        329.319566532719         49.346385589508        172.102421486089                       1
        192.049244562048        71.2654700605862        139.278106857184                       1
        321.068114843205        79.0951893227105        196.247382326676                       1
        290.744730908596        58.9159024933118        130.700911949063                       1
        248.914971021619        56.5986168727615        77.5620945130773                       1
        27.7482860549124        88.3277925087267        76.1862178547361                       1
         276.81213984352        70.8694065944342        134.026991714796                       1
        187.460024990151        95.5680733841599        69.6591749900239                       1
        345.102850352388        90.2926298042638        14.5289792253679                       1
        79.1287794751273        106.054826518131        61.7901082408377                       1
        131.521196933098        84.8929852815725        120.700319742126                       1
        167.585353728874        29.7952542791187        39.7752649451542                       1
        239.142211810386        85.8809033647022        53.6644088002349                       1
        108.163709343569        35.7644296522502        57.3055014333095                       1
         43.066472651607        33.5419210606277        55.4412222064689                       1
        127.023688151314        43.0694594079827        30.5800660203599                       1
         247.15436692854        62.9511115610312        133.700152378035                       1
        220.259243130544        69.7452891539615        31.5907463244026                       1
        327.324887256277        41.6467198035137        59.9140860063194                       1
        305.753630673781        53.9466724474727         120.50866141125                       1
        254.410725283907        76.4195340029869        26.5142248592599                       1
        30.8960610565203        64.5035681334908        144.533091847737                       1
        131.671381056275        52.0023286399277        93.8582037288146                       1
        203.080147635384        49.5598608903954        157.444561534541                       1
        135.811254500797        74.2390598705833        83.8503222030495                       1
         156.63155111911        24.1647570213841         42.091591905228                       1
        217.135906471848        48.5812459868888        171.109437073165                       1
        236.894883795944        29.8995337253146        101.023819602986                       1
        224.825996778433        85.8511544148719        20.8903002829426                       1
        187.547807003005        68.4961627724161        25.1083082629575                       1
        180.395596257921        49.2486498587196        7.37401512819734                       1
        356.651616658492        23.8510360344315        138.552088685023                       1
        197.391186274127        60.1704909300918        120.049332246562                       1
        184.162935656011        44.1268625718901        10.0401547944956                       1
        303.596660162593        70.7353879414245        102.393500330443                       1
        339.085755214907         71.377571045622        156.553313314806                       1
        61.9769007914342        39.7909303228283        68.8870260611104                       1
        235.808229070028        79.1830600748993        114.570354578479                       1
        68.4118737445925        68.1047456728844        101.243061580882                       1
        364.863490041795        55.8375787495006        155.311699937986                       1
        11.7859656496167        69.4038677868255        99.3739977860018                       1
        162.590080200912        66.4827664943977        139.787188187996                       1
        16.6294766635225         14.356191470467        178.442009474157                       1
        119.915407702636        66.5740315203092        44.8268235180948                       1
        9.45068548687732        103.748876209154       -11.4799739275569                       1
        249.155584414756        59.7468270376725        141.945190077571                       1
        58.6712612423799        31.1275094273313      0.0565679767023717                       1
        304.150890035483        18.9013647573953          21.12673386689                       1
        241.975420483488        33.5066009981284        135.058472749797                       1
         199.33308240905        57.4161549973055        6.70311714885715                       1
         313.62153718608        65.1138315034921        103.176477268359                       1
        72.1005817683805          13.38717605816        132.224908130847                       1
        297.938281593303        49.0445297747203        109.529094220607                       1
        75.7301044461546        113.302382865225        151.248772934686                       1
        198.010765649902        73.9909573628019        89.7923365092959                       1
        121.317947892635        74.7987336446549        51.8846099586851                       1
        30.4473216584305        29.2542137030496        81.9832235707052                       1
        243.199766174237        79.4346972126753        109.953059411734                       1
       -12.1661635925445        40.1105701228326        14.4856249061544                       1
        42.4783683779354        51.5640905096534        -1.8847896935646                       1
        170.196625920625        85.1792442551067        124.181663969137                       1
          53.04202573363        30.0346634586198        150.150487718441                       1
        9.20720304180591        53.7261140050741          182.6985587535                       1
        200.552373092916        76.4161372835248        165.959714862311                       1
        257.772990056322        65.4038779902838        133.454225164311                       1
        33.0725969945297        9.33752986904248        176.186599693369                       1
         163.57421598886        69.1082027633315        45.0213894426609                       1
         21.157427879569        41.8883820470841        127.474602677062                       1
        115.539419285127         59.705227035644        144.302814978411                       1
        17.8277517467519        65.9379689064278        184.631739116875                       1
         231.56642784378        51.9058930983037       -15.3339001773328                       1
        167.915953364993        72.9506274161956        172.100789996576                       1
        112.670655161221        90.7898995140132        79.3695125519416                       1
        295.215091646988        28.8687122194247        100.912482430202                       1
        142.462898037601        35.7924286787994         70.935952447418                       1
         183.73114263907        52.8339160715449        5.02598800741126                       1
         275.52739284434        61.6198234671761        82.0365224332279                       1
        24.7251764117008        67.6978930918312        182.316488375329                       1
        71.7111054787463        104.123914166854        123.597678798937                       1
        281.338673899486        50.7809572305903        136.679859488448                       1
        103.810876093461        46.9952078097906        60.0573661855692                       1
         280.44969432991        78.9437887776255        30.2124938793415                       1
        5.54006491132607        41.1935137155694        112.479070818085                       1
        236.376864546584        50.7346358217378        84.7305527924192                       1
        246.829230968777        70.0105350391595       0.359842275978307                       1
        265.523700912468        59.9793744079846        119.081356214344                       1
        236.418676769853        62.4931718823606        53.3624859527047                       1
        172.212867530225        50.4795419771392        139.901072759397                       1
        286.560580831764        59.3169977894317        94.0463231192693                       1
        9.77882326667314        58.6507695237707         117.83795999604                       1
         218.58504958535        72.0156147997628        38.0383288594474                       1
        244.690008336494         64.143968932999        16.9448093358954                       1
        115.945401799147        112.954208638414        172.879689656873                       1
        28.6400359482207        93.7544954273089        86.8371617647897                       1
        225.519875373024        90.2725707811972        129.672542708466                       1
        216.331893563903        83.5420251886548        75.6340531820659                       1
        207.716308153168        41.6014529375287        143.018674448606                       1
        228.395563476904        30.8437868825833        78.3138490867385                       1
         329.86545774118        65.4394118292131        166.262536954989                       1
        152.078025023354        48.7541956521767       -4.13583348806762                       1
        242.870880443487        48.4955387873695        61.7320194487886                       1
        178.264876909515        91.2945155200188        33.6162535798502                       1
        74.0511984114697        101.979213208216        89.4537204325429                       1
        26.5728180547827        59.0136118835608        23.4539031771724                       1
        185.952372385618        80.7936947270697        178.603086141398                       1
        82.7773322676452        92.1233486251523        92.1630322958088                       1
        183.094617410273        71.2994186047293         152.32158365764                       1
        322.661378104112        80.9065675654251        138.434397822342                       1
        169.513308832534        39.6507865293457        138.152228161713                       1
        59.4929250757153        65.8469446045907        26.7189535168058                       1
        323.105620930556        57.0290732218924        154.249908543416                       1
        9.66984547478896        95.2178493099005        34.5562758231566                       1
        137.580417384691         66.570173472835        88.0387833635618                       1
        203.975537667946        65.2088639561951        15.2584593463005                       1
        355.931016050402        31.0148018050431        19.8114082831368                       1
        49.7116380169014        84.5962962996957        72.0057755957066                       1
        200.942315879206        77.8935568118269        23.4091471410984                       1
        61.8102359683264        61.8381906566561        64.6604516576845                       1
        272.882231367218         69.014623778588        62.5188233116672                       1
        312.937138373812        58.4252510794692        10.4913971827002                       1
        79.9810270312551        15.8262623334006        129.889823211992                       1
        318.046503575322        58.3319082927252        94.4707162556093                       1
        34.6113063971009        66.6008281928909        151.357060384683                       1
        116.892561319366        9.43018144609252        106.479723017157                       1
        268.628497424623        67.7005104961637        41.6447872687303                       1
        287.581161144102        41.9087673535845         96.589217617827                       1
        373.121245557516          89.90761359874        194.672534015528                       1
         277.74163473734        57.4434662109429        98.9030255619103                       1
        6.32607865537502         99.121460252425        4.55408144046416                       1
        220.938385770226        67.0550966063827        154.038646392464                       1
        235.000530627323        73.5722961736114        121.839118449263                       1
        104.669221304915        90.1222883681026        20.1061227684007                       1
        155.631988677145        34.0178715428794       -7.48482393225624                       1
        89.8950530449137        80.9816406169488        36.2918635076678                       1
        186.474266710784        47.5768588225147        174.178950997789                       1
        299.878324977541        94.7960508111037        98.8225884237888                       1
        308.111111459076        89.1037826875407        31.3106958486075                       1
        343.504640707298        62.8795895727076        57.9527647316215                       1
        158.920597728537        102.710632340244        172.757911512455                       1
        42.1630551300311        62.0516875228622        92.0883347231577                       1
        13.2831953157638         20.976988290626        138.682829238061                       1
         250.53221248337        50.6281890231004        96.8616093808913                       1
        218.750550273299        80.1033386925562        163.413082335353                       1
         169.04457086242        83.7524429572217         131.37397016054                       1
        129.335800077552        51.0782827431536        57.0378439215335                       1
           287.230483928         51.447369248547        23.0332922211321                       1
        116.497799542398        24.0830105688844        110.430771167401                       1
        115.885545084871        57.5096709499974         115.88523892667                       1
         147.21864884571        69.8853772076115        40.4377177069805                       1
        196.360612017195         28.830604559766       -8.04892296390236                       1
        334.835354594045        35.1461277507321        26.3835221303437                       1
         279.68838258741        53.3591977203751        37.7420594470526                       1
        115.534887651301         27.682736879556        33.3273195175944                       1
        333.282409860144         54.221891110546        29.5920844057586                       1
        192.742130182863        65.3246817200919         12.606708314712                       1
        6.43035728462878        29.0849738974151         40.227029343163                       1
        19.6364400081577        45.8551495691604        191.070817984331                       1
        249.841074938851         61.782528846758        38.7766584982177                       1
        13.0275300591348        72.6384499850885        163.265066816226                       1
        248.337659728118        85.8087624694879        118.684891424393                       1
          78.08999633457        89.9881136949199        71.4997418376655                       1
        276.764868044965        56.5686944774486        15.8712556591313                       1
        87.7662075026803           88.3240474108         43.925963485046                       1
        196.300297086665        35.1514988118973        187.714950138325                       1
        135.516189900608         62.407674009246        106.529418385981                       1
        190.843503952236        82.3462892785484        166.961274078867                       1
        247.278037320884        42.4808653414094        31.8422283207556                       1
        146.883530930626        88.0233321570372        65.6589921340807                       1
        193.899686398763        25.6042725248289         136.88888053518                       1
        172.659935029337        42.8412686446935       -7.80121657311787                       1
        199.311826955543        35.3205469611158        128.314820965279                       1
      -0.423891359208323        9.12843431415748        147.497259046686                       1
        242.355264917606        14.8943042736433         82.287678277933                       1
        27.3942568552326        102.067367161598        -3.0989220259485                       1
         69.361731961184        72.9422243594363        164.584818768438                       1
        187.645692259022        31.0004901691716        139.001723776081                       1
        28.4474797490029        86.8593730867356        7.51958498379246                       1
        6.49764773670984        85.2238398624908        59.5187171440206                       1
        242.869475355425        71.2125942602437        92.2582322390297                       1
        83.7500485768253        20.1516962794336         136.62406591732                       1
        78.4476605684136        87.9930923065654        64.6996526444501                       1
        252.938338418891        72.6544546769588        116.499253402343                       1
        76.0004453198646        40.6404808238187        25.2418169212921                       1
        27.4741672698863        77.3386112076773        163.601690133827                       1
        61.3155155517774        69.9667327561679        119.980262490134                       1
       -3.11349229778815        17.0668593679999        13.1965511140887                       1
        283.056455986669        38.8941530693991        21.1800365948884                       1
        51.7305194838653        90.9766408717323        86.3737131684462                       1
        55.6160614538995        3.94421135465004        153.000947286609                       1
        102.443486652844        53.7275932021683        29.4545871959451                       1
        135.695473132175        20.7842252218563        59.3558333838662                       1
        83.0068221738602        32.7185752396523        134.521111987277                       1
        357.822794063507        26.2853429224515        138.629713687654                       1
        146.493782145083        79.4375776619327        40.6632852968517                       1
        178.569340603656        65.4136873267789        134.456244866648                       1
        259.548797004814        64.9473984807923        87.5346915823433                       1
        14.5741514424404        85.4244500477955        27.6910830568519                       1
        96.7145438715533        65.2948138405599        24.4047614554704                       1
        187.690273090903        50.7383370762927        158.547383936186                       1
        169.044288419643        87.5621428718132        142.464316518763                       1
        190.372338943077        54.9013568946192        1.91844411737559                       1
        242.397896769986        2.50158305771684        43.3679695513884                       1
        138.094235252064        17.8473576514416        15.8646601929158                       1
        157.775252266272        38.9104881441959        179.057124510334                       1
        363.549050548297        53.0989111483334        23.3224370406375                       1
        55.1805961868568        89.6907747051218        93.7980330446215                       1
        225.447793761108        48.0998712956063        10.3657072336931                       1
        233.723599642643        73.4289991301849         141.69925717845                       1
        -3.9327812731679        38.4413149616288        33.5735232930093                       1
        202.021654957113        43.9238723702605        175.974829041707                       1
        89.2964100627954        75.1503535682519        69.4773503883831                       1
        268.062624452481        25.9702469392809        7.05892461662778                       1
        112.976477914457        38.3518253983398        87.2063258504499                       1
         334.91262788292        82.1844570650121        128.659371502561                       1
        261.354882848365        79.9923780949421         9.3821882751526                       1
        68.3791667820463        97.1084493005856        50.6083921100351                       1
        163.248515160665        63.6834624373686        10.2908955818286                       1
        46.7310806375876        91.7821833715987        131.798529182022                       1
        60.4823921470692        55.9284101301961        128.756336913137                       1
        48.6707238508592         87.804408355315         53.532577641384                       1
        139.670290376209         4.1907986393149        80.1519465260129                       1
        310.978230200214        45.3307178159135        15.1871066655964                       1
        350.821402937849        81.8870979909857        113.725190020296                       1
        162.581558792407         28.542979408623        81.1845673782987                       1
        13.4988932238363        29.1701955417901        17.3301612877021                       1
        108.704043595356        61.9643528296145        89.6117380446921                       1
        168.178788342622        42.3141743725975        29.0415867599059                       1
        215.843848116427        70.5146857026065       -10.9010623421757                       1
        361.072236538305        90.7774689774352        157.022334923574                       1
