TEXTURE AT STRAIN


B  200
        90.8027821075755        63.5418145188806        89.6422808296462                       1
         190.89708119442        26.4935345196479        24.3894520472377                       1
       -8.28661096347556        56.4828692708292        147.408880662644                       1
        12.8014574782278         88.619214726602        96.5594538206065                       1
        71.9076668804389        39.2245265679805        32.4454308446401                       1
        342.315993720215         20.426998966944         170.90557815363                       1
         309.74304405127        65.9012282234677        144.273247965499                       1
        181.443780593903        19.2067535937408        46.2040236154887                       1
        235.958932989449        69.4153955503383        67.0220682064542                       1
        271.422683395907        54.1691471795962        127.170489735491                       1
        148.568311673095        29.7952071246889        84.1320080775594                       1
        38.9439506946206        86.6652448179439        44.0573207038532                       1
        10.7596225498098        66.0337520865271        45.1922305656056                       1
        258.792938721528        71.4477412266166         115.99935694174                       1
        307.995073899389        36.6574071140617       -15.3150974296055                       1
        111.599746355996        58.9355326341161        76.6984553530736                       1
        222.891159205381        51.0462437811609         93.307094284309                       1
        244.946008054748        37.4993366273731        64.4658075377548                       1
         180.56783241052        35.7912329341799        44.5731117023223                       1
        2.93483638312913         66.748590959987        64.0842369800822                       1
       0.863758564352624        94.9259479937838        14.2664602188019                       1
        24.1551874369852        90.0380587904176        159.481924316646                       1
        65.7809395374635        94.7951204443306        40.4304380822867                       1
        202.965678634557        61.0558202775631        46.1824430430821                       1
        127.991174239364        70.5453050559091        108.003517130749                       1
        133.272475550288        78.2822237873584        153.885921753126                       1
        88.5085616580497        40.7220216712889        153.117021347803                       1
        59.9252612739442        76.9956321464378        20.7450286430233                       1
        86.7265320277291        50.4526946547199        118.189838323481                       1
        244.593609997055        64.5262910102959        136.476312496904                       1
        291.996240032435        51.9484356961194         11.652266539123                       1
        23.1665275580519        74.8295215551639        41.8886700271569                       1
        253.160927609432        59.4590222012013        47.6902269884738                       1
        269.715793335229        63.9716462318416       -33.6309102925612                       1
         74.618190986753        31.7982894162025        46.9112111130655                       1
        11.0237043691603        35.7435520249315        164.082355107499                       1
        268.992540504216        81.2573612443702        142.672161865955                       1
        146.987651381096        78.3841210420912         145.94466391178                       1
        197.739574465139        74.4353829826463        101.370994010652                       1
        125.550851199126        59.8815578294536        188.204313027807                       1
        129.877372248201        59.4351274138435        169.657976954289                       1
        277.430988390721        50.9363467654503        58.5535142554178                       1
        224.262764950208        87.0930080975636        46.1356262379976                       1
        11.6232570633432        56.7667140669859        118.381517066162                       1
        347.056890103623        39.0130565813392        82.5057773789551                       1
        348.327256646994        66.1613060215351        154.324949793915                       1
        68.8177748660313        53.4166397124675        52.1183492852409                       1
        200.890561980758        35.5578948885673        27.6452090088323                       1
        94.9695325443358        38.8553065133108        192.787248858819                       1
          1.987505005275        63.2060239197008        101.203832697515                       1
        333.756646963826        36.1576479616599        130.396750952707                       1
        42.4193769050988        20.8354489184375        147.613063437118                       1
        70.6764945663977        74.3785412527217        55.6386353252944                       1
        30.5643161906585        89.4172153644192        113.682705794943                       1
        110.676020687162        25.2971315761716         78.997733382175                       1
        48.0247789411285         73.432174260496        44.1419342391851                       1
        62.3760371583578         92.948898314671        155.968271658104                       1
       -9.45627166333551         110.10870985113        178.779223934164                       1
        245.538689429187        74.7378616871522        39.0082919270081                       1
        65.9888892811139        61.6839026040077        42.6343309679861                       1
        60.1685174328007        44.6088010237457         118.16041122265                       1
        33.8978198694925        115.493806119811        179.350412054866                       1
        76.7012235145533        97.4678529307417        56.3829891433338                       1
        97.8732770240169        16.9662274888155        107.400057706118                       1
         161.30864489919        15.5499888441797        57.0006233660589                       1
        76.2698171564036        25.2911908106315        161.716741094518                       1
        110.394119142119         42.411429938856        178.149408191225                       1
        20.3744642185509        75.2112860417353        103.294445220011                       1
         354.42828385301        82.5544426707951        117.749187869481                       1
        260.681862906317        44.7024530695361        40.3637605764761                       1
        74.4307052682499        28.3300900721906        104.912660730504                       1
        284.591550749981         68.808790206036        20.4817501692112                       1
        35.5289135630643        77.9265641119274        25.4538842604507                       1
         135.43296008341        29.2468868421531        169.898999411402                       1
        270.727379337505        68.2803747419296         44.829074496427                       1
        16.1632723712634         82.879624659504        26.8830054441835                       1
        55.8621551344252        90.1316709314487        183.744421556779                       1
        29.0945215369095         100.83507266176        79.5126692261375                       1
         318.06758389534        90.4404238192169        129.986778439121                       1
         57.015207244702        66.9620558935064        160.785304466542                       1
        88.0386733872853        55.8491323234935        197.285071072114                       1
        341.224424457331        95.0417073648988        107.786576340582                       1
         63.669429938563        58.3578359473479        205.224583529636                       1
        26.6903234345387        66.9689776713487        57.2215738779684                       1
        271.456131812151        86.0474890251407        47.7710938816645                       1
        342.134583365728        50.5311011499491        111.797427668639                       1
        17.0754554503327        94.1509071883179        139.398801619323                       1
        99.0143624131156        40.9170645020599        97.6348691752178                       1
        166.676424359244        30.3927863994221        147.485515223342                       1
        5.95685327966017        51.3202943467649       -22.7649525855657                       1
        241.547893115957        40.4247264448429        145.052336032143                       1
        190.283725919071           50.9390827777        43.5457445094447                       1
        322.925485359485        46.3303129529399        65.9378631483012                       1
        106.578632953213        60.1683149556594        104.634168749043                       1
        101.854085612374        71.4813968810383        117.446061763969                       1
        111.678726709314        33.9962018695265        57.1500673225495                       1
        346.005304818024        45.2538695316685        136.508574585807                       1
         139.31226274111        45.0646739225397        170.228147217147                       1
        76.5952653468202        75.3146386240243        143.219437122363                       1
        214.999495223802        39.4754971952282        180.032374198077                       1
        45.3388267523471        76.4242477244643        169.113359405199                       1
        262.701284799278        63.0386661895697        63.9219024736101                       1
        111.533520598149        63.2417482703949        11.6312077345914                       1
        81.6236027375719        38.9257485606197        138.711973853196                       1
        279.628478348177        72.3743702748596        161.540938538862                       1
         207.44408660869        40.2264456421452        92.1452869548152                       1
        29.1920176592899        104.711142829876        148.947507485958                       1
         246.75287818394        66.1190759748739        76.5286855482261                       1
        88.4381746331078        46.6176249671707        81.0668609076845                       1
        31.4613506776066        82.7815195095843        147.732656282051                       1
         20.654929934011        94.1184271148447        122.223647425401                       1
        230.372346121427         23.315943264112       -6.36765327425478                       1
        224.953606794342        49.7810598297947        5.46894962518003                       1
        260.412095049563        87.1027537211259        150.708438450229                       1
        261.977974331479        83.4460834886264        34.1206668393408                       1
        196.819581233409        50.7571214387315        187.734991621119                       1
        16.3379787438561         50.980698326034        129.663040320583                       1
        37.2941012524537        33.8024590253867        65.2619684863518                       1
        273.360451034805        63.7027414097319        26.2556822133162                       1
         276.18391920468        40.7822966786005        158.228331173063                       1
        232.667541386824        66.5432051479991        22.0947367498173                       1
       0.388506305683796        43.5642386720692        106.551680407439                       1
        37.5442180563157        60.5765697833772        34.3975705779177                       1
         258.72988321497        55.7968506795755        56.0648903131569                       1
         207.76138476314        55.9131949749908        18.3448896770469                       1
        12.7832078871714        92.9274279601792        60.5553351636544                       1
        104.669317465128        13.5490547808476        216.495286427323                       1
        52.5684764560494        72.2757576810083        146.748040856167                       1
         99.549193057561        91.3502328941413        27.7524819638894                       1
        336.512417633012        53.2806214917771        156.542923876773                       1
         216.21358962597        74.0335098591193        77.8102752976595                       1
        188.531938368586         77.929233930428        179.740281740962                       1
        69.7091362878219        86.4298647033519        71.8023406134696                       1
        265.929481426139         105.93520019851        56.2424820452694                       1
        317.273753712148        43.0121947446626        118.589075492225                       1
        107.380910896195        25.6953977828527        122.877551958106                       1
        256.118576680091        72.5978173282612        54.0277880014205                       1
        337.534287680205        31.4985817908346        14.0782977183338                       1
        209.222870655931       -16.5393315029489        88.0289373526375                       1
        237.007642542816        53.4752649597635        55.4906007261289                       1
        345.965391054328         71.779859997316       -9.06589268214983                       1
        52.0360891140481        46.4489880258624         146.08982984368                       1
        352.592349770774        54.6813275147445        90.0701340695779                       1
        56.7408781842718        95.4188030285046        103.732769061447                       1
        69.2843634940245        72.4724439622818        37.7748264692808                       1
        268.181019387851        54.2633017806795         109.85665389644                       1
        4.92921645873894         82.879680525319        47.5397244267823                       1
        135.768372205772       -3.67802833582924       -90.4787575349199                       1
        25.1401096847332        52.8605249592336        141.756427852339                       1
        98.5893256417454        57.4630836648467        130.440657943117                       1
        224.802066500146        75.6905247307063        14.7731592724862                       1
        102.375587822153        53.3390948878274        181.790478252422                       1
        89.3457513808427        73.9183690458515        204.076389525687                       1
        40.0091246502997        60.4524544447485        63.7705136082565                       1
        273.444726475679        70.8717893092707        122.637256427324                       1
        249.503102750345        48.8729968626907        152.618976433628                       1
        20.2865524642223        33.7908572039067        109.989271985914                       1
         193.60370101683        63.9292055292938        91.7317549248985                       1
       -1.36515575128122        113.500611583128        78.6517327543575                       1
        7.23178859932653        77.2488586890822        81.8794508945293                       1
        191.624761356884         69.394014254693        19.0926960340032                       1
        122.269428225934        30.3788019013098        128.609535352114                       1
        124.904232969693        49.3564317745562        195.777925830455                       1
        256.044851720653        66.7909323839669        144.538592398527                       1
        226.101342357067        22.6017261494395       -16.5153764641788                       1
         73.932688691735        57.5225126577711        155.018401220887                       1
       -8.78060720320491        96.6844246172644        94.7142248969893                       1
        21.7792458431112        72.8274436632314        127.961946012909                       1
        232.319527035184         10.246282674444         8.1003847814976                       1
        298.452138772407         52.208062301275        30.7899266505552                       1
        208.152379629491        31.8624279782839        168.803217709804                       1
        237.350225120068        70.8331575323956        54.0939875359576                       1
        83.5545513666892        56.1243653362265        105.404578878222                       1
        47.1215884481457        89.2951474775613        112.568441445966                       1
        79.8407681804598        61.0087239296695        140.465329712537                       1
        113.195108624053        47.6071501834608        65.6625854280169                       1
        6.54111805670247         106.20943098152        61.2195725686734                       1
        112.392741967536        77.2682350124204        171.732760774771                       1
        178.044955885351        16.5685934736123        209.169795231928                       1
        146.136776660886         66.825610023004        175.360519783808                       1
       -6.62732593570275        24.8399450240635         122.07669249275                       1
        356.874036370576        37.0086418411566        156.724043346232                       1
        64.7263479618961        81.8520347842037        54.1650392614471                       1
        177.765444264946        46.9698942909008        36.3703272030981                       1
        3.05812995400188        77.5764861683646         64.942316340386                       1
        266.972046200064        36.4741791529593        10.3388342330626                       1
        72.3940733603708        97.9741125381719        92.6171531833437                       1
        251.813350638847        51.9757923120028        7.59008608178419                       1
        279.708238853431         52.003205316114        33.9985848673969                       1
        292.292872014859        64.4804594237056        99.7901402566191                       1
        75.9679837928819        107.824768213752         47.351479287811                       1
        325.208264228127        56.7273604242771        13.9165379363999                       1
        116.195059248504         10.179028070883        124.385033329647                       1
        248.511297174787        52.5623773621066        30.1538928640112                       1
        0.71205200477319        92.0501609073851        166.766729412795                       1
        235.726829453666        33.5808568706549        50.1921290993472                       1
        228.317117722345        53.1652072793872        79.4519264140735                       1
        113.918274347162        44.6451935678061        191.076124879395                       1
        123.730743079698        74.8037492547261        93.5099815294693                       1
        80.1305664676299        81.8169289764886         40.770594427637                       1
