TEXTURE AT STRAIN


B  50
        58.1218337134293        107.896186385687        59.2512151112425                       1
       -67.8288782476828        -80.383081216986         164.73203727116                       1
        78.7581718486161        101.004369216988        56.7585289897847                       1
        189.391336956614        21.2551608164544        279.813092008163                       1
        160.395646235781        12.6308254561649        125.429118533062                       1
        296.421374810765       -63.4566388703803        141.878179408041                       1
        48.0064149244193        175.952045648392       -48.5761333790586                       1
        308.000927371083       -68.0698648133215        162.442214418119                       1
        159.136855711532        34.3170662562613         137.73222911697                       1
        116.357587505334        69.0430077793565        155.118640308776                       1
        48.1378217141667         52.293315275905       -16.7784658323656                       1
        50.1497619797088        113.012682877153        73.4422027991885                       1
        128.160120428765        24.0544392370666         152.91658405408                       1
        96.1172131421183        68.6574885973463       -9.61808480073385                       1
        67.0045920175708        118.387200591388        142.304809092281                       1
        104.976112497606        57.9438641070545       -16.6913112424121                       1
         35.230915353974        111.736707492109        57.2527912631122                       1
        297.715351794423        95.2630198476647        40.6792383677966                       1
         297.33867743397       -97.2523531448746        168.821496575684                       1
        458.025314718959        95.9448619865669       -18.4352225689449                       1
         108.67420804371        87.9590849807202      -0.779756698004723                       1
       -56.4249773664631         90.286693570267        24.9890082276404                       1
        242.243645919866       -99.2629831503564         42.443206157402                       1
        252.216827746158         57.668064806466        55.2142358898025                       1
        68.2177383005568        159.174337631736       -41.9413009359171                       1
        129.687702242188        75.9981856109242        143.160749149027                       1
        203.751292827059        22.4682835410031        248.579589247363                       1
        107.543459354532        99.9038011721741       -28.4978359662572                       1
        164.369799330064        98.8762386647681        149.410340561753                       1
        10.6386346774076        144.856070034811       -113.126523374784                       1
        112.170786817974         69.748899307343       -1.15665752150879                       1
        126.636211709978        82.5443512110118         169.05359850831                       1
        102.341849728063        221.466921037021          71.56732688627                       1
        286.209913203586        105.208172085338       -135.943436410534                       1
        81.8704560092203        196.173428973005        169.771723958753                       1
        95.6641228461737        65.6566004767363       -28.0144018870125                       1
        49.8536227395512        126.466697257449        58.3458707342806                       1
        107.627582923967         80.667641307351         152.85589314444                       1
        45.4644120607133        94.9052693337983        66.1060759989237                       1
        89.5547867180951        115.157207346099        143.398783965499                       1
        225.979493017568         -105.1692764905        228.348110260916                       1
        257.496826340531        42.9236441597522        40.5076796277431                       1
        106.204103079189        80.2903852514545        -27.251873465824                       1
        276.833321150148        90.3550353296529        41.1186239689626                       1
       -19.2377483158735       -27.4693192698853        291.629492649987                       1
        87.7858546054307        80.4440041653875       -22.2276973214866                       1
        94.2577356955806         79.183318995654        -11.585636223707                       1
        143.456166300795        12.2991301936403         298.24654925365                       1
        350.212570698723        101.385700387356         100.16605631528                       1
        228.281638802952       -69.4115434988754       -26.3919315617243                       1
