TEXTURE AT STRAIN


B  100
        174.276577541479        3.83575326860432        67.4901780283365                       1
        171.693908762973        162.171078449301        114.907144445946                       1
        262.312699009955       -9.33833678418126        167.427554504361                       1
         247.80039152146        7.06733403015895        25.7279067166907                       1
        245.674610145186       -10.3506024277116        168.820543386869                       1
        72.5918211862641         32.010758533523        170.809303098083                       1
        110.051273766958        111.293508119202        2.46570010173792                       1
        354.609104966668        22.0075283297344        93.8841332966698                       1
        307.742186913365        28.1360629860255        122.233808434978                       1
        33.1160855581547         11.169368529817        69.0968123174083                       1
        78.2691480772882         126.45287775594       -14.3957823395122                       1
       -3.08284958748671        113.796249794066        69.5920257756932                       1
        330.496182710424        48.1177453716063        51.8402882224515                       1
        32.6133778675711        166.732174906456         -45.58583063595                       1
        91.1779320549639        107.977452078981        8.15043360374941                       1
        284.339471448982        82.2641753785318        196.531983590632                       1
        310.332296921026        54.0112731755265        43.5306864268392                       1
        243.290889912031          19.12682262763        168.344400934512                       1
        192.561112246791        154.396708685871        146.148530758645                       1
        218.213360229596       -25.2273984915269        52.3042400532299                       1
        161.511418525377        48.6211836059798        118.775711159704                       1
        227.155564404445       -10.3758022969582         36.756420708205                       1
        293.086797142726          8.303480525844        130.534603033216                       1
        148.820860712935        62.9622953875129        74.1164170834615                       1
        47.8062557924185        77.1419693295612       -78.7500117372977                       1
        329.133493518325       -11.7302615801722        115.709565213271                       1
        101.536246633976        75.7787349152289        166.727813868015                       1
        353.815044799038        10.8049053327145        84.5074584926576                       1
       -74.5462085370027        151.535328469469        216.886632909443                       1
        215.155610594336        13.3518884581607        42.9815740750688                       1
        235.522893659566       -11.0695569415229        30.7419990026322                       1
        -44.769616905945       -7.10312981312143        149.066960880638                       1
        125.292233818981           14.2376719008        126.549607712269                       1
        320.620549845466        10.5880178408264        118.417978848187                       1
        216.620715157383         9.7734414939004        34.3874440887271                       1
        199.667313925431        25.6933848866944        65.5195916902808                       1
        94.6791868399179        24.7111604409813        163.501637790076                       1
        235.644705934449        21.3373615833246        9.71680908935535                       1
        236.956798332062       -8.69321516289512        9.93821499522718                       1
         91.357201811483        20.0914019980784        3.43048878373851                       1
        185.414424217814        71.4115348219526        126.271637292837                       1
       -7.51737452493692        38.7539647560218        30.6961348421841                       1
        221.833789806855       -22.4064462443263        197.976766877003                       1
         271.09184231972        68.6559396448601        11.2433088840911                       1
        313.472934737975        13.4985281913875        115.104796123989                       1
        345.530462727106        62.4852364536171        37.2494649578034                       1
        431.870523799411        16.3453116882753        159.283127466407                       1
        273.206478564176        86.5990961615965        3.84342287574325                       1
        367.279574479907        29.0640702510443        67.1324810471772                       1
        321.906962328119        6.80239971762569        79.9107431741492                       1
        145.638679813247        26.6035444159895        118.395836233993                       1
          264.1706268644        15.2914319909915        176.863476008581                       1
         196.94401876142        11.4464956379405        63.8900670971422                       1
        304.350257385016        25.5269954506732        142.036584047018                       1
        179.837221582451        25.7581003969896        68.6168016534057                       1
        80.2700660421041        152.202528466456        181.062735011831                       1
        343.333294821014        14.5855122199688        113.066375763159                       1
        149.343527202247        22.6864985599585        98.7550553998499                       1
        327.639517085954        68.9096427692581        228.470513764607                       1
        306.515493766892        10.4384323743188        105.945109426739                       1
        167.635164659279        129.216665900218       -14.0944705518306                       1
        165.761371116697        163.865472825943        103.560457319006                       1
        274.071523264369        24.4451567711877        149.866701900872                       1
        106.807650378032        163.448186602925        36.6703771912054                       1
        159.552772754964        11.4697577084507         70.993412279252                       1
        215.545598584399        154.547196384693        144.086123324725                       1
        279.740659641027        58.2760176137639        20.3133193478526                       1
        160.422718015177        150.123579696872        81.6839749603232                       1
        219.936676622444        17.6936667453276        56.3413075487293                       1
       -34.0956754486732        36.5934931116799        42.2810096286786                       1
        239.999045894973        29.3942993675761        25.6297988510779                       1
        43.7215188633351        63.9106431087459        172.972344421394                       1
        181.368799657921         52.129555256808         120.57743592624                       1
        75.8690166414073        112.100538193283        149.162235746561                       1
        64.9993109288678        25.8509360438014        13.6258108946381                       1
        114.688626075102        155.972434568382        65.1162622132967                       1
        43.2164800260503        92.3845329726456        116.759634528296                       1
        212.656246469962        29.2299681839084        34.1116919793142                       1
        111.161652636891        61.7799166098204        152.765242439893                       1
        168.019989186831        61.7252403488248        55.1358417720927                       1
        89.3346947151889         68.482272972565        145.366306344834                       1
        228.862780878428        6.56912333242203         194.64707130975                       1
        147.561701426076        119.771274312801        164.017145583687                       1
       -30.8559118763449        54.4671169090856        35.9901938766322                       1
        292.500918207132        12.2092214012877       -28.0400623087505                       1
        244.087295326416       -13.2254580434485        8.18141526299765                       1
        119.337922933323        23.4344078716992        116.731239635552                       1
        332.011021170967        27.8508107255478         87.247616258135                       1
       -23.7765597741279        74.6153880068971         24.361818943574                       1
         363.87192893746        15.9866675089656        72.0661560872453                       1
        316.884013950993         73.409082455638        37.0806924238895                       1
        100.478224003765       -18.8663273134281      -0.883745727837238                       1
        125.595249340331        14.2292271580018         126.26716578945                       1
        328.141660320936        27.6117852881021        66.1368297611443                       1
        185.950313910121        17.3422906181665        52.6740634116855                       1
        141.671063344492        13.5153834265035       -54.0765685369853                       1
        162.792666193687        69.3588572482089        126.217123429639                       1
         269.11590297505       -1.61279265788898    -0.00968863406949727                       1
        93.2396790625476        52.3107276961696        152.070249543041                       1
        175.910143436102        26.8642510690147        99.1712006708464                       1
