TEXTURE AT STRAIN


B  200
         43.826403590762        59.4394210573736        132.181269270497                       1
        178.821051955881       -57.6618028034714        131.517823101105                       1
        15.3571237239959        43.8609970277856        125.415434489047                       1
        32.8058038981578        60.0909841991266        113.598411195754                       1
        228.004908732887        93.7054065540871         30.826764131502                       1
        61.0626010573629        71.2333139622297        125.933278140335                       1
        59.6670479375858        50.4009388139539        132.192375747971                       1
        183.466728128212        126.619278537648         86.713884097211                       1
        259.496441733833        73.5062749363875        173.116274758207                       1
        227.863764618893        91.0485728326358        75.7220634203193                       1
        134.656675335419        21.2533537954553        10.2103552756354                       1
        52.7552966576089        74.3817758048736        94.2927852465242                       1
        35.4257090343663        44.8820056209086        124.315038828744                       1
        274.694079898089        62.3483716123017         71.421284200783                       1
        349.101885629835        15.6640290037012        45.0903501037335                       1
        366.644171027352         68.097138607862        168.783135130452                       1
        25.0286005991241        60.8910890291216        122.134250211901                       1
        10.1282691267448        42.1788268714325       0.597916772804561                       1
        71.1022405678246        38.6557756096811        111.151721144759                       1
        25.7616794551828        71.9086176779059        153.271925296675                       1
        286.971887114539        18.6773916770943         200.63396469065                       1
        43.5555513759375        23.9874245676854       -44.0526696385895                       1
        300.413230122819        6.51018799230879        81.0992685565961                       1
        177.932869853781       -2.15975577391462        135.860431070046                       1
        274.824272156226        80.7986252233236        48.0361496036752                       1
         53.115434751472        47.0314819366822        112.572251694138                       1
        80.3577918648918        84.3383009524451        129.397632670089                       1
        61.5750553846793        96.0659616945938       -11.4579972132593                       1
        106.351327533486        23.7032261809633        98.4517604877969                       1
        61.9847647264915        66.1495854503627        89.9112918064363                       1
        261.037683278968       -18.0013572791251        138.370474014996                       1
        121.959882644142        8.53796844350395        137.700501676078                       1
        235.352412168222        61.6858106649064        108.759327894595                       1
        37.0891737342803        40.3328440070376        105.544210507112                       1
        340.335687376568        30.0335684584155        158.881530052189                       1
        208.412090635857        101.864884666418        46.1462700754364                       1
        21.9357249196849        71.3007044000581         96.585462738429                       1
        115.611269705976        15.0523583849595        186.635705741277                       1
        230.094133026884        121.236197870602        71.3840354452568                       1
        156.488145364564        76.6706337065137        50.6361854433636                       1
        371.293073056211        58.9473446500827         138.30473189144                       1
        28.7303816621315        58.7924114734979       -15.6403866729661                       1
        225.096648043139        20.5244427079113        93.1351912872855                       1
        64.3867163649754        61.7300399435504         120.79335779248                       1
        261.290558163067        72.8139286461977        39.9251911008466                       1
        243.514322221225        67.4259072707044        42.5133411442359                       1
        102.075553156898         86.172516541808        44.4484882077902                       1
        177.528990233804        4.63179654667663        24.2451549783376                       1
       -71.1825994341308          116.0778818239         110.19095334844                       1
        401.756576294121        34.2393360016613        136.952214540936                       1
        307.409902175979        31.0341834748821        10.0384151664503                       1
        122.026811844116        54.3245868505223        54.0037180581326                       1
        136.585591024815        43.0302028086646        28.7898094772283                       1
        60.8369515409998         74.026219344815        132.923498061235                       1
        30.0861410411266        59.2983520638458        129.979177873611                       1
         36.754343720163        44.2854335785861        143.881629198091                       1
        401.997480736409        58.6343886799399        132.579253888234                       1
        276.622175294596        38.2625956770805        93.8115744929475                       1
        42.6960575338078        62.1709915843368        104.447233699453                       1
        292.292438037012        43.9984957827355        24.9048939846852                       1
        250.211490645146        47.0000708318129        93.9255380329804                       1
        161.015030564301        33.6163834195014       -2.32554348230655                       1
         251.09895682297        21.8669052060227        116.982492803228                       1
        178.048556757139        58.2983862162684        75.5713846790123                       1
        49.6247197982022        75.6024656006429        116.469763888547                       1
        153.386374146218        21.9787235125484        42.2384933891885                       1
        30.6749877900971         63.934791489631         127.03448084798                       1
        197.234573410761        31.3086896851279        92.6743801303312                       1
        200.164980667292        121.690649114634        213.637639613832                       1
        30.1311608460575        76.3405848489375        103.531030229744                       1
        263.696157814645        55.3015629954697        208.473700679625                       1
        43.1847031221462        76.4367402408955        163.043646748075                       1
         306.47830045893        97.5361247876858        99.2701557226173                       1
        384.561104251836        80.7056303456648        120.486032433772                       1
        212.560766208238        109.506999689579        233.516608087856                       1
        190.483288594799        106.815789014275        43.5529626825669                       1
        14.6440017039918        66.7591721191852        118.687938258387                       1
        326.845854744185        94.1395595730983        135.893400418192                       1
        55.2318894329083        52.4293175826518        86.8112929229543                       1
        270.613518709808        105.850950262542        92.4512782720271                       1
        112.674548398386         90.116856927831        65.6412389486257                       1
        109.049059620993        48.3267107496717        58.0477951817804                       1
        164.463828149382        137.894101691617        73.9654116987209                       1
        278.726024649861        17.9105908762281        6.57795870220839                       1
        192.756064774042        90.2359348721501        213.636216783276                       1
        129.605349248817        26.9051461002337        43.1224532264388                       1
        326.396559072651        40.8670965290373        35.7623197543373                       1
           216.738894413        134.811481886723        236.381251887368                       1
        173.802013925382        19.8393353150082        85.0354539331518                       1
        97.5719321319215        18.0043686391804        89.3005854012569                       1
        135.934764360383        66.7940529503997        56.6298473173222                       1
         242.85452282021        96.7738931791964        243.678127121986                       1
      -0.852769127098199        108.931976038374        141.812141830869                       1
        310.953584045646        30.0730805322995        169.666031485978                       1
        34.7005384742033         99.214980781681        58.3225367433302                       1
         198.18600651762        12.1795441698053        44.4977230668262                       1
          372.9872858592        19.1786950406436       -1.00040227508855                       1
        370.490449068431        73.1833961612199        136.456634224291                       1
        24.9066473848353         40.305913387628        135.090684148807                       1
        220.447039806761        103.957986800341        43.2129843170234                       1
        288.061707743285        59.5303969901508        82.6624540498593                       1
        32.1302244255068        84.8563576569524        148.865718662259                       1
        17.2094138178262        66.6336717878309       -37.4314630268311                       1
        6.25647559299767        91.1880614907167         128.91729703084                       1
        41.0227499099888         89.863017169837        118.473384578489                       1
        247.622925814039        60.1294008206379       -13.7805310999021                       1
        395.737888152895        56.8514467891055        106.703856196722                       1
        127.045514681211         103.13501858408        66.6907068630666                       1
        41.0666329914165         61.957053448257        148.732905452461                       1
        215.917645161259        21.8668814153818        63.4481022199468                       1
        199.372621001018        127.072745374723        27.9281729924491                       1
        19.6932860940201        52.7902476054802       -28.1883986869748                       1
         16.798036946195        61.3526426372529        120.888427926223                       1
         304.37684303598         53.676578947073        60.7867125779529                       1
        253.179277192696        69.4801583252535        20.5517499605232                       1
        306.141413045119        14.1597798448405        23.9773758610363                       1
        208.226160809151        0.42260805014185        154.170771928124                       1
        159.584445790136        60.2129259717626        55.1707625646479                       1
        28.7788797697911        79.4427501383991       -44.0684166819703                       1
        46.6155784306526        61.9681440069386         104.55792428354                       1
        226.860276754594         106.74258321483        62.7761176835761                       1
        378.313841046322         53.753683514306        101.127200342744                       1
        269.852573825823        57.0971313684913       -36.8432873601479                       1
        202.259625018301        94.4807739217899        198.632800185334                       1
        293.327795333796        74.5652259890703        105.083984993106                       1
        58.4107669561284        50.6649965254826        30.3481556910779                       1
        161.094791444064        20.3868147490895        156.614377793503                       1
        255.222857571596        27.8450265826244         125.97074618695                       1
        38.5614063604663        85.4622205452513        113.720216175104                       1
        7.93028297823313        35.8960815946876        120.766974648665                       1
        30.1594327255798        59.7518451303309        129.635231644725                       1
        215.281142245589        61.4218541653104        133.699499322629                       1
        30.6835906260284        75.4948722233696        116.730052035115                       1
        69.1710325866217        61.9784881795592        100.241924254415                       1
        188.545984392941        71.0724990445064        97.7681430484026                       1
         33.267610841178        72.0109711735002        98.3005916799871                       1
        208.782595947045        100.467426259746        66.0116362788148                       1
        27.4327213521505        95.8081842587897         134.95171157346                       1
        16.2963118034054        23.6971013116882        126.017820286974                       1
        261.664392899011        5.91652972111831        142.152727798963                       1
        14.6860710341468        47.6292346827431        137.565745517524                       1
        257.853157467862        57.9226193591106        67.2719589345612                       1
        109.778064664341        70.4686472261009        53.7661180683426                       1
        43.4576120712253        77.2922806477528        142.257957720533                       1
        86.8848980222313        35.2642457124852        127.928389530887                       1
        405.290085080841        80.4705368839654        131.051231133953                       1
        265.300884991914        20.9678922598741       -20.4161668863054                       1
        152.240299855813        70.8094955477609        36.7611777352019                       1
        191.829138312159        101.962375027806        63.5465526191171                       1
        356.992446017556         53.822902731029        -1.1542879267119                       1
        367.347778473975        87.1680819582449         83.819462098889                       1
        171.240040945239        74.2963987863158        61.4531483674814                       1
        299.748301855851        144.909854784381        101.255976101658                       1
        48.1761453169477        67.6997682287036        113.932935480163                       1
         129.61794687364        159.822733312053        120.210098546524                       1
        22.1687719946575        93.9538810649144        119.276074256836                       1
        23.5194956828409        70.9769911536773        152.120209468615                       1
        370.103959259531        61.0882256743207        113.553651905995                       1
        186.573348167519        12.1647301237613       -69.8577369300892                       1
        114.895724737886         35.218443736262         41.464035495127                       1
        230.412251472704        -18.810803606295       -30.5784425854483                       1
        41.0461314060104        42.9028844669259        82.6664726308917                       1
         32.177851465175        162.524539252414        90.5679174189208                       1
        247.539271408938        102.411404535929        78.3403003290856                       1
         277.76517523504        38.9941368611862        20.0883694745655                       1
        29.4739375282391        52.6586237768682        97.7044351616651                       1
        278.425021423229        61.3399055784568        38.0086848199506                       1
        348.457745199949         92.941103717329        152.486353959288                       1
        40.7868100087168        57.6292182157096       -48.0035506432569                       1
        43.8551739875013        95.2597217795146        131.089948359934                       1
        261.858837985797         74.554073189764        56.0610620366144                       1
        223.645651189075        117.237433595092        97.0116464434124                       1
        353.649464757058        35.1782771900715        30.0490044524874                       1
         354.40727400113        71.0412669333061        112.582041802842                       1
         16.631150172174        102.763607370437         70.824089207858                       1
        211.013813985749        80.3632782636585        75.7691704594394                       1
        54.2466840064389        53.8573826061985        118.502786182495                       1
        75.4972062046731        136.414625048325        63.2954941237377                       1
        53.1983150140988        139.591506575104        61.0368806520428                       1
        380.427026441283        82.4866006136005        128.737430737565                       1
        258.820852126176        85.7658220249706        35.4283187570097                       1
        62.5569638932045        92.2859739480376        129.662919384539                       1
        200.834792804384        63.0741351778803        78.0634697113223                       1
        378.909123777678        65.9404831073189        -35.705932612532                       1
        37.9802865693133        66.6336516745266        152.218262905118                       1
        256.465405534601       -5.55539761088853       -46.5642865057726                       1
        241.209308283662        80.7445992539446        32.9448481610803                       1
         10.760014678597        51.0397892981769        136.912134480952                       1
        98.5581596794914        46.4001570865756        106.518581794391                       1
       -8.37934011172175        53.2671883408577       -17.6140352479937                       1
        30.3869772770721        62.9048817046755       -52.8817099034852                       1
        165.287233881101       -18.4475758992841        141.137472273349                       1
        365.696054983367        37.5218877438659       -22.2822800784684                       1
        85.6091740594068        57.6100795696512        83.1950904687766                       1
        184.490815541449        105.859566989678        26.7914086983727                       1
        95.0551464754293         100.10886462042        29.1164349194266                       1
        208.735748055515        135.019658699002        67.7183065354078                       1
        99.6432124525505        107.893571558477        50.7020277289602                       1
        227.048253263068        72.6126609874294        32.7907837226421                       1
        48.1280277346838         73.864472874991         117.38207966151                       1
