TEXTURE AT STRAIN


B  800
        21.2145416418214        45.0650109471403        33.8596639278367                       1
        260.722277460505        50.5082695118968         144.77916513545                       1
        202.624712370769        36.4707821198309        169.906230479976                       1
        99.2161518132431        96.8716889231124        146.738502004411                       1
        287.890309546643        62.8029825233016        86.9074004541207                       1
        78.3091867043576        53.4035947633729        92.5671891915619                       1
        270.757378033384        58.1889001514634        153.344135433989                       1
        71.0024007552748        22.5898863102629         156.79501422269                       1
        45.7933610459113        40.6408914091798        125.089246594833                       1
        193.947381896211        96.9585115925368        23.5892507312139                       1
        287.335212092411        54.8606562699097        103.869989820016                       1
        253.174164408817        22.2039902533505        14.5598019593404                       1
        106.755758157924        52.5445273093179        81.5305288571401                       1
        97.3029311173613        84.4475798567666        91.7391490161259                       1
        181.130604331124        23.0173374713724        24.6354798942898                       1
        128.635062653147        110.244531486538        14.2278361668248                       1
        69.6443517579571        90.3156408411227        17.2116278926976                       1
        361.614471632788        16.5265695542232        127.398853074999                       1
        170.454981486026        87.3936478561478        67.5814505015938                       1
        291.886741890806        53.0586024872856        79.2413176068824                       1
        152.051847907768        89.1446219889413        88.2630841673222                       1
        262.243969203578        102.805545015313         36.585404608283                       1
        214.163774696736        77.3020336576112        94.3519510224393                       1
        330.479358455102        75.4681966131084        108.524352406086                       1
        226.097935938341        32.8320085960543        39.3501459768213                       1
        317.580097180698          32.09370036573        128.635595261704                       1
        167.437779010671        98.4144336306217        151.066643030025                       1
        300.051665049299        53.6801507330757        155.486546903601                       1
        265.616873264631        48.7853746109962        130.376754679671                       1
        324.975773586772        79.1251701802317          54.75988695441                       1
        305.208977948106        62.0342207468866        134.908609291448                       1
        280.792370500864        86.7884638587033        93.9534821847338                       1
        198.308347094223        80.9165298366729        42.8995901397571                       1
        146.387614991407        45.3056930333415        121.483053607288                       1
        257.070415155234        102.244895210989        5.83190979059431                       1
        96.4338663644284        66.0364996824426        170.277415645506                       1
         141.37305162463        72.3861603335352        144.539778135644                       1
        72.3405561506803        52.7470321451403        171.600825709164                       1
        156.815157482661        64.8094051622094        139.948055688073                       1
        169.368821683956        85.4375164332919        56.7059854920102                       1
        148.914376931023        72.6190444103324        75.6080783862424                       1
        86.4331978836776        64.4166787618438        46.3317559763956                       1
        60.2707596635651        20.5450550103866        144.589326033865                       1
        279.600869404646         38.858545750735        50.3542785471024                       1
        44.5344711858612        52.8349824392956        138.059516064029                       1
        80.4497992507751        42.8828604607741        180.223696760875                       1
        103.615534669706        73.5605209271308        56.7601492498446                       1
        203.315977700373        71.9768426163352        159.517377165812                       1
        63.4422431475828        76.3105749130189       -4.24920320825051                       1
        266.540331356907        102.834175900885        13.1970692019313                       1
       0.490180675994055        54.1748615437559        151.315231815323                       1
        277.557761872132        66.3000010708282        78.4442388080118                       1
        80.0164879661218        26.7471338673392        111.468735529131                       1
        87.3112941910355        84.6207075997171        61.6581896626791                       1
        173.008276352008        44.1196903280323        27.2645000886786                       1
        301.105687531552         85.825902545488        59.4856171782038                       1
         285.87235698676        36.8624953278575        128.569156850241                       1
         199.96269856142        39.4550672521886        62.2936264550561                       1
         24.197559564481        52.9588262913416        142.758171425943                       1
        119.434704814896         52.790413463954        142.437931752958                       1
        145.698754465935        69.5032290383272        127.751125652628                       1
        299.884794622437        40.1422577066826        161.046508170229                       1
        354.919503006027        42.9591800052216        46.0893541584813                       1
        172.028332790498        39.0774739731823       -12.8781423688531                       1
        88.5174785294166        75.1076313287838        121.224479440796                       1
        262.166904924396        16.6789493359396        101.106107604986                       1
        70.6813287898714        60.9806426526478        79.6249839443626                       1
        130.413795600285        70.0360656666786        161.764194045772                       1
         195.48874903676        65.1926981423521        34.6176098897584                       1
        274.301064855585        89.3334555443792        47.4996481409982                       1
        386.246701077579        34.1489482521381        158.349172295143                       1
        32.0961126679779        60.7066905100397        73.1660403791484                       1
        226.290837028211         49.946397677052        58.8834882253447                       1
        127.721150126413        94.2999501277665        160.922167015607                       1
        91.0226934922462        48.4499759907875        76.5008939677181                       1
        54.6265439237612        20.4915218756403        162.592129298882                       1
        89.6541516166927        71.5612729293024        140.549979845612                       1
        271.735800086738        82.2332588348273        185.300202710485                       1
        188.375561194794        86.9394253244836        59.6871067506486                       1
        350.621775099513        22.4403301319165        75.2163340524738                       1
        160.343189628113        49.0183946370636        81.9651161997879                       1
        349.738172772242        98.1841562021999        150.447607908764                       1
        98.9930963654971        75.7374274676514        87.7662166633768                       1
        276.863835757292         58.391629313233        121.690406904993                       1
        319.155170692141        6.93182417630987        71.0760727093699                       1
        239.884101136821        82.0913421063789        146.157867122263                       1
        102.874015393339        43.6307467829647        106.042284668833                       1
        275.124654353098        93.5585852424376        29.6169657686602                       1
        295.547863220778        80.3479036586388        115.964922716607                       1
        298.553114854216        85.3083685513789        103.823811092308                       1
        116.974556189993        71.7908209296053        163.608577045373                       1
        26.9508584358592        42.3056435258475        120.444904180274                       1
        105.690986561644        93.2804245818708          96.59891441826                       1
        338.233007832135        73.9538029700942        21.2677322031474                       1
        46.1491941310525        23.0478654925877        121.064915724831                       1
        40.5983642513859        41.4308561263204        71.1002799217264                       1
        215.112547942124        45.4280020834693        36.2884577562301                       1
         32.601776822852         53.908074188804        49.5014685906154                       1
        278.294129396184        77.2763925845415        63.8484199514944                       1
         108.14218199421        27.1067248685325        156.410218942295                       1
        70.1721158408412        74.2397993957509        30.9713551269573                       1
        255.878977387112        30.6752126935583        168.968803936949                       1
        45.3166489090142          21.80134288849         88.326231496401                       1
        81.6773672998667        32.5167126873444        80.8324393471693                       1
        45.0826384272489        22.8633869240835        44.3660045239411                       1
         242.59325734816        64.7627248847228        21.8138351325512                       1
         234.25459161461        62.9959083123436        154.602778430391                       1
        243.186193548806        41.0404262850427        188.368882090684                       1
         261.71529952046        56.1202551946848        113.592535767344                       1
        374.922178903001        41.9695264095175        199.697063966312                       1
        204.261613582845        58.8361385699655        29.5599384165363                       1
        85.0602668054625        68.0326250687358        34.8460477104071                       1
        249.425835944391        79.1550244782285        39.2209269609736                       1
        79.3452454641981        36.8290071333069        35.0626817756848                       1
        354.087353830461        33.5661112695584        40.2015958322246                       1
        249.200289060399        34.4878698617236        153.172676481302                       1
        248.942430930508        55.1243245813382        128.130079990737                       1
        235.435164729271        17.5579591731274        82.8335856767097                       1
        54.9586692240755        50.0444109114364        89.5003289123919                       1
        323.748643338857        34.0708203696746        65.5074604614904                       1
        335.763700529234         72.473505230285        42.4808137550896                       1
        313.756404455844        52.0639893806197        3.91206796223905                       1
         241.42461572115        80.9764040012084         77.066728240604                       1
        112.340549085835        71.8670107423934        123.300158482361                       1
        69.2926368691897         4.6394535084133       0.260499774423301                       1
        76.6437350760613        88.1649092340058        48.6370297602749                       1
        14.1792190552035        67.3472433895564       -2.77495723365838                       1
        121.960638169357        79.6145388843777        103.668471563903                       1
        129.214171665641        70.1904674637989        144.002489138354                       1
        30.5911131116521        104.609302851036        41.3577459245698                       1
        192.555150505579        19.0397016682217        159.095806544925                       1
        293.857184502178         82.619660765098        49.2828426391258                       1
        285.900957110333         64.972637717904        60.7862607562788                       1
        74.3109978666239         78.798727186968        68.0728965374446                       1
         183.20013907994        64.2692681090451        139.251528872797                       1
        50.7225364176335        92.5367839620385        114.875244284771                       1
        211.301549822111        34.8072826894198        37.3335093676407                       1
        343.618471846468        36.4275718010412        102.829536260897                       1
        128.356885070245        38.3676199983959        81.5306410930621                       1
        160.330982882924        60.5305974857771        40.4091306321879                       1
        256.910599050999        29.0325128086428        125.844219060359                       1
        10.7308989095262         22.389271498257        27.1797292735577                       1
        317.688709623414        7.04149934557306        72.9503062600018                       1
       -16.3795555067941        92.5935143109315        158.569901814013                       1
        184.133220545961        22.4659892395695        180.641250057567                       1
        270.036916566993        38.4952089255812        122.481927656984                       1
        25.8834844575538        92.2625519211135        104.694959451967                       1
      -0.322604547179432        72.7593694368474       -11.4924150970911                       1
         18.355004555293        46.8245364395979        25.7489336445331                       1
        99.0993626787233         56.457368251387        93.0285575256348                       1
        315.612876957901        64.5742385864089        62.5473706207818                       1
         251.26483808439        78.4143903853893        21.8522672526061                       1
        273.724837778825        85.1841063523966        109.386777479684                       1
        160.633693057805        99.5635262536552        80.9412394492218                       1
        47.1852187074313        31.6178173684902        136.921374861218                       1
        235.522317673226        84.5882124604038        145.309868467193                       1
        182.634771003083        83.4591052946759        49.0720769492442                       1
        228.908198516855        67.2518876367049        76.0220337102672                       1
        215.100610784671        50.1374512619377        84.7549025605658                       1
        227.852392997022        52.7622757875473          73.01137212467                       1
        276.796158855188        22.0758181361973        49.8985251205417                       1
        281.792692355428        94.8856210638456        20.3806676993449                       1
        181.975856950652        47.1725022865468         13.041764404527                       1
        156.639034358472        29.5360074642156        34.9201555370026                       1
        143.113910233886        25.5747106240629        88.4326256903347                       1
        107.481863921681        10.3763885936072        175.068185004536                       1
        294.960167229948        40.3537163284149        83.5905243488186                       1
        206.986859377679        60.8507234223321        173.059745544823                       1
        133.239030406114        112.440988106701        99.7705288105949                       1
        105.871624774837        63.2671271527278        80.6668741417784                       1
        65.6459823579782        88.4455813328976        48.9070154037906                       1
         72.855416504065        86.8650542110406          138.8167368084                       1
         198.69214994807        65.9698443951792        65.6033474624691                       1
        123.851430695531        67.2868740801824          153.6074565388                       1
        64.0126238233934        43.0163956522366        117.925623380939                       1
         5.1543142574804        36.9766641175705        158.881473300217                       1
        309.437156271458        100.818249864511        118.725851800802                       1
        208.750819944235        78.0369872432426        105.619834910637                       1
        225.163864247979        37.2055118109967        91.9481993756795                       1
        192.922789045775        74.9101144465627        20.0817774641624                       1
        54.0099310874884        82.9227680297254       -14.4204645580426                       1
        307.311281091628        79.1258904896048        79.5977536477155                       1
       -3.27797507821978        54.7941383621167        73.9045660152921                       1
        340.572040428638        29.7452462697546        192.908968874784                       1
        90.3383134230556        82.5945555523455        19.0647388151944                       1
        258.225841442341        53.3841468361705       -8.29747167336314                       1
        161.351837796242        39.9089373860145        139.806220939382                       1
        254.319791362816        75.9225701535082        58.5224879312084                       1
        76.8184174736633        50.3019768651341        51.5154746617594                       1
        300.481247841896         59.002398733233        136.836632892421                       1
        271.006649062029        39.9163253931561        18.6840963094569                       1
        211.701071723519        6.39874149101619        8.52602252148344                       1
        108.786833263907        79.2180219875216        169.025310943529                       1
        347.000184689386        71.1391645501109        152.909561156822                       1
        21.8048041404356        32.0685479532932        27.3569389632742                       1
        116.777199970696        57.4003712484127        161.784593807512                       1
        103.698676823429        84.7068137269905        36.7287360034157                       1
        210.394932292022        74.2633518116523        96.9231602461477                       1
        312.846346782434        73.9443829069477        29.9197637847443                       1
        87.9994296801177        102.347892625505        188.095780918685                       1
         269.48207867401        79.4232857888421        97.2896603492084                       1
        202.505171896799        58.9739630740779        35.8264293108008                       1
        138.056117831577        97.3048386619842        64.9297938948765                       1
        156.586059776431        31.6235527006112        36.1209384370614                       1
        203.540823275201        41.4477005653615        12.9300090654855                       1
        235.135078127066        64.8152219214003        76.6415319679954                       1
        225.915551806618        53.0708542953669        51.3233880309197                       1
        348.162383178656        40.6447528626415        117.951669587423                       1
        17.1117710566191         81.244796262204        140.458794190372                       1
        198.700565761678        69.2986188845003        178.540465173538                       1
        190.505814640586        42.0129965261232        123.857833540991                       1
        279.212176995935        71.4200583260987        139.116958346405                       1
        83.5713847970264          84.67343373047        186.133332127809                       1
         326.97698583747        72.4823442243526        14.6356950740087                       1
        -6.8574274660755        51.1524335107739        128.067914542983                       1
        10.7367636931451        63.0078916623436        96.6593183672007                       1
         139.76066729441        100.535691073312        88.1946057935507                       1
         100.48525756054           73.5954997533        52.7294723274494                       1
         257.79727258145        47.2298065834622        109.218470708225                       1
        316.261080681367        58.4522221743867        153.130477546226                       1
        267.642819262214        34.3087735527887        40.6933533454146                       1
        186.575545139917        49.0552797650792        137.699291289467                       1
        342.403058903926        61.1040373402359        108.994544148446                       1
          137.9325960493        39.0718860437626        108.801668051826                       1
         193.69041990808        78.6327973925554        164.466239437878                       1
        117.456383462772        66.6662190274367        102.594272260166                       1
        339.095265682896        59.2370988843631        69.6567319147377                       1
        263.132478196076        83.3284387144278        126.481406308511                       1
        74.2198626524775        71.2449063319769        156.633900617356                       1
        61.0220823941285        59.7439677787553        57.8079925938787                       1
        108.846198346649        60.5564374581688        70.8897811064053                       1
        329.645275211693         67.480470454998        98.6348119700064                       1
        174.639429909639        103.102628053766        111.820105676019                       1
        123.465744082657        78.0903284551163        88.5680396514675                       1
        329.260544618208        68.7198160007887        134.004830038528                       1
        82.6329706470907         98.047973827317        165.970031229871                       1
        48.3776310320553         61.541875574922        123.308703889681                       1
        231.618051079906        71.9336648859787        55.6203566609815                       1
        245.054801274857        45.4911679599669        88.6671406816657                       1
        303.661703651582        45.0572007278572        98.9003732904447                       1
        353.460519289056        75.6269833934131        134.397950063444                       1
        229.538030365617        73.7463674442737         67.690587210387                       1
        8.07957713091529        66.4286570404514        60.3072998853639                       1
         122.85975276551        87.1091407397276        99.9030690241194                       1
        121.963054241493        56.7965111027536        138.947805571111                       1
        329.949707985516        33.9825816107646        75.8699202654704                       1
        29.1005885207946        54.6911956591618        177.826903456019                       1
        177.741519547272        45.8570673428862        32.4445527475213                       1
        86.6967082639523        66.4495635511484        60.8119853529391                       1
        258.503528649072        71.7640961446712        111.457082192841                       1
         19.501246131259        94.7621420614137        180.565209399752                       1
        102.742951196736         72.009799146374        36.2036314579167                       1
        213.062655344313        77.5917388799662        84.9285058607904                       1
        217.843305792019         42.543016705964        99.4727535378517                       1
        202.228097170546        59.0025826950633        143.281175812675                       1
        345.042458635273        33.2053325990926        71.6609804214381                       1
        337.090740006925        78.7657842472117        122.508749561646                       1
        183.195414769675        97.8571276366419        135.809449657778                       1
        203.149236720258         71.517814952106         16.569776580115                       1
        274.740317757984        34.1751178131756        120.856701506091                       1
        292.963478271234        33.8925815022032        98.7370732499899                       1
        187.309224020534         51.412821709459        30.8601423040666                       1
        163.369585520076        47.7336523762159        50.7212876850202                       1
        113.987674309498         21.523625666553        131.234394467797                       1
         74.888436453779        108.511548033156       -2.28494663357241                       1
        238.731515454049        21.9437870155587        174.236085204385                       1
        1.43805917177907         50.480851904729         109.81444003605                       1
        51.8379468804615        40.0592446611035        20.1260486597722                       1
        100.299746945349        79.5497276301911        7.50330605792246                       1
        242.769501340926        38.5235948950899        57.3341175546505                       1
        252.220093982622         39.133731372872        12.7445857009756                       1
        203.297045455727        48.7806536378144        159.125424287345                       1
        120.395618484491         25.059769378831        80.2864973399921                       1
        181.063389553234          86.03198035857        42.2174809495683                       1
        244.523806443646        108.844616287786        4.10147007296583                       1
         217.77813457112        46.0030537447934        26.3742861494982                       1
        99.9244668118825        60.3925905047737         58.096041688663                       1
         348.75618305898        73.7273926940572        58.7012614713397                       1
         295.79471691248        30.4499106351047        130.216095323833                       1
        337.419593688319        52.7674240922346         96.632746207772                       1
        102.905244264608        40.9325270039871         164.97266487049                       1
        253.001045780823        70.7682554286527         118.52757143107                       1
        263.889161197447        57.6756706995256         69.861421519105                       1
        202.665700487508        81.3879379761668        91.5406222997636                       1
        232.556979778032        31.9974654359616        28.0747493119983                       1
        92.7067033802561        74.8918196811535        165.567769144308                       1
        31.8690722291523        24.9728407786989        111.595831944897                       1
        238.912637477481        50.3323346928478        75.9957247527738                       1
        211.707904751788        55.6290020076409        150.432462079556                       1
        330.928120913497        72.6767642906972        122.240939561662                       1
        151.177660468493        7.15026038062368        21.9718375235972                       1
        92.1473515886144        57.0350292804422        151.029463904745                       1
        218.947272793854        19.0360884948359        29.9468885467429                       1
        259.085462352875        70.2241923574907        136.241372763447                       1
        97.2342156144569        81.7161646607411        64.3097994432842                       1
        356.533480778085        75.4384095548062        162.267230345385                       1
        100.533818710953        68.9936280299973        137.844141696436                       1
         199.99219342491        59.0456096556421         96.094516343059                       1
        314.411510584436         67.635092144842        140.919753501945                       1
        203.044713609853        68.0784547641895        160.937777393309                       1
        65.3842558264243        93.2929954047354         65.137735900619                       1
        214.280549311435        69.8862080800576        155.662132685648                       1
        324.443906063194        49.6636895731101         81.937748086965                       1
        52.5974100775637        53.9652716894215        70.5930707953989                       1
        2.56038655668811        80.1070142469188         126.56657489491                       1
        263.191651890713        56.1406817755888        49.9156903215067                       1
        253.554304853021        107.721812122603        172.734401790489                       1
        319.299932090289        107.566925915451         113.79075970671                       1
        276.892925292449        75.6680865381648         79.304724001685                       1
        245.724322129614        61.6084540370936        82.1277743002729                       1
        261.482957746507        53.0986820563858        179.719597705302                       1
        185.172469843961        52.2234063926043        38.7879535625122                       1
        231.467354545753         47.082495947626        25.7931598299878                       1
        287.578201318953        29.2232118895096        48.1540145907242                       1
        290.545450536413        20.9489732405786        118.299049455063                       1
        203.638740272351         31.635432320679        121.655484422968                       1
        214.837932874141        43.1950288933348        121.025262765834                       1
        77.7636449303658        18.9696800334778        118.315461734392                       1
        23.7105167924835        85.3401935203267        42.3908876088756                       1
        23.7779068894036         47.536085338629        121.876217542227                       1
        67.4034738778067        50.4173039031454         152.32448739243                       1
        80.4236868876354        21.2356557707435        180.146411855009                       1
        101.733513298658        16.2968108602388         50.173415710418                       1
         149.52842451493         86.272272911243        133.068988107654                       1
        124.973691853634        84.7921053199304        142.189246612774                       1
        185.625947207909        69.3842873455909       -11.0427105316692                       1
        137.597986693359        69.6553307649259        136.372963161384                       1
         271.98276775289        39.4061214297421        150.680394639154                       1
        111.679521783532        77.3855363145348        121.192169890341                       1
        46.5646317462429        57.8154823627739        157.166454104662                       1
        102.470038293953        56.3876793528949        49.2736006199452                       1
        33.7333595465074        44.7256301013541        137.192723540655                       1
        316.071982254752        67.1429173878219        185.864880094901                       1
         10.366228667175        34.3781475164392        72.0016919558461                       1
         165.17162498119        77.3410191361554        70.4753772927617                       1
        277.659474634449        57.0632621469628        72.5632124177641                       1
        331.979830704518        55.9028194950508        164.905949450583                       1
        362.988929692732        38.7423358707263        125.409410876781                       1
        213.497892004645        32.5597556506504        144.832149953253                       1
        186.421540637944        46.6279081185687        57.8197515486081                       1
        294.770437238443         53.264337210909        98.2523493746667                       1
        223.241341743335        77.5745936954559        98.5336399827466                       1
        14.2736607697439            62.645990491        125.608985071269                       1
        83.5389749923607        32.6663776750635        160.683937821847                       1
        152.767227887608        63.4250210993879        126.624098802894                       1
        125.484744649359        74.8351422224786         132.58301888858                       1
        298.521186462195        66.4058178749847        93.7708376964153                       1
        146.054791112253        81.4153201855341        61.8730010815025                       1
        159.070401328588        24.0354758442194        100.412555688694                       1
        87.7473679975481        86.5252543649344        172.601862589218                       1
         349.44986915436        46.3636961682605        28.9343549102657                       1
        85.8588350303084         76.173491849224        72.3073722150249                       1
        236.043014556477        60.2535688555238        60.8445091767038                       1
        247.736400268283        31.9516740161774         124.75819342062                       1
        275.257900189533        51.3109392550927        79.1794407266177                       1
        349.290376492779        47.1820604060949        97.9833477191915                       1
         229.58826541401        79.1570540895276        131.353141408537                       1
        248.239645483516        25.7106208523569       0.376113927973192                       1
        200.443283881923        89.6791829539346        4.79793084605863                       1
          159.9276926294        82.4319923716309        114.456868874454                       1
        64.0852274953333        38.0090115982754        21.4029940929389                       1
        109.320015811038        62.2886660131647        86.7806739481435                       1
        294.070491877397        78.5519045408795        88.8045656708344                       1
        121.313781389299        59.6121333510096        41.4304411772238                       1
        135.090176930122        52.3929210678632        113.185653625038                       1
        174.161741811321        38.7715293959402        189.241055006982                       1
        222.054233433508        76.6264072509945        88.2355871468614                       1
        277.543101989768        64.1301549013402        52.4301435534537                       1
         337.43806769113        36.2625786827557      -0.440486225459609                       1
        192.480442145102        19.7601596585706        73.5938228026097                       1
        174.591118232381        68.2651479496717         54.055204151042                       1
        280.802554121826         43.381885332761        13.0281716499684                       1
        163.604886983805        30.5926505730011        46.3362730572683                       1
        98.3478632968601        55.3874258220879       -4.69219482476971                       1
        217.352398765672        52.4079024998915        32.6265353408475                       1
        257.447589547311        90.8668754357325         15.153383057721                       1
        249.062472877331        54.4608398576456        24.1669411186599                       1
        44.1057313621894        37.4082468497891         35.650624464872                       1
       -12.6998992900867        51.7695155492381        162.862309095586                       1
        35.1084928806238        90.3613800425613        181.997779523858                       1
        229.984615729078        48.5578039192275        34.8194847761731                       1
        164.673044181986        98.9079654531319        8.78127822297023                       1
        18.2583861434028         36.239172278272        7.31954642876206                       1
        113.239899584368        93.6980685731653        86.9133467939459                       1
        171.867270773412        101.877358586272        80.1581531712009                       1
        4.85855019821472        59.1467624934399        74.5523218733006                       1
        62.7834676987043        81.9472378359241        10.5749626940064                       1
        36.7049117085602        37.4300822692115        110.456764548689                       1
        217.096051150343         66.530914527559        76.8146219817875                       1
        191.487181154952        82.1701924561497        32.7506993806687                       1
        257.696521913712        93.3696705611284        146.596708105215                       1
        338.461098476521        67.2886519280829        59.3173108475945                       1
        185.842965795303        74.8886177941284         49.481127191454                       1
        85.0844482565052        76.9293377028531        56.3064972873205                       1
        217.021209387419        67.8234103380323        73.4643471800608                       1
        88.8784396226904        39.0203590960722        194.752064838019                       1
        293.938047271334        70.4860516343341        151.430907232142                       1
        217.350149266301        76.7533389247022        35.3696884291899                       1
        236.223729956488        31.2600734364906         134.68808522813                       1
        116.586312266093        42.7390461759265        107.267350376807                       1
         284.13485723118        47.6016064438787        111.821315947462                       1
        314.533194133632        20.7280544564556        12.3950885449645                       1
        171.745150329596        58.0106802513304         122.30851362374                       1
        72.9762161691628          57.23739720018        3.17724584875045                       1
        268.609774265946        81.4977487953296        43.1374874402667                       1
        314.761601812676        70.1103364918048        123.415103829691                       1
         133.67874851531        21.0989931344843        54.3229007398425                       1
        200.651342873867        48.6354620650391        204.730414346244                       1
        182.022708326532        73.7824939764242        11.6253203259936                       1
         190.80252529281        75.8525499461302        177.364789384619                       1
        188.601836603837        61.8185065821281        18.5179699722235                       1
         315.44496041976        75.7053260762177        136.401432417428                       1
        113.856969105847        72.1038420857529       -5.87878366051973                       1
        43.7792713997536        36.7589906872539        175.360173771829                       1
        228.598300348796         67.045411234278        34.4782808966367                       1
        198.245553328868        33.4336219020073        86.6762751085256                       1
        332.588452868997        91.8621743026871        102.474774582697                       1
        64.1711669294551        9.56334359868035        165.153131241579                       1
       0.253346626564796        58.9105235249593        49.9454328687182                       1
        286.068307447343        64.2642347985827        40.5152083171877                       1
        59.6416425899109        32.9480291096776        173.219784292663                       1
        217.513797927632         59.072638793284        118.537077919391                       1
           247.766759228        58.6688773808916        6.11081550149589                       1
        41.3423414495937        16.8114540209922        159.916610382888                       1
        121.536757026788        75.9389496817972        150.304309886135                       1
        202.685882855438        32.0530118667813        31.2163314195618                       1
        92.8256516265896        65.5026572138211        183.699772131274                       1
        58.9401370578723        54.3239305660017         105.66269181271                       1
        168.153615025356        73.9608095947944          127.9117243748                       1
        214.755655530161         66.894967758128        142.201722982035                       1
        156.504387880258        65.2974965738675        67.2707340332145                       1
        74.9454065070274        33.3147650572553        117.631958696199                       1
        339.680815091516        75.8459207341239        185.881220068486                       1
        214.984934583097        39.6399840460618        157.457197982845                       1
        257.157032010463        115.855427344148         24.085482942059                       1
        303.931485093088        74.4996358749271        116.608947834383                       1
        97.6823675970218        76.9707924648742        115.354387100368                       1
        149.000452726015         40.880849625443        68.1070609589204                       1
        40.7473096209467        48.3415623238389         113.94491591329                       1
        128.085160533004        68.8781731487103        136.357183783913                       1
        67.3743676187432        63.6807644804869        47.2950014239367                       1
        89.5427881590525        88.1511496671861         146.81218476231                       1
        274.789598869884        39.8876484161872        175.307712585165                       1
        33.7418577813517        27.3684503173128        24.5624558306032                       1
        342.261300038732        79.5193073672131        123.038913518597                       1
        322.736629172603        88.4800654323827        117.857701323604                       1
        36.7851940813867        97.3296450068482        30.5161510142674                       1
        111.982757273485        64.3420857351094        51.0050712779362                       1
        247.947913708789         66.029773238966        147.872376573266                       1
         188.72707311502        33.6991574373626       -2.05258391786256                       1
        79.7662067459954        89.0584282677736        100.144094696995                       1
        235.116519338824        80.6973197136724        100.404301372129                       1
        43.9565120962122        38.1931842745987        52.8084375343513                       1
        358.747129187523        60.6796705674582         -5.201709341599                       1
        74.7526984441016        18.8132463687178         172.51032185575                       1
        82.3213578392231        56.2101766139316        65.0684817287076                       1
        298.163341632121        64.7729993734918        152.393996537021                       1
        309.642817789923        90.4307808093055        96.6614675273323                       1
        346.815665300342        41.8254817762851        119.996293419899                       1
        287.924417127596        96.2787315158596        151.935522835615                       1
        77.4643946811466         45.533619649859        7.05637427045724                       1
        94.6028098236256         71.331262271942        103.599409535575                       1
        103.663503054303        81.7946782738501        129.402276915096                       1
        154.767239914329        125.189933842037        65.0376145383126                       1
        237.250844154517        42.5281801908424        42.6390927860337                       1
         329.01186415454        17.4920999493202         53.998442815797                       1
        61.1158115549471        44.0361444977237        113.918369032889                       1
        176.339745942716        88.9832079189713        29.5867581355957                       1
        225.316946053797        63.6109042033985        104.000259635036                       1
        174.375124105595        55.4025215109017        125.677616874628                       1
         122.16020808859        89.2227648980752        112.954039859699                       1
        58.4799016341194        33.6591526783572        145.473952964208                       1
        352.921620400201        62.3744377554555        109.689721318861                       1
        94.4929016884803        43.8359821176704        85.2046609973186                       1
        232.706690863455        69.7395392300099        21.8836176527527                       1
        183.831507865354        38.8259635514935        174.690742827994                       1
        77.4323960109356        42.2868710418388        167.308695777198                       1
        135.210682968389         55.439869215047        79.4870853897891                       1
         62.853884014547        36.3244318484681        136.188701689819                       1
        228.876237873379        89.0809210127095        118.686785710214                       1
         370.18130619912        37.8377332727955        90.9157624007399                       1
        326.501381427355        81.9447999061788        38.7802849328717                       1
        7.47765828247371        37.9404526147847        30.7950327946625                       1
        141.018838835031        15.7437086713323        163.055485669074                       1
        282.478795223215        74.8552492171113        116.080215736994                       1
        249.804917583168        67.1059485169901        63.3530482128061                       1
        295.943533766431        74.6237289138563         174.23366063455                       1
        319.663333325228        71.1183060439259        100.094900376067                       1
        123.245691543134        39.3832642519282        74.2162720939362                       1
        123.250074336747         77.820326382269        135.658121733138                       1
        163.475693482727        84.0003282407234        114.865208900444                       1
        199.499240955612        55.0133245783688        52.0265997391474                       1
        289.777868840598         80.412817446339        96.1960223188371                       1
        57.1607849613187         36.721230828812        96.8965075720593                       1
        131.438534567381        95.0004742052019        69.3445830003981                       1
         210.07354500497       -15.5772146435916        116.731302642593                       1
        121.950572695535        65.6045466410825        123.853484386552                       1
        11.6790401929029        45.4055304120955        85.2178239770496                       1
        115.403604240391        63.9393204826005        83.5220105343826                       1
        265.200221675997        69.0231649404129         92.636645484273                       1
        143.569626139291        50.9166453640776        69.4903055845013                       1
        177.414857836827        67.5256843978612         60.051627593634                       1
        24.1493306940008        39.6034554593398         134.67487742936                       1
         270.48727393558        43.2445781021532        100.154580526169                       1
        78.0596008426541        72.4011729258778        159.311242266696                       1
        105.596615048665        96.8425907752346        23.5602082980195                       1
        304.019977158781        50.4899920392093        45.3860882645505                       1
        34.9396172752273        49.5763544146233        128.622128103508                       1
        17.2999335579997        39.5514502768604        107.062616376175                       1
        97.3868654211441        36.1532496717832        115.517849089464                       1
      -0.267085835900352        67.5187901797413        30.5490242884597                       1
         16.552881117594        68.2913033352901        70.0037506953542                       1
        80.6327023913985        66.4862816800117        14.2507026554904                       1
        237.033653820336        69.0603236379461        139.064479601709                       1
        225.047525528311        29.3533606312891        32.4212850028792                       1
        311.427361975147        26.8775234503736        80.3650391051272                       1
        112.014771908312        91.9694630441353        117.453668040983                       1
        288.937778353756         87.086589947947        121.812062100968                       1
        351.174566190471        73.2107323486794        27.2626022834022                       1
        44.8390697016798        36.5868776010161        177.732788537688                       1
        262.186020472184        126.673492154478        189.880020949388                       1
        181.685687423603        59.8535765866363        1.40606361151467                       1
        265.680730114489        74.3824391523124        72.4094980593638                       1
        96.4314102036998        65.8896407347974       -9.74807516344132                       1
        100.721559132638        16.0489459135324        119.670054610381                       1
        116.298584815477        75.4799055964872          89.24560389771                       1
        27.6603209397278        69.2567463850009         129.22561377755                       1
       -2.69970895600991          95.96965333939        11.5090960576121                       1
        188.427578063484        76.4141785946589        191.441976956865                       1
         271.79607659008        45.9715431972238        114.461696305738                       1
        134.958193339744        55.8702551950784        142.028478216874                       1
        115.101562572332        81.1904987956147        20.0214979747927                       1
        271.952247715689        28.8379440634757        160.724264833232                       1
        285.389860735386        93.9355742124635         127.14195471546                       1
        324.644752254454         59.793655182239         144.27131049363                       1
         18.945173312947        48.8294030717446        56.9241126403064                       1
        177.664282805836        11.7755507494637        46.9180586510053                       1
        355.403830452498        92.0446721261532        154.919359709674                       1
        117.224339574984        80.1239385038555        46.8611483936167                       1
        284.413028158299        69.5029925097105        96.9188106313352                       1
        358.218332489984        69.7051693760962        141.742433660987                       1
        140.934946473237        94.5862177867304        49.2308078931019                       1
        212.968773762799       -3.60625277713864        152.116924848116                       1
        110.866723812188        87.9913621620307        94.7692730332073                       1
        103.482141094405        57.4024100229601        151.896297111839                       1
        236.366417159621        66.7850517405072        120.122234294294                       1
        274.131557041103        91.7905888875275        6.20830065691836                       1
        43.2411959671428         79.535159330749        102.010832423693                       1
        289.109093573348        69.3272660060516        117.033522399384                       1
        2.23167940205845         21.733209395932       -11.0089536351833                       1
        121.880860599888        42.6702317445158        135.142717436185                       1
        183.741318504541        90.5064061457011        183.730163580239                       1
        255.139166222554        85.4896123616894        136.268128886102                       1
        36.1968046564721        80.9659790372663        165.498310760812                       1
        131.392704675258        74.2603676208111        97.3606868195241                       1
        91.6057631599278        76.5581524489361        77.8577637296441                       1
        322.886491101605        3.17388298058822        13.9400630630289                       1
        340.304857605746        85.2458449357112        125.182825821776                       1
        105.926616623046        79.3868919767249        69.8411576570162                       1
        130.925022213404        76.3428625482884        78.0336758978349                       1
        177.483264631185        67.7975688696528        39.0124710978971                       1
        347.209473181016        63.4524458588944        108.083894835037                       1
        307.045224126889        78.4842114587368        149.056716334053                       1
        140.028640934548        92.1231185482898        184.144275995535                       1
        366.167182207803        57.6427665515307        164.079870299245                       1
        145.062896558544        80.0744379064963         131.90898081719                       1
        202.440504476716        78.2673744584699        173.643065745276                       1
        231.277658226402        79.5901440458892        47.9351863231797                       1
        12.8540835445776         60.321925538147        79.2660985245981                       1
        202.775551696641         15.805032143473       -8.55068961254592                       1
        340.457934449436         59.163034681229        27.9132320637518                       1
        108.568383732281        79.5213135668382        149.247269447975                       1
        192.453733573589        50.1539950435139        105.907731280694                       1
        199.002888062646         60.213997056102        11.1875546537743                       1
        190.759010882384        37.5824199612482        152.323648641703                       1
        278.591864347566        83.9317002089686        170.035184487527                       1
        271.840614813465        63.5815407617205        109.824081379495                       1
        4.06579920684339        64.9199058960063        121.930268125747                       1
          16.86119903632         76.599060280014        128.709637273798                       1
        356.075189894917        65.3072239302106        86.2737483492081                       1
        32.3455806514596        33.4972164145169         62.159952519421                       1
        181.355010869457        102.466367354401        66.2816791776953                       1
         97.657671108063        92.7701109828349        129.230743561322                       1
        315.982897552093        58.6736857921295        120.403817903175                       1
        71.2972121813429        74.9387315954544         23.346406558623                       1
        103.057670658245        73.4069582892503        98.6695229116221                       1
        85.4169847713929        55.7565391171307        13.2862228647325                       1
        164.701496789086        57.7801496272164        69.1840881864841                       1
        179.247282489063        23.3654128195132         -11.67248212566                       1
        85.5851686869635        67.1241491102114        82.0952464363745                       1
        87.5674537109577        87.9476525938453        155.068104497993                       1
        121.865300891683        15.7526653499166        68.2467245900988                       1
        218.994025868565        83.4190609005125        161.461217519268                       1
        293.179499022103        21.7153044187373        149.898365696666                       1
        269.978665693455        64.4625633452363        82.0246077369599                       1
        89.8751858964357        87.4440145016414        47.9365954759458                       1
        213.757482069224        61.3976253294831        86.7388929436339                       1
        98.8341965708599        51.0624300220606        43.5872105863946                       1
        95.8624161431892        56.5839917843226        110.044859667797                       1
        14.1749995128537        40.4340257986465        131.119385289764                       1
        110.702733803741        40.2988585421021        120.370556503369                       1
          325.8538825512        63.8453234186135        119.448957747853                       1
        109.111910204936        8.83170124828179        97.4228695198892                       1
        123.047258580974        81.8696648475615        41.5926643124204                       1
        298.024383208236        75.3015860155889          138.0555274604                       1
        71.1922317504631        53.4141181725048        31.3632013801687                       1
        70.7954686567279        21.4004255777089        97.4491330471244                       1
        354.116886507027         53.146191101623        102.385234138213                       1
        250.977034955657        73.1711466653974        16.4376864188803                       1
        36.3606842094373        26.2095824865411        4.59490330187876                       1
         143.16827284906         28.047729517957        12.0998979483007                       1
        214.202199125678        49.4423411313286        50.2768210198838                       1
        189.549833238061        58.6582356079727        119.571550728952                       1
        111.430144425879        86.2555806083132        129.405008528538                       1
         145.76009170571         54.724092944252        142.453121037974                       1
        308.456346719934        87.1517144391723        1.24240385104352                       1
        242.114539825007        106.966781164799        180.271762365446                       1
        230.308159032735        39.5805636754604        7.09857256761302                       1
        113.610294041827        65.8652873084151        146.739282775857                       1
        123.043439053623        87.4111691110249        13.9210319565339                       1
        84.2129386935365         75.524175358783        52.1388721113977                       1
         127.47879771019        56.4107701172365        54.8756226499618                       1
         36.398636596392        25.5753406447836        165.899955684127                       1
        329.165926687113        54.4576742867918        18.1352330295163                       1
        220.590502141082        63.8834789295032        18.2345649322309                       1
         289.79126899003        61.9588304000275       -11.9942635710656                       1
         162.88201581245         84.167685247395        55.3651355028036                       1
        189.528070530552        98.6492352158416        71.5675235153152                       1
        297.187523574679         70.075087285562        113.794414331676                       1
        282.714779170261        94.4501903826143        20.0789743421597                       1
        249.285236030103        63.9757957113011        101.289665916571                       1
        284.579321413687        49.8976571551724        152.614266479425                       1
        276.837665534886        111.369619571739        35.1581798068494                       1
        198.233934558307        46.5105942356439        44.3332430859015                       1
        20.7843286584435        51.1160878712103        161.739284506987                       1
         69.900031510407        90.7964998397212        82.3952985511226                       1
        2.63022524777762        80.6361271855152        161.136856820181                       1
        238.721271383918        58.7650848300862        41.0589813706314                       1
        163.116240987511        50.7829239988929          9.510028354416                       1
        9.32137240360803        56.7626924172151        99.5219812786701                       1
        47.0793085183252         53.799817328693        52.5362995320823                       1
        96.4339428061271        67.1503939093878        71.2400588363738                       1
        83.1807351547123         60.091899191349        83.9235996694455                       1
        81.8596113267615        64.4263060724346         136.48571171058                       1
        35.5713776802395        55.4940600857769        47.0661329772316                       1
        106.693991786472        71.9992522473301        146.974438769233                       1
        189.893044815516        54.4650607761224        178.500068602474                       1
        295.746214944702        11.5150874510996         118.05337459815                       1
        65.9668249727314         73.466290584539        47.5828679914043                       1
        353.475953394339        49.7700828659412        48.6274497296961                       1
        116.317907661886        69.0582069941532        55.6332254509079                       1
        52.9944439415876        33.2994398543835        42.6967589358398                       1
        316.407018691999         46.570517192454        23.8129480297524                       1
        343.749663582215        56.6378156734416        127.825948003049                       1
         312.87927255288        95.2777354437746        54.6326879375091                       1
         354.25646811534        68.6861694284268        121.582651900723                       1
         114.43674647783        26.4258202828718        127.095755758352                       1
        294.024153195871        45.4893061224354        136.584066308241                       1
        266.359791375675        70.9877367417198        127.998852408434                       1
        175.427005568873        28.6272817645619        70.0444036282657                       1
        203.325525124262        61.7763684786277        106.380927454453                       1
        176.928791969209        67.7525710048237        34.4314871763207                       1
        326.191955277497        45.9605771258478        123.910510035857                       1
        214.861965167778        81.7400492058402        175.496945381758                       1
        144.832441960919        82.4154521119935        146.654618422614                       1
        81.3158791414126        27.4435658383144        59.0786670322409                       1
        276.488984438507        40.8887251804767        84.5015383474953                       1
        303.399166802683         39.622067096758        98.1430906354595                       1
        267.163412979794        62.7638166207557        144.294664601348                       1
        191.665852087297        73.2840947719614        148.972430396759                       1
        123.330715677623         58.236721864041        70.5709080790399                       1
         249.90596478897        45.0811223691877        135.579606148019                       1
        108.091343895345        77.5433998778706        154.656461245761                       1
        140.955656080615        64.5219739152609        125.043187866429                       1
        224.242819184325        51.3502857189395        42.8585745501921                       1
        333.381713994556        63.8532336150016        -2.6892988278592                       1
        302.787126784906        57.6097361662099        119.937234258683                       1
        14.1127572592161        23.2667152013111        144.650872747415                       1
        131.647873346708        93.7244938259479        135.744580878068                       1
        295.979860594433        85.0179189922716        154.983691789102                       1
        156.987248419144        89.7260424536519        123.793874188895                       1
        42.0464527229185        43.6203469060868        169.259387863805                       1
         12.491301379648        33.9068246776157        17.2880502777131                       1
        76.9239249482862        37.7175640189658        127.413381235822                       1
        23.6402726198161        56.9152050226458        65.7614289195889                       1
        289.864077806057        91.4165684856254        102.884280276499                       1
         230.96299919091          58.29063157762        11.9598976496861                       1
        202.352581068594        80.7713507444098        7.17202724546894                       1
        325.021833984918        53.2425605506715        134.414520892357                       1
        191.030245581608        89.4598495474205        11.1622990112793                       1
        341.390842239697          54.12700477595        115.634437130216                       1
        28.7073749866993        65.3133011904416        127.460738490668                       1
        286.049267119588         48.102143188333         26.262141586698                       1
        140.843769257989        69.8322142603119        143.483155206147                       1
         110.50199317317        82.1554569918977          69.48491629252                       1
        112.615898005733        29.1848869804771         139.36094467191                       1
        253.079840691309        48.1916522753159        36.7714541578835                       1
       -8.49757192679074        18.8706941285672        31.6111499737438                       1
        42.9246759389031         41.414106637989        10.8354920731618                       1
        284.675254228417         96.564507084805        71.4060672813603                       1
        58.9108155946451        48.7999512512212        146.910510248106                       1
        85.3369682182244        80.2563535803042        1.26896988033508                       1
        15.3207672758527        68.4261474041329        151.116945995373                       1
        344.579555033846        52.6204739153419        45.8880402222273                       1
       -12.8974168207441        67.4968942603192        89.1227419572946                       1
        8.71512258495358        45.3469324518678        52.0942848502446                       1
        342.705667557238        37.7617329241764        192.037707390971                       1
        18.4162159810046         53.364714876393        145.409559291839                       1
        218.499168741749        60.2124394984007        94.0063768468141                       1
        157.418325610395        74.1932388019632        138.558730010135                       1
         24.032849841123        82.2871281913949        4.47440869533642                       1
        165.595907515662        68.4026464431077        25.0083320184639                       1
        332.272086765112         84.561991736944        104.191074136559                       1
        248.585276548474        26.0158120566108        140.164963076874                       1
        299.270968058441        25.1910116955492        16.2635080612599                       1
        355.908286033024         19.592900074751        47.5496928763573                       1
        56.8716580602596        43.6931904922224        103.740874801661                       1
        238.026342363307        14.6700355187001        130.449399049589                       1
        310.972067790046         36.578452239992        27.2138253087649                       1
        216.287894952841        59.3372809753526        145.997872304647                       1
        272.760247883842        60.0882406263238        94.4862415541279                       1
        17.8798957801821        73.9305573068635        107.625819257459                       1
        105.260753055881        67.1750607349216        66.4151169153218                       1
         298.74591197334        58.2312819571765        124.673502144444                       1
        116.347541299007         98.809624143968        152.144258322956                       1
        190.514189855408        73.4424332224556        42.4029124829175                       1
         253.81105360644        38.9626665786612        23.8497936904396                       1
        126.533533374685         82.030032041396        149.772254501866                       1
        178.644581631357        64.8294764059291        42.5396928400651                       1
        178.188845774611        86.7025341781685         37.413695753379                       1
        22.7880852329828        18.6380380392431        32.6470091626347                       1
        298.971691787998        54.3603803961538        110.532295361614                       1
        157.065893642689        24.5189453008131        14.1657533626518                       1
         55.604467300615        69.0666592211067        201.120512370593                       1
        248.841268485698        47.7117763653573        113.015790726549                       1
        345.208986504874        66.0878118196788        127.626696559046                       1
        138.129493516535        78.8483002137149        107.682158893258                       1
        342.461782517584         78.140666854533        134.964069016977                       1
        16.4241431266574         25.864179249003        88.1773194414858                       1
        42.6113505924699        66.0674132775606        20.4013234657371                       1
        203.328892915042         53.004350401309        165.399870397283                       1
         111.20300842944        83.3213178683294        71.9045343526168                       1
        86.6465402776709        86.2071566136675        40.4128839311631                       1
        121.858000027435        61.8311278959208        127.962525062633                       1
         128.00254832896        31.4372034132014        97.6217646972992                       1
         226.02528040037        61.1478557767508        87.6802823039846                       1
        147.688368311181        99.4099019356726        110.936136802397                       1
        215.467930991415        48.0171000651698        71.7130461380782                       1
        247.716635595846        48.1952092233046        23.5889769444488                       1
        362.893596995067        50.7220989840276        133.602579132514                       1
        236.107937415011        49.5047627198995        156.005138034222                       1
        28.6353661416166        57.1962551004592         126.92838765504                       1
        215.231397788089        67.0285942294106        64.6259824080099                       1
        218.732603484803        65.5698618747617        168.860820943883                       1
        309.598630512648        61.6498664560241        18.2880465250377                       1
        137.514338519209        45.2918462956014        88.8085729373351                       1
       -6.34227658946563        87.4350186245636         164.42798832873                       1
        335.616877381731        64.8806303080467        154.573919784539                       1
        321.267493780512        88.6476958044754        27.8092521533008                       1
        281.519386530109         55.980994075978          130.6215153835                       1
        189.095595608801        59.9990759864808        161.355264415324                       1
        292.953035763011        77.7773306918594        98.6965402996378                       1
        70.0802789551821        55.8050691634023        161.259149390578                       1
        315.819822282899        46.9523191836722        96.6002745429901                       1
        309.149996119611        42.6498042283168        138.758316583786                       1
        323.869432513891        46.1286392765439        115.352209107985                       1
        88.5746681341547        93.4859464161767        26.8704986965111                       1
        137.615610402897        85.0091531018595        155.625463328517                       1
        283.098006134954        78.4460464997062         41.355810504415                       1
        268.616824701942         78.482555469489         108.42420156036                       1
         73.118086533508        93.1017677812123        147.915434812893                       1
        207.869015154068        87.6278172735017        163.705581938642                       1
        203.229758991474        57.8535480380514        118.186250529136                       1
        147.018377602264        83.7402864428773        165.020620278146                       1
        58.4399382913272         60.929176621629        157.314527921274                       1
        100.410714746945        101.497828681544        160.147426581052                       1
        158.237170759997        41.8312635261646         39.786133304581                       1
        8.03063862151383        82.1402500662087        3.85673399238706                       1
        279.933664691658        80.1690427583386        111.378930244481                       1
        231.460573435494        50.0107474450978        133.326487199457                       1
        5.00518956962711        57.5631236184759        15.2759700751806                       1
        211.843642569571        23.8250545758827        63.9152200002631                       1
        84.3108554655734        31.7594014100326        144.999024042039                       1
        137.648883004102        60.9087295770578        46.3220144325372                       1
        311.987229845449        93.6034792007361        149.864012511679                       1
        123.956870690572        84.5547121049624        78.2129987778279                       1
        13.3213342400344        101.358198484217        119.965667047167                       1
        209.122898979596        66.0993537162331        88.1867956384714                       1
        308.022373511273        41.4833893444134        115.441691235149                       1
        7.39072610806145        84.5419595785078        143.495908712493                       1
        305.980025277774        82.7631164006765        15.5865743039901                       1
        288.380274944554        45.2793625211545        34.7274027263105                       1
        327.738696782558        52.8096513165404        183.696587604356                       1
        318.057329003346        42.7680441680577        5.33096631245629                       1
         291.47878206662        23.9410092227809        94.6558918634713                       1
        53.3681069503125        53.8653477829832        178.550448167167                       1
        200.831782595693        66.6864414096555        102.151175401575                       1
        185.064286841278        6.16837265942009        10.1699650717744                       1
        108.367393354055         46.400969797862         154.65353630752                       1
        335.412679993846        34.7274013013822        52.4995565464452                       1
