TEXTURE AT STRAIN


B  100
        186.324325545066        103.852766318681        144.549951602313                       1
        63.9902060237143        103.095285365671        49.3579024817044                       1
        223.673556342656        74.4126517804405        34.1228375692919                       1
        200.146917946462        81.3564915021146        12.6837210620808                       1
         222.90099087655        49.5084657171861        85.0351184493717                       1
        216.509931828594        65.9760339894593        101.267235675789                       1
        57.2494960859074        50.9827914011161       -3.41826553197032                       1
         147.54179875927        -28.608662539731        4.07012097546903                       1
        371.594257732001        37.7996396655799        75.9124603197381                       1
        83.5514985100017        96.8808847594254        44.3508098379619                       1
        24.5179787794242        94.4617676637577        100.759355879956                       1
        204.878934612967        49.1704599563233        78.2109617964565                       1
        334.709864820579        20.7473073773821        241.818329447451                       1
        367.422039323603        112.024063188914        171.110817861069                       1
        186.358007988753        52.8032299269266        84.1277404254026                       1
        4.24736257521073        61.0208171613803        105.517949794266                       1
        387.178085014448        103.037339690909        151.731021798068                       1
        20.8744507399806        139.371894641647       -32.2312277960566                       1
        199.960968543207         44.457446619937        58.3106178405276                       1
        26.8838013539206        54.6685416125078        98.6967452911084                       1
        281.931207163452        23.0837309131966        50.8709869367065                       1
        197.743220053576        81.8763832211496        39.1344121144416                       1
        205.934921029396        90.0027856047328        22.8923044437381                       1
        96.7747399076787        56.2543262777696        49.8600175893814                       1
        20.9137595532101        55.3862355739463        60.1834911100455                       1
        42.3586961721292        45.1152831061826        76.8181364894322                       1
        178.123086346443        46.6722596112641         109.43810598437                       1
        182.508088282784        46.0487292606424        119.040468343777                       1
        203.937269438953        81.8379206253402         273.58218403245                       1
        192.772438420908        63.4294598721442        24.2167202959181                       1
        141.640939827252        171.289242120308        96.1944585024487                       1
         214.97097941285        50.9593273957552        27.8086212592205                       1
         192.54835190174        98.3209428990994         123.74930817148                       1
        202.645677581673       -11.2160607871558        7.24226768210305                       1
        357.439070755787        116.697424240899        66.1480068443564                       1
        214.642387755846        102.186138117152        94.1460616970797                       1
        221.242373551726        53.9032357947654        184.540230853936                       1
        190.358807019855        94.3581074497428        279.562605370388                       1
        223.437725113922        71.0455173267939        177.292060218821                       1
       -99.0445438542926        15.8719687260953        53.9158266123409                       1
        52.2050454610357        121.772239224216       -7.86589996636729                       1
        46.2532909863279        68.3428975770489        63.9456100156814                       1
         200.06605245108        46.6301451368735        197.401129171289                       1
        198.036061396471        114.906028011121         106.79450292887                       1
        25.6212369499505        67.9871629312162        85.5771741622658                       1
        206.751219218561        32.9352751956593        95.0094369536893                       1
         22.970056322304       -33.2443493309199        75.9068793278442                       1
        384.034458236658        163.851305475996        159.217480475417                       1
        217.367786773613        116.045303966463        32.9156498288108                       1
        228.741467619136        74.3713434016871         194.99689561221                       1
        65.7535754718528       -21.7361101095376        123.017267544145                       1
       -3.79883838858126        44.1636321780051        104.345100253163                       1
        375.779625114347         132.01543130464        86.0150047897007                       1
        377.357709016849         77.904869713896        95.1844863971492                       1
        224.853576430881        35.6618637467136        122.512046350865                       1
        263.396477420246         11.083972545535         127.14668134302                       1
        193.597051504131        59.9508839288604         114.15213127185                       1
         35.977959964666        54.1370824917968         71.201370310828                       1
        367.068500185882        152.655464623208        258.091280519616                       1
        192.356584343417         70.352549289897        94.6194315812986                       1
        188.474705100184        65.1105290954216        102.199440784371                       1
        40.0936448830047        134.917781802181        73.6344797833881                       1
       -72.9731508587338         23.873292888705        100.698037799797                       1
        206.322628470809        67.8211772183723         192.49497537672                       1
        186.254566439067        51.2977377464908         96.385735762261                       1
        141.916935344788        9.56863306080677        75.2017074899081                       1
        23.4638705198734        115.221667421938        106.687042067807                       1
        213.589697918563        20.3283603665911        173.192672370534                       1
        219.229603935714        92.9775405258901        215.794171499483                       1
        187.531103785912        79.3523394637361        25.9157603550944                       1
        43.1203161106483         87.376594903128        158.945867807402                       1
        4.96730150761925        60.5854525881289        88.9730342629147                       1
        156.803316122254        47.5378268145178       -61.4676345009792                       1
        101.261598716463        96.3290614536859        36.0472592372572                       1
       -10.8452525739891        116.332725543066        75.4005096446943                       1
        32.8189144772858        112.260395741225        97.1725532262934                       1
          319.2373255073        13.7461791857839        56.9637983148453                       1
       -8.09599170146353        97.8644805205884        75.3473673381297                       1
        352.027682919246        138.295046840422         87.130581503512                       1
        214.564746930437        72.9785282506857        20.5525560544457                       1
        236.518743792219        60.1884691635278        201.909095931847                       1
        235.448974410955         32.275515809328        85.5452261338803                       1
        33.9835194884689        122.968459331501        56.7441708381422                       1
        33.8874113541237        94.9047486487596        172.665395301864                       1
         224.72380194399        118.017378243593        100.463766922106                       1
        300.455266868502        32.7827253998936        107.880457000738                       1
        29.4666622137372        76.8926323504454        246.144194998119                       1
        6.72460030628352        59.0710187606498        47.8590791327205                       1
        202.249287511922        53.2874805240129        101.199588022631                       1
        16.9936544307989        117.390749467226        145.026950654096                       1
        202.405686766754        64.4184460617921        42.9874805971627                       1
        206.066581484483        107.710649457773        73.8323759568402                       1
        355.528470688981        151.485718495277        142.110455891417                       1
        203.002650232974        63.7152702833365        88.6961598409209                       1
        18.8198842869263        49.5281075126414        80.5406112239186                       1
        188.741670646628        78.8662380824543        112.643984470933                       1
        32.0478242057592        121.610407557566        -22.488960890321                       1
        175.119037102606        62.1620270653957        89.2567004858685                       1
        183.218876081636        78.8351680842022        86.9140238970613                       1
        189.938758830283        6.87061668627771        9.71443745841819                       1
