TEXTURE AT STRAIN


B  200
         142.81204117069         95.380494059027        123.768162649933                       1
        289.750311898097        45.2609961327958        40.6462963752441                       1
        91.3854713820255        80.3068202236116        130.365213596216                       1
        137.454651302183        35.7202844785417        229.536210950633                       1
        376.018768713064         52.792413252665        125.221295391321                       1
         86.145753797982        70.3599739217412        45.1290549840894                       1
         268.99943066317       -60.4100070087897       -117.843346695087                       1
       -41.2129728100499        157.808485147971       -33.6020724498975                       1
        335.546862716665         60.954597144689        54.5746979713379                       1
        20.1140821643668        59.2983722040629       -32.4982880067891                       1
        168.915959252695        157.596954961921        192.673653699268                       1
        1.21607682493317        64.2915566331996       -15.5354896307137                       1
        21.8014228074481        66.0059847291084        -10.698397127002                       1
        -17.594136407081        120.696569542598        45.6439063768075                       1
        179.034019997867        31.7044243609379         215.75378127989                       1
        38.8915349563941        99.8487868168988        84.6605886285866                       1
        1.03769753388186        127.360190164561        45.1805169535223                       1
        228.868906623192        35.6463270291668         101.65630939381                       1
        109.237893880571        38.2814881192444         164.84758011122                       1
        65.3490901163479        104.067655418061        -45.694871151746                       1
        77.0313746164943        68.8257981241607       -36.2499591423158                       1
        54.1981764195093        115.396256860766        71.8625344763315                       1
        53.3697972731083        160.424835791023       -8.07311369378127                       1
          120.3153170417        32.4990134381571        218.973234160101                       1
         53.558084221144        131.491462471652        97.3306255305604                       1
       -21.2620498483395        128.576140572003        103.555200944547                       1
        356.040935940596        36.9150900996926       -3.85149230248921                       1
       -5.95930995015385        174.006543514359       -49.9446922086176                       1
        152.716097980251        49.5087427453353        146.029317205388                       1
        197.084788757692         110.24656622592        42.1771795419232                       1
        282.288130414996       -20.2686089039847         85.745013491395                       1
        185.652150114488        100.653195010117        185.997643640316                       1
        254.720795444867       -42.4029793030912       -60.6190186880917                       1
        138.203913756119        110.218153333539        153.576468471736                       1
        131.401959594022        114.288929607467        125.202521247687                       1
        106.273588148888        132.984217823026        208.478216935552                       1
        446.263422531325        30.1311595011394        47.3679194691719                       1
        8.62610224422176        74.5365832564749       -46.5847863577354                       1
        95.9829053408636        91.0743796946759         153.55748524766                       1
        152.765456876703        37.7614294047908        164.083225828261                       1
         8.3407676584471        46.4186200141982        2.46001478418208                       1
          120.4636055983        90.6194539904611        118.405785660436                       1
         297.85781850918        32.7284698492696        99.7402768935929                       1
        110.500841128876         116.02482914429        37.5898869098792                       1
         22.342301399139        52.6157531403554         3.1325094864164                       1
        89.6690149080728        134.912704725432        153.915049417378                       1
        287.111828314291       -72.7847818702332        119.907051622146                       1
        57.5364597282195        120.706429477828        136.080991000059                       1
        351.625474299732        47.7004587226074       -8.54684906071954                       1
        26.5122754367206        121.893473314762        53.9378586209127                       1
        199.790106556802        48.4905997424645        208.809260035544                       1
        149.958584663356        40.3040101966466        246.241892151896                       1
        174.823637188358         119.05489725129        210.527307613895                       1
        114.275163956237        62.6342620505507        223.556713878081                       1
         29.134049210102        49.6766086031372       -47.6139940844782                       1
         208.57312626988        96.5850278140115        262.406419981479                       1
        104.020955969651        93.7732135669847        135.124603462664                       1
        76.1448969186778        58.3410345120825     -0.0562961808223903                       1
        120.902529303185        79.2548298326587        139.722315830097                       1
        272.980007012011       -79.5084819357111        149.061300259161                       1
        284.604501505833       -53.2268670920487        131.163857581364                       1
        72.7171666876808         91.005531676911        149.319845797885                       1
        218.735981647767        1.17488935414189        140.577863966622                       1
        111.946506847686        84.0718194179023        131.780456628914                       1
        153.923543230293        32.1967211918019        255.974847715367                       1
        126.011335776822        74.3950017749359        280.757327978057                       1
        199.924966002517        105.594288396003        192.734303593195                       1
        43.3220951098808        116.295763327804        52.1334591912097                       1
        182.604989391779         27.125026570784        46.6215480856784                       1
        97.9935316651158        143.111577625084         143.32947275829                       1
        186.482517773476        63.4134383647701        122.703808786677                       1
        123.417618969215        96.2258407977142        173.485647616793                       1
        93.3982821618667        53.0290080740589       -32.5140191406126                       1
        383.529957071724        62.5043169042615          96.92140450049                       1
        8.40617323814638        62.0780664181757       -12.9819119423977                       1
        431.481985375544        54.8139538718216       -28.2705660404887                       1
        109.756997203261        68.5176608707206        146.983365341583                       1
        277.170007001128       -45.2102953936092        204.625719474227                       1
        178.555884525545         47.515267456376        116.846210655132                       1
        89.6979083291296        81.2995590356644        112.983387487187                       1
        366.543198802625        86.1994848275516       -21.2552288133558                       1
        112.551654711552        129.859755687135          51.59438590857                       1
        176.500503573569        105.873306489276        200.678867550715                       1
        277.861300326377        23.8840551343485        195.793312404555                       1
        456.736413768476        35.4110971831437       -103.816032325824                       1
        1.18735213360687        62.6436824018771        8.91372195621358                       1
        115.844819783129        146.223405860847        58.9560245633904                       1
        141.366287339318        57.0354785501579         111.43230240914                       1
        274.425691779348       -50.2501724464205         5.2232978417138                       1
        215.100601989894        98.6055881434925        210.593376871601                       1
        71.3658475579012        125.381983562892        79.7331430994663                       1
        74.5615657931969         80.871798809606       -47.6596108584038                       1
        160.762460965012        20.6393711654587        229.724160310228                       1
        128.633250739639        41.9180323641183        173.305348539362                       1
        121.010737098437        25.6422492782203        249.326369910332                       1
         84.181475306084        150.837100102626        2.58284472716144                       1
        295.679696306131       -58.5803391252176        158.674190714178                       1
        123.278767814603        106.967546104142         134.86511457621                       1
        250.681329058751        55.8335816595446        51.9037438154144                       1
        441.762647615514        45.9867367722294        53.4004278103796                       1
        112.475837600411        40.8194059816153         241.09637628616                       1
       -2.78591786142462        115.290967303776        73.8331839776046                       1
        83.7752182989559        122.315787373068        27.2579174492501                       1
         27.652508662989        113.119468762213        70.2559938586804                       1
        75.8896246203451        109.475485967516        73.7525237722574                       1
        142.894420372333        137.515792069719        90.3121378904859                       1
        388.722070340513          37.98249367775       -19.0590749411163                       1
         460.56301220318        54.7585345195303        -15.425006647918                       1
        252.244197482906        37.5938783494941        171.340416034332                       1
        77.3590091097548        79.4713880372139        7.67623110738487                       1
        111.183365317987        58.9431291078722        64.6291885242098                       1
        445.855192604973        29.8281493715776       -115.608598103395                       1
        193.973789263829        103.091538181781        89.9688858866777                       1
        170.630224290758        57.8673180589828        169.770081597223                       1
        33.3678823206844        63.7772233564782       -33.4841538870548                       1
       -1.40685767228343         62.143981238327        125.291233014991                       1
        137.777622683258        23.7256207962011        193.953992317908                       1
        157.784953458691        80.0595820168219        165.073401875074                       1
        116.977124195935         40.333639532474        202.996687363398                       1
        352.342421897137        41.7926350587525        151.909396639295                       1
        125.219450856993        125.025557792985        141.783709893787                       1
         133.87091807647        86.4610914985781        107.034610911206                       1
        126.434733815863        49.1841196531793        72.5445896566141                       1
        259.701353697528         33.686546708365        148.201663303388                       1
        175.259507719451        43.0169841287908        209.665096784418                       1
        16.0290198777884        57.1871008825139       -8.21948974035359                       1
        219.314101724197       -51.2904423612409        -13.795373745465                       1
        138.417982352532          143.7275799685        172.921690420709                       1
        62.7426262981509        110.476872456674        59.4602116886417                       1
        89.8869000442806        76.2659047881989       -20.2312510278193                       1
        281.674813610429       -65.1347558294123        134.907900753693                       1
         246.93486558647        42.4686318019607        53.5623158522976                       1
        94.6740146414593        116.506372526803        144.587685796266                       1
        45.0355557212194        126.342432848818        110.633293657439                       1
         86.047278634361        99.9830014866046       -40.1309552897775                       1
        30.0918284664429        72.0232547753048        5.77331172794137                       1
       -53.4736047173164       -47.9435181913402         223.05744243029                       1
        117.566215761192         102.69112378771        158.445133711048                       1
        27.5576680142885         151.01670141503        86.1336180752705                       1
        277.715706679546        -63.667037931044       -136.484746869786                       1
        13.3705973465543        37.8509529182941       -23.8848696198726                       1
        328.118524350434        23.3910668924391       -19.3274021016773                       1
        54.9217425846199        100.835966597006        144.349060114814                       1
          296.4081297682       -28.4885805080848        54.0953653067435                       1
        290.530504557595        -82.254152161266        164.593881126145                       1
        165.302059665594        61.8205909325454        155.224960479959                       1
        138.320841748305        102.860029780152        110.379643228755                       1
        114.835487387172        88.9977853934607        101.123811907018                       1
        137.717208154977        14.4547247529382        282.575811227088                       1
        36.4787203466971        64.9128223515092       -21.5515431472125                       1
         259.20256261625          -45.0197375739       -103.698198094965                       1
        101.126749313146        78.0921388113347        122.259928407073                       1
        367.289832448258        53.0208901779537        151.508510489855                       1
        201.248947172154        83.4159260512575        103.808551088633                       1
        84.2813893436595        97.1622371207963        121.187513606844                       1
        130.063574200853        91.1254833166939        135.740150852571                       1
        16.3139777257668        50.7798786564573       -15.9508965459036                       1
         274.27723053773       -59.4467817310346        29.0705004440614                       1
         100.15173536765        45.2792568768907        51.0499122556381                       1
        40.1254034500136        107.463207953981       -7.13376166110787                       1
        83.4902981874634        86.0786601162705         167.15023175922                       1
        175.002439690715        77.7129436031479        143.417414024608                       1
        127.190119130562        124.305817375888        155.270069034023                       1
         109.07626834593          81.84147695405        153.481821958653                       1
        283.191744242029         86.440029891902        47.8835387765693                       1
        165.188560517268        35.3772102018218          136.5840655999                       1
        185.253962406571        43.7082971642949        232.709999362435                       1
        112.831466339718        152.482012847993        42.0790009138006                       1
        159.805970775317        101.906925658408        144.202981005689                       1
        112.651891098366        68.2663514682567        182.350532040403                       1
        171.614340597181        97.4945368946838         153.43639214585                       1
        89.0633902519119        134.811917400036        102.362426753107                       1
        123.735439783723        101.121226080814        122.464983365233                       1
        81.2493067005198        65.6540165458948        22.8501121187752                       1
        100.791847921447        69.7828610514222        146.194545561714                       1
        200.185443798231        101.535380956533        207.430279111141                       1
         192.76850060758        62.2234286928608        279.492273119893                       1
        355.965695195512        100.920831164034         61.771610139547                       1
        283.402824112018        16.8597979558791        34.3436327662024                       1
         150.71231523623        40.6638760382557        223.633281363156                       1
        276.423745075659       -75.1830409193503        59.7078899881641                       1
         117.01342412704        52.3529536132604        321.150234525398                       1
        458.234087675603        44.9311713683673       -22.0199005481012                       1
        25.1982542256339        135.223893316825        66.2351568364684                       1
        183.810074974407        20.8966562107835        246.938533924522                       1
        381.510845606166        93.4820322553922       -1.67302852436953                       1
        272.253045382748       -59.8817799247193        122.132528555963                       1
        96.3738004404081        72.2312472985844        171.129803986147                       1
        8.20042387284014        93.2775095934354       -38.9666644383293                       1
        104.886226025347        113.602138238049        128.428133448752                       1
        311.169259524444        13.4209666211788        151.204596976469                       1
        247.423451999152        17.5842747797655        96.7456153666691                       1
        247.065424805507        164.717559009913        222.531810282411                       1
        175.684825113869        44.8375578107014        226.122764728764                       1
        101.406444926332        97.5446659586473        116.241628297031                       1
        9.00091411480233        111.363989377689       -25.5103349200306                       1
        448.142142255571        60.6152869282575        6.46633668991207                       1
        78.9885926281187        66.0245747035234       -17.2837875305458                       1
        114.572648438508        107.965486621081        142.842193139473                       1
        12.8392212425337        71.9597734924638        113.778655056057                       1
