TEXTURE AT STRAIN


B  200
        305.679643292713       -21.6019120307524        28.3640219397438                       1
        179.766709547232        75.2084919607097        34.0804651702292                       1
        67.0257386582758        33.3103819360178        -2.5707540313719                       1
        240.195855799812        74.3987641191966        73.6363700976978                       1
        6.20218224674453        94.6593300601855        36.9988640630141                       1
        225.219065723139        67.8982525984251         111.20087491892                       1
        154.515875921947        110.067016683296        134.475231471747                       1
        145.331042535981        54.7175610261191        90.5487240325098                       1
       -16.2063912565029        62.0698749030481        31.9239759345162                       1
        206.092500042761        110.396876301011        176.564814180024                       1
        152.415670539115         104.24940195209        149.515572635385                       1
        213.204274154125        75.4785399294204        194.391241525985                       1
        252.179217374557         56.053795779389        93.0376997174873                       1
        175.440957871278         39.724170458139        128.994442340692                       1
        101.285953505501        113.267100430887        110.295537954425                       1
        172.120046523477        108.204898857444        26.4336727108947                       1
        158.147864447107        86.2549082957892        97.7998614536676                       1
        194.367335172326        76.5323203965855        234.837655842673                       1
        171.512661570645        110.806207267977        147.636100964131                       1
        20.1525307109526        100.446127710386        23.9862964013542                       1
        186.378188757224        107.570078845484        131.178739314823                       1
        247.990879943881        40.7585383734057        244.508964480855                       1
        263.568618124327        48.6882340391183        93.8352149595093                       1
        183.077398639237        95.7598204093041        219.911420526493                       1
        156.845118815976         85.288839637205        85.4739087747301                       1
         199.01154184734        80.4884060774659        36.6352735861231                       1
        134.056494210451         86.425302949508        158.075618985676                       1
        184.060456411236        49.8635901020753        156.832242295501                       1
        160.706766327885        99.5870226693931        40.9843846858573                       1
        67.7028996374979        120.588018193028        104.020330059831                       1
        187.534800593964        113.019030032083        166.424991243162                       1
         234.08816235307        51.0375075983971        69.9451007359411                       1
        120.773893971223        53.9897828817311        90.9942002455154                       1
         39.516731355548        93.1073278834839        -22.975141217996                       1
        198.751528972057        86.0252964523035        30.7951531510999                       1
        200.595559000967        41.1992541393758        152.709068002367                       1
        136.191214738214        95.5706151728577       0.149549202909507                       1
        146.338999564588        46.2624657625608        19.7057479632063                       1
        28.4649628624263        58.5344843849454         161.17992514297                       1
        33.2170582356903        85.4860258539729        100.625697279236                       1
        37.5777742921555        77.4267084391596       -30.8971255179394                       1
        139.414112040015        95.4426127946607        76.3738679878405                       1
        311.215888078745       -37.4952312568829        13.9363378792495                       1
         134.14502950425        79.8218202784994        101.419620907488                       1
        25.8781435298211        61.4657289483007        128.671433996016                       1
         80.252549885613        109.016142317977        3.93923669147991                       1
        191.780551650076        102.866929983681        47.2667587635488                       1
        144.307567654705        67.2647162641403        84.4943937460137                       1
        236.364227884338        95.4560891338447        36.1423468123461                       1
        351.732231752573        65.1402186457943        77.5857137186267                       1
        44.7131364011485        78.3389948222166        166.927364933933                       1
        171.568280108203        128.436978863347        171.031901274736                       1
        52.5017148947471        65.9649867364092        129.433649467041                       1
        93.6185596285514        87.1193862741685        83.4660676184428                       1
        216.833053293875         89.220306508925        214.555805493986                       1
        13.2181024887045        82.4735774961678       -69.1080844355892                       1
        122.540986576401        113.450403616946         120.98280841293                       1
        342.425426593108       -58.8518124915522        75.1899145948737                       1
        28.8479096880812        131.186918021208       -34.7869025164208                       1
        299.314073229555        37.7005639236754        48.5273733050811                       1
        203.274425201618        60.0300891603663        197.871853077051                       1
        170.392566122723        60.8584679668883        160.225113008035                       1
        263.870477884338        66.4510692079389         262.74970845908                       1
        201.646043896406        87.3360626392737        201.565373297359                       1
        154.169319560076        69.3227772310773        73.8922344926314                       1
        137.893586893963        116.089715685277       -21.0483682305194                       1
        183.694432046463        106.173569132752        147.295426061517                       1
        73.9268650079094        66.0967209082177       -50.2455428510907                       1
        232.913024969902        76.0730510208416         59.964001082052                       1
        339.249397978442        59.0500215659773        80.0143562163382                       1
        251.810777630788         59.128941893642        158.644809907197                       1
        326.191557390148        67.3602243867846        66.5295490187513                       1
           187.881022808         80.412074989765          52.66084223802                       1
        126.147781612172        56.0160211358201        72.1615449850605                       1
        327.286483591498        79.0327464448032        157.174902784279                       1
        162.805846752357        29.0696258035629       -200.087905970387                       1
        50.2667337219403        72.1142536488377        99.9092774637368                       1
        138.643210133337        73.3769268507007        62.6990073651823                       1
        98.1945613020516        115.865773595973        18.2564424432976                       1
        84.2581044524911        106.888705611766        106.597253146611                       1
         205.25184016209         30.235499382097        141.062154446604                       1
        348.274059681336        87.3687902387616        62.4064440053247                       1
        280.137913828876        81.0812227603631        85.2170299910959                       1
        186.886978883974        62.7419295714894        222.517072452839                       1
        289.677317343044        53.9722322257013        141.665329161406                       1
        123.945008927068        81.1255658636726         122.39770923384                       1
         23.427591882772        70.2729228343222       -38.6886837813781                       1
        30.8199817381425        102.913175234226        134.480168989906                       1
        43.0919377771374        64.7458762665737       -54.1229497264412                       1
        141.512330620506        37.4207461318357       -35.8251023243229                       1
        300.007838710328        49.7508679885613        123.294128462327                       1
        353.415441658106        81.9195128252074        123.571508539208                       1
        182.456799748377        55.3977658394619         61.219101443842                       1
        131.908057240682        66.1562484047068        80.6931454300505                       1
        216.095447182864        98.2456733904852        40.3617251909978                       1
        145.565537223196        53.8771945469461        2.26059211351889                       1
        211.325633095844        68.2724860634986        30.5972079021137                       1
        216.117700862181        84.3764418192197        115.463708876448                       1
        262.521447266141        56.2148052560363        63.7385183596855                       1
        137.638804534369        80.5766581983403        84.2913091618783                       1
        326.520154144122       -36.6860167848019        96.2876355424222                       1
        7.28793008016552        69.4388714862835        130.584973253161                       1
         147.14306449547         57.453659596914        65.2415938255749                       1
         54.217322506843        86.2956567995677        123.677738569769                       1
        143.606285186264        74.7659670421158        105.907295317105                       1
        338.515929105252       -45.5312654486945       -21.6721070528029                       1
         204.23724632859        104.684049013109        61.7266609647983                       1
        316.878911459927        66.4257173015539        38.5247672953388                       1
        202.766490184152        87.1625381645838         133.19312370966                       1
        227.966238138575        80.2896944360582        41.3249694672345                       1
        239.518637690604        71.4687631645428        96.2305217613341                       1
        190.363762820159        39.5599752829106        166.925670563191                       1
        198.496676942815        93.2239947166101        111.056769669949                       1
        93.6476571805066        124.092564461159        42.9742502079811                       1
        143.448181204181        102.455360774004        89.2942480694807                       1
        8.81352463137543        61.0772424718921        31.0500562683333                       1
        65.7098818553055        104.469551163021        67.3507302341633                       1
        330.876879548472        38.1190446191959        20.0677423230172                       1
        216.226095190446        86.9371340970328        66.2722074678035                       1
        152.121123929832        22.6882659361878       -153.243819631146                       1
        174.634162296219        82.9114733452268        77.2197325588511                       1
        160.636119831204        30.1800663355866        63.2042695208794                       1
        152.309858517339        68.7763822036989        90.6773690602005                       1
         335.74246036113        87.9466687175429        108.724876172044                       1
         68.788405381639        90.8055323389083         93.811304140583                       1
        334.420258365864        49.3910228353773        184.060496990028                       1
        190.453533238289        64.7475643988393        132.784087302821                       1
        271.258428117887        49.3060869695724        155.932358911921                       1
        84.6634073582884        80.7969848911647       -76.0218874807118                       1
        238.823866078364        42.1749569952513        270.233148245737                       1
        129.369406464316        36.0832610678956        92.8236502525478                       1
        175.317174679322        78.8169811940137         98.797614683821                       1
        181.143163023021        90.3277736600161        117.360136044839                       1
        151.619676988974         50.274502270822         169.13037358131                       1
        227.751454349295        57.4575235086975        91.6366123472462                       1
        172.233105414392        46.7003540205697        82.1682544837471                       1
       -14.6657965769263       -30.2118691656035        178.588885970731                       1
         547.03031078517        17.5931579872077       -206.892966433724                       1
        314.833292223507        53.1284247386794         129.67164215442                       1
        189.139222984054        100.295408702871        24.5235656768846                       1
        125.098433032171        99.5959595522998        143.069933096616                       1
        378.310922617607        84.2467261200375        117.734574309988                       1
        204.200393153712        88.9684606425539        52.7419388759262                       1
        205.577974013349        106.374351098222         144.40438204324                       1
        121.270025242974        101.079577172818       -18.3751798022181                       1
        446.020690353809        48.8113205745317        138.010946271836                       1
        168.477507979707        96.0146240707462        138.699437379702                       1
        505.765992794366         6.9551239294257       -161.070848793205                       1
        174.913892277003         32.032777891988        188.845555902781                       1
        55.0043218096764        94.2684464813625          77.91973503924                       1
        160.360401149771        74.3584747027458        62.1280545034039                       1
        196.778893828197        70.0863245427891         215.31110031511                       1
        151.152057110138        83.6093402916776        149.012573881111                       1
        216.139101962098        73.3068302615707        94.3372126975854                       1
        176.656837718879        75.6236915462515        131.988388490172                       1
        180.818398548376        39.3384977974816       -29.3840417121729                       1
        309.741957286493       -63.5266303081628        95.8313042341699                       1
        327.277532734097        56.5128379753269        103.534587540133                       1
        263.723467348298        72.9093260354271        96.3556014010558                       1
        368.229985666494        82.1071479436367        44.8585189841837                       1
        175.526507768829        94.3674900501864        155.862067184827                       1
        165.558607881977        61.5474652347196          45.37091532803                       1
        339.564642844067       -38.2090899339056       -6.10288734150243                       1
         43.207531446612        90.2400523143304        131.669723291502                       1
         343.05148176804        72.0965486321262         93.686611753518                       1
       -1.61554322394342         30.873031734168        121.261288303864                       1
        26.4875897612697        78.8682779233208       -17.1773576436067                       1
        115.329406392328        85.2224119201204       -34.5448977413533                       1
        454.373950598133        29.0685037515917       -33.3334748471862                       1
        178.870542302324         131.16593906804        117.331495075141                       1
        245.502652653311        125.186685602111        34.5045512414168                       1
        42.2711754960786        56.2089971163945        138.653170127703                       1
        148.639621809281        50.4581234835569        69.5901814829747                       1
        229.900699456936        61.6027972400207        208.136071948374                       1
        159.635002335163        71.8703532975122        157.261660453788                       1
       -11.9320751326524       -63.8735548304972        241.910795724658                       1
        159.471191779495        47.0914073044914        72.6776725420696                       1
        247.236708607592        102.736325785929        73.6144944191308                       1
        372.103288472221        59.5428808005612        1.77052217386796                       1
        35.9049753005721        76.1238637691952        120.324278263098                       1
         194.72904534287        23.7400676670705        160.207245462645                       1
        201.308783715699        94.7708434352063        224.445912783872                       1
        270.600940589669        41.3243490416006        60.3189516823309                       1
        144.514294605276        87.9078751208469        129.108394543284                       1
        128.617633031565        43.8928849418088       -6.21644834512743                       1
        188.910845362192        90.3441376266739        165.797379366291                       1
        347.405796938768       -52.2412866322679        1.42262805204924                       1
        248.397147461925        58.2910482958718        113.387226833182                       1
        487.865735469265        18.5962986169717        -75.202148447564                       1
        258.771234836922          84.93048760912        85.4951686574111                       1
        98.8810033370022        68.1268401775872        70.0727139422282                       1
        67.9538267783464        111.102148449139        89.7024316554113                       1
         61.889254358448        44.5243343538772       -18.0804791567786                       1
         140.75868079088        62.3635481374879        162.441836189193                       1
        238.405288674171        161.628525191987        186.846590288113                       1
          75.03314828046        96.8438999462827        81.9182097676121                       1
        115.408903345091        72.1879716380622        108.916901273882                       1
        325.056072050792        47.9550592414147        36.7615163927116                       1
        173.783904931397        47.4056599746905        227.526330104132                       1
        386.023645324987         76.858707718281        53.6234793107857                       1
