TEXTURE AT STRAIN


B  200
        205.568026340968        76.2881783540045        141.788326572943                       1
        174.691075422696        73.1574175010353       -1.25896182395134                       1
        224.927290948796        67.5945860303872        43.7976669829094                       1
        41.4996174479134         85.492671803262        155.584923981913                       1
        30.2097693050313        63.1459442357123        64.5894743759111                       1
        25.6573585921568        69.8474000362382        7.69776155917665                       1
        139.986988305358        67.7673555023117        139.469780163657                       1
        58.8835405955523         61.657681021109        145.751871221592                       1
        400.104136824157       -37.7557437977005        179.217952992755                       1
        152.159052112107        78.9156186649295        27.4330835490144                       1
        40.7002086506512        50.6638115858977         29.864796047446                       1
        369.618636546635        73.0452004737885        28.4315074221746                       1
        26.3014117490751        79.0507046108626        20.7224516380798                       1
        74.5023306267566        50.3764510279369        154.634986685471                       1
        186.108974732218        87.5290677011025        120.246796028082                       1
        210.628560395025        11.9764885525334        -11.578589195227                       1
        157.690097255482        23.2791353219886       -5.27242665438776                       1
        376.510982127401        55.3123519363276        55.1322269885404                       1
        267.731263793957        132.678141320155        55.4365309537376                       1
        228.104392712202        107.481218277312        21.6014724068021                       1
       -26.1707389410316        27.6559968284475        26.0579475114142                       1
        36.0021438159763        103.685567634353        74.5250858271275                       1
        223.754590765833        81.5341337832386        36.4462021369552                       1
        209.780906232825        85.6873542960374       -8.80800339305464                       1
         84.560252190373         70.977885350035        132.585646331738                       1
        322.977205729857        85.5434329999775         166.18824564996                       1
        319.839900468984        36.4344867016485        25.8289372556492                       1
        341.159329297615        111.060958937537        200.587688207935                       1
        346.236294829438        38.3373849031341        82.0767960152595                       1
        123.723038858135        26.9370322085899        125.357810141443                       1
        35.6620196793924        63.8335463775865        165.365032420667                       1
        143.570594563184        36.3849669859684        85.7177863574993                       1
        244.042414939649        99.3626295624231        4.75236894954897                       1
        356.441472583885        29.6162905012965        90.4865001051947                       1
         39.159038847143        102.845088570338        68.0840865718451                       1
        107.739734219182        65.9387575973004        125.273962545472                       1
         48.890712263915        52.5124089579482        181.831143152337                       1
        311.244232370568        73.9969148115721        105.819899171576                       1
        190.724396029254         110.18341100339        63.1333825486227                       1
        311.821204971613        16.0535464247107        158.398213837991                       1
        43.6589367068333        9.21879532481847         21.244192264576                       1
        207.664861845041         87.987689788437        109.747595979542                       1
        166.061720067517        26.0716495811573        126.771450524005                       1
         246.94542435996        108.914205381546        56.3130487949805                       1
        15.4884583670048        95.5906380721815        78.6093967321669                       1
         220.34951838448        35.1582964407738        118.006670013351                       1
        40.4321719561515        88.4413707234657        175.361912769094                       1
         367.92181858163        50.0301468068906        122.956469766261                       1
        325.668304628945         58.491963793911        191.105415515868                       1
         212.16451722188        66.0860098096767        100.321403627849                       1
        208.843093294819        82.6170513268555       -55.8349470230139                       1
        268.309874064886        72.8531009605994        47.3442736605472                       1
        39.8288904474811        67.5360711159342        42.6178260210359                       1
        36.5052913328794        64.7932205048692        148.732899431764                       1
        201.554521772406         75.510927974998        126.027063861142                       1
        210.700366047615        54.8042236839126        40.6479080848779                       1
        38.3070236506507        97.3460734858095        45.8966405631413                       1
        327.803365550357        23.0515491182144        104.194176350651                       1
        164.086744020747        9.70600292769325        97.9547363088121                       1
        52.6638640379959       -11.8441112109333        85.5893085744495                       1
        288.907293322575       -8.24921172701065        36.8434954986345                       1
        312.188892919679        38.4109895816784         127.02328622435                       1
        220.053625333117        68.2493129255611         123.07085045571                       1
    -0.00353634234547625         14.370425235263        104.901171529461                       1
        89.6689676309761        45.8170890526891        164.067613647442                       1
        47.4819312391059        68.7388640937579        170.687370619237                       1
        84.0586757521968        62.9441183423533        141.856982960214                       1
        312.884647303125        58.3010521539829        115.138677074573                       1
        123.967652246452        61.9175847283082        83.6850366368741                       1
        250.021324786902        21.9971424353522         224.86207630212                       1
        208.483273659891        94.9014158243954        121.501489413115                       1
        154.374457783887        134.632183640887         153.02897441584                       1
        28.4088983035004        35.9435098923499        36.5598321321338                       1
        199.125753875267        64.4181315769227        152.038271499869                       1
        49.0244872504897        70.0970075090284        138.216247550839                       1
        14.1416728813282        18.8333836668911       -7.36959545489129                       1
        224.108422734126        33.8658056618132        59.2571048687535                       1
        194.758088695113        97.4643875113939         144.61843468153                       1
        332.235093327889        76.3849637633287        117.983519648912                       1
        195.925223938933        93.2227935129065        138.402394407524                       1
        206.858167509337        71.5907587882511        52.3512008461271                       1
        105.966109075523        104.086989117947       -8.07265842944917                       1
        141.451728298207        8.65984693635943       -41.2067411910454                       1
        42.4268358149157        81.6532616992226        40.9040435344123                       1
        164.760507711601        43.4341122895603        71.5539174633361                       1
        327.345044206591         35.153390269232        74.2274216284066                       1
        26.3636233662404        77.9382129254554       -7.42107624313757                       1
        204.468060161186        24.2950526190096        119.013713861428                       1
        305.904468756376        95.1282047236379        172.452523731343                       1
        203.200018242706        114.469104766965        51.2711347456458                       1
        385.026936697105        4.38851030032425        100.722243063455                       1
        207.683915862525        18.9233294734971        95.0079646031068                       1
        52.8563433198865        85.1507978642946        118.865222573637                       1
        228.494321773456        52.8278641586925        100.458565476004                       1
        332.494349802506        59.4501680557803        59.2248485073467                       1
        109.946474339812        31.9345233141871        107.433434809092                       1
        239.330626280156        77.7016412039455        131.341528361602                       1
        204.562900671866        24.9673001596502        77.0831565339812                       1
        240.864696450089        33.7252425392361        82.7634342408291                       1
        275.349324523978        95.0792679176662        58.5649316806479                       1
        216.045603084039        57.8595159159851        125.709738782621                       1
        35.9148486672739        71.2386048554584         198.28057855288                       1
        226.550071778267        66.5098755903359        79.6283990682096                       1
        28.4832736628016        85.0985841808474        58.4985105866455                       1
          18.10150765808        61.1096796814856         41.154875963943                       1
       -17.5681550498549        23.7265727205029        75.4855389140152                       1
        347.244134815763        95.3953384449291        196.487683370086                       1
        248.485922490993        11.7486439898221        209.561610863295                       1
        39.8878111574125        83.9415068368977        72.0942165363188                       1
        249.538168025693        48.6262605705845        133.381695270975                       1
        313.852622591176         16.843430762597        96.0514660558721                       1
        230.606054907315        86.6210020967556         115.80904581767                       1
        94.1158317839786        13.1970831239152        169.619433356899                       1
        248.932162154829        38.7214696292168        145.188267056525                       1
        55.7816095643902        68.8544103779291        117.147510209114                       1
         105.43121758903        55.8718863305365        106.794559101092                       1
        106.033044219682        46.8535688487645        100.230814072653                       1
         176.46173770553         16.176184974926       -46.7101872092262                       1
         154.11002604148        60.4860583110226        193.883716268958                       1
        113.335869350089         44.628649725145         113.04474656825                       1
        129.715461220726        44.7084169214235        82.8754165242443                       1
        367.421603284631        82.0949332883191         192.24558588212                       1
       -8.91798814002507        59.6702445088266       -9.47645755930945                       1
        84.4189730056929        60.8057010138945        33.1157918917312                       1
        60.1716516950295        37.3816285972145        72.2591308945335                       1
        368.721231417953        26.0072259724811         115.70618558696                       1
        29.2577595958873        76.5009666239532         40.569991048485                       1
        321.905152130958        15.5168117416516        111.959211490087                       1
         272.14489993881        115.641185418883        28.7947211411066                       1
        129.484267077295        57.8773432162272        107.809681448419                       1
        201.679851608628          55.68896835855        123.050848339072                       1
        213.538865803163        89.3625891159571        152.725307126911                       1
        15.3919286160141         71.463310803849        61.2514371673899                       1
        245.792290947233        60.0338875367927         149.24962531378                       1
        282.692945143619        28.6797403958203        174.429603856626                       1
        353.130594993754        34.2639410742852        212.084834652037                       1
        231.056923702832        53.2544911336908       -9.86498419294171                       1
        156.162685604763        63.3679094045307        4.16709414391854                       1
        196.528493450797        82.5372896273824        157.298881012084                       1
        233.429121192177        70.9330460710193       -7.22300504560545                       1
        22.8908720987294         92.109628580412        210.136994962767                       1
        76.1371610235257        27.5164003697466        25.3278477490838                       1
        286.138587702706         11.283232961953        85.3934169969749                       1
        237.302516259346        121.885178215864        20.7963494839497                       1
        241.623484170661        15.0432765934982        192.514832402151                       1
        49.8904033642519        56.1340569841192        149.102879698917                       1
        150.360585047925        80.1384154157174       -4.71365456654092                       1
        192.850658671783        35.0548202403563        123.534048506198                       1
        23.9628197992033         80.310074380098        44.5638372052559                       1
        149.519519240712         24.206346767432        122.734156697685                       1
         145.38396581147        54.5972336783549        61.2605633825674                       1
        190.477605068253         28.849891376811        68.5307141639428                       1
        82.3634319598726        47.6234277295348        71.1759887175144                       1
        140.094594010171        76.7991017817037        21.7110716648597                       1
        68.9568005348197        66.1347893576476        165.605232307347                       1
        197.935273637636        86.7770669685239         131.67574687176                       1
        69.1988043388283        55.1071393430852        53.9790555984554                       1
        309.023995233165        29.3996717082466        144.020163936157                       1
        196.622080261248        47.0282441990681        77.1448010197724                       1
        199.600385671661         72.751097805591        116.311122105496                       1
        250.354838289525        110.962611738946        29.1714302034358                       1
        226.896390807501        49.3556548273535        160.896655351445                       1
        189.268609208589        67.0753166815561       -41.9071226762512                       1
         301.75754219929        35.6269987522595        185.070932390196                       1
        41.4335874135191        77.9839299402839        55.9079660282599                       1
        23.5834735318085        7.95174133457299        67.4030990631815                       1
        62.7083494342554        44.9178588802324        204.199877294091                       1
        330.968223225534        47.2072078636038        41.5955314084477                       1
        243.824175417554        27.2990125875889        140.375488139914                       1
        238.374080797457         99.749040203357        23.3684479533943                       1
        298.198704463443        18.0815515847534        148.064161989512                       1
        37.3316672050236        51.0685038155541        44.2191378599042                       1
        139.044289341531        44.1227979020712        119.633819536552                       1
        42.5553361398195        19.4278837834034        71.2866061465926                       1
        137.701310755822        87.9977605309112        131.529853965072                       1
        179.691221264494        58.1749640324468        75.9735730476746                       1
        51.4684791567668        87.9992243805956        133.934189909706                       1
        310.884278658448        50.5547516277326        10.0865179444594                       1
        44.2686038798212        72.2638575525983        132.833945586289                       1
        219.748968819965         83.266260046438        129.270064765037                       1
        273.690279238629        23.9966169409006        39.8414417145221                       1
        92.2828293920906         26.899957978649        141.909291317861                       1
        64.7033568940659        55.1859968685781        10.9295124992482                       1
        208.692706474961        68.6481663715332        60.3460333786333                       1
        167.566085757696        5.78729302802981        122.782597912748                       1
        354.623468974339        51.4782561188642        44.2595573886735                       1
         77.965709139975        84.6206648362449        140.339072721784                       1
        365.422072018083        95.3892331983162        34.0164044975518                       1
        11.6369897868351        42.0154644215585        221.183641478499                       1
         122.54038234799         20.527347145933       -6.22549347785873                       1
        104.463099136718       -10.3981901862414        138.339640485555                       1
        139.129371165045        63.9385361059989        2.89147588237423                       1
         341.67837149537        42.0342997096726        7.02923181689321                       1
        240.831331157995        19.9498187935251        211.273788099156                       1
         8.3973281623309        107.879890099729        105.482123927198                       1
        29.5662774489054         53.641556397004        90.0414265693105                       1
        275.600297436633        30.0868639900916        165.413864940714                       1
        209.765543862137        99.5954317913332        34.5788035893844                       1
        131.309736845186        73.4298204937531         151.76313634031                       1
        209.357409479947        46.3585611140127        52.2044109809223                       1
