TEXTURE AT STRAIN


B  50
        344.861276829632       -23.2895477528466        168.140276281177                       1
        153.008748058991        42.2880159912625        29.6295531368097                       1
        133.547504682939        15.3979187772957        49.1216288838851                       1
         226.72344646621        68.1974264942989        160.386552142777                       1
        502.596234711926         14.221401881262        25.9469863045111                       1
        157.263233112805        56.9586062444661        29.0994682638288                       1
         252.09865822104         54.160426819573         310.04417873624                       1
        320.035303528974        149.623623169373        141.154057194282                       1
        352.470664757964       -51.5420215759429        6.34484325285593                       1
        171.295482087048        26.4689779014233        -3.5579518633644                       1
         121.56699054538        42.6053562186634        47.9836030641286                       1
        169.678753386036        48.5931800525374        170.332574072396                       1
        267.894512535107        107.625396538875        117.004670810645                       1
        164.240372331388        39.9842821155337        188.274841163314                       1
        244.060564679955        59.2103053496619         -18.45546124431                       1
        324.431483347611       -53.5764752092392        6.94011339377843                       1
        288.014764593898        -29.056590861383       -114.463619997569                       1
        333.202361535985       -59.2565641589176        16.3750062745063                       1
        174.798489499538        39.3350461051168        196.003172380952                       1
        425.970259524602       -71.2903596898702        144.948425450819                       1
        86.8291432780785        107.512144887554         55.578159773953                       1
        67.5974975033513        75.1932692354424        59.9331261856497                       1
       -18.1440669837778        129.759480232921        51.0880077581285                       1
        147.052589786131         29.188596486777         30.516963455661                       1
        362.188279291114       -22.5065547668336        1.55594356101143                       1
        150.806505970094        38.5476930614808        186.279706958724                       1
       -73.2828188253191         75.123223303474        130.531919171302                       1
        184.050711996903        139.722597049571        103.630465710583                       1
        127.805184081895        52.7733120548238        29.3830367097248                       1
        122.523823979857        40.0013457373462        37.5365204491375                       1
         250.74538441405        109.427609124855        99.8364093573073                       1
        144.286022546916        45.4997554653346        26.7425875200027                       1
        206.145196055617        119.631124121174        144.711755637296                       1
        329.731992140224       -30.1071854845975        46.0327895616731                       1
        158.800417470735        150.695456685373        71.1981913409144                       1
        326.828083622415        135.448928095473        160.334689862611                       1
        510.626753995615        44.7575331119273       -135.985500907874                       1
       -42.7099629634239       -29.3329850637393       -214.331128800062                       1
        231.649643734521        53.6516839925008       -27.6438197370235                       1
       -12.8779625476638       -32.8290578687973        133.870597651135                       1
        317.470242374129       -57.9707944582585        38.4229423336811                       1
        137.674765907082        45.6554234314006        151.439099522033                       1
        482.246587094077        24.6302194529176        36.9275795899423                       1
        171.347641921671         34.985709586312         111.00597022884                       1
        126.499107511222        34.6177971286943         21.220632567593                       1
        149.406239209706        33.1387039074409         15.067561548196                       1
        263.605915281803       -67.7851403539424         43.702700042635                       1
        184.830205045846        38.6910998293999        169.282326977669                       1
        78.8745221938799        87.6137425691078        68.7939108633286                       1
        308.370407501213       -44.3590697664458        57.0813268895851                       1
