TEXTURE AT STRAIN


B  800
         78.212247873648        34.9177986812749        84.6165932294083                       1
        214.035166136999        21.2201133038152        148.665369092643                       1
        274.085348344266         75.128723064451        35.1320075456724                       1
        191.726009402472        66.1215092792082        63.9661759154367                       1
        179.700191008056        37.8009047940527        149.053580402668                       1
        98.8215660620997        89.9491871034719        57.4920592973869                       1
         326.14843648493        38.2397701427022        70.9596194852086                       1
        221.200208478019         89.425604454235        93.3821985718038                       1
        254.302810854195        26.9447046345433        69.7924657363095                       1
        245.262825157047        87.0414680962338        28.5652891483901                       1
         139.17089865396        83.9610359307469        23.3777465086787                       1
         60.726439104334        43.8548525962557        146.934098050507                       1
         282.03508548811        80.2206085475346        54.6680632572581                       1
        133.261255335222        84.1531112660868        49.8944317088906                       1
        55.8937553643087        34.4387987409566        122.197767643893                       1
        22.6442463832833        73.2281025928803        86.3489140379982                       1
        8.58988280669209        51.4992604435022        173.863518317949                       1
        287.550619022239        9.39198795900493          139.1402312032                       1
        93.0653367979835        57.4041479718766        142.582365776075                       1
        136.457343980101        75.3303050186898        23.5425236242208                       1
        20.2367825830107        87.0437241553445         141.88405199793                       1
         221.45095715849        69.3091540420282         56.851426370816                       1
        130.769531112119        30.1123132497418        66.8983354094388                       1
        184.388130358525        73.9103057992465        172.829089823428                       1
        306.153465012787        71.5844768176079        143.358521158773                       1
        77.4798338490043        61.1100709509128        43.4982260460315                       1
         253.23543828459        76.7801737665723        85.3265680394937                       1
        175.453569877824        36.9716912469174        125.086508694973                       1
        343.909766455193        86.4160702015176        125.914284320024                       1
        51.8969166502346        56.2381411940856        156.070182274603                       1
        244.904173135726        67.0318178116521         -1.466186501443                       1
        50.2801960413538          69.29265220857        111.540361821989                       1
        98.7347774842331        69.9361911457971        140.353252098992                       1
        290.605641914537        52.9153429060822        98.2873606492652                       1
        323.161011038855        63.1161900140333        147.642914397882                       1
        20.7948600704818        88.3851769759645        58.4843512093347                       1
        173.879868542071         80.594776771936        150.268704260126                       1
        11.1751481360063        35.4247881217805        124.070870703308                       1
         243.84935582625        88.8647858879873        75.7431179433229                       1
        111.218885006932        79.5707479636826        58.6938812449981                       1
        329.765757584574         12.025861180606        7.51689367992595                       1
         137.35584610286        70.8921971892807        95.0826478334198                       1
        108.640804747405        26.3575144162422        136.731096458644                       1
        201.809749118832        83.0429014137359        10.5253099803688                       1
        121.243450496749        85.7297589669599        5.22178626761665                       1
         56.846083557334        39.1441219084917        164.272516337167                       1
        4.64292845683829        58.6341578710153        39.1448131962524                       1
        125.842717406371        82.4261707609863        52.5733755586234                       1
        322.910532490488        76.2692742361695        65.5734848020972                       1
        263.940667347948        79.6186134440533        47.2157379850665                       1
        219.880722528169        75.5356957715098        128.962734855476                       1
        32.8097946166716        58.4538186649642        23.7023058781437                       1
        214.193533129792        38.4155014624397          85.98351544554                       1
        77.0024151655635        38.9418830589878        76.3797984150839                       1
        191.343072832058        77.4690834460656        91.8711582762925                       1
        316.892680297945         54.169228615978        9.46055941524362                       1
        144.531525295597        75.0279075996611        55.8707349660196                       1
        174.010366617925        58.8028256917544        175.875087825569                       1
        241.779040174104        39.3482143319411        74.8520875642601                       1
        299.960231115179        30.6270749547163        176.583450880091                       1
        11.0344509399818        82.2167729390172        1.66508219831328                       1
        75.4035725025606        75.6337650547916        24.4615867298218                       1
        209.740405770331        51.7216621822931        164.809659685801                       1
        54.2655489505278        50.9250523842153        148.537981353083                       1
        33.7088184212253        49.9111090475796        8.14184752254705                       1
        7.40772026698816        69.0720527411707        87.2762706832321                       1
         99.794911725993        72.0774346777285        106.580820386063                       1
        36.0830262564638        46.0402787114289        169.147018155981                       1
        53.2688973593983        83.0722410498141         147.97410216786                       1
        23.2322106937405        78.6504829941706        89.7311360745452                       1
         255.30629534184         87.564360850764        131.421521450646                       1
        337.941103022655        75.1121840817596         80.692157183294                       1
        174.606862751713        20.9766719291375        37.8602585843777                       1
        309.226443796182        25.5667558302428        65.7243104841753                       1
        338.271919964002        75.9118718691464        141.026146694903                       1
        86.2525111824092        7.25351700586164        44.4093490106062                       1
        67.4811378807835        75.0739981806453        159.751444344118                       1
        126.149097728532        67.6119859921271        42.3144755073896                       1
        111.093912271908         31.141023558185        164.443255533817                       1
        13.7544798633938        57.2520344245814         113.79204061968                       1
        118.797004315093        66.0499186987482        60.3830490355376                       1
         157.13254678953        87.6264922580391        113.145382886914                       1
        300.603751127483        66.3767040811471        15.5841130374429                       1
        201.351609717377        59.4331258091353         140.44852051381                       1
        42.4437629514005        43.7603101879164        99.9779972661636                       1
        336.468926569541        38.6501732648653        56.4093026991825                       1
        333.305736863512        20.7981988912858        106.100551716113                       1
        59.1452945004242        63.7599672560084        87.6655897104356                       1
        210.284274975097        49.7993761050688        72.8255493293373                       1
        186.957731557143        61.9116132257441         175.41786780564                       1
        207.736919664786        70.5502837903145         24.910305592761                       1
        43.3529952568463        63.2527288389529        25.0670785057374                       1
         30.396842585789        57.3695405134796        39.3845440304434                       1
        291.376549357282        43.8243215634546        174.190662238097                       1
        127.989124334404        32.2209494593024        129.225849747469                       1
        91.7472251984591        86.0710382977491        94.9214460861443                       1
        331.901548722486        79.9890303456273        38.3270596559963                       1
        209.862037936878        76.5106510120674         79.288257761289                       1
         237.26931176372        79.1952965374699        153.168646190264                       1
        254.536894948311        48.5499114490873         168.22867828843                       1
        82.7846076828061        24.5618840458958        117.793396817225                       1
        116.246923235608        87.4415401810756        177.076940547217                       1
        9.01438386629328        63.9875527889281        79.1328461799922                       1
         87.452030529089        37.1392896953428        41.8473776181343                       1
        188.707949808186        67.4470896911501        79.6910579662608                       1
         51.532378641864        75.9721660090196        41.2415724043855                       1
        355.003514497442        76.5633563738083        31.0067448417294                       1
         142.04699454658        21.3691813325413        45.2816337258759                       1
        246.537382609073        93.7866546078862        51.6111784261928                       1
        327.381898553654        38.7032918815522        82.6583103125792                       1
        119.739241767798        43.7731633020617        113.315278352127                       1
        80.9888686610249        36.0956089085428        11.0568171309914                       1
         246.10343730885        57.3359550317254        14.0367189512366                       1
        301.845321987274        30.3987287728313        93.0125741039349                       1
        256.285791021183        48.5564544237646        166.617405327666                       1
        55.6230846188104        49.7360572244317        162.661015366908                       1
        240.168987052724        40.3587187514122        66.8082223091933                       1
         41.467438852952        89.0918526501376        55.3588604569844                       1
        36.7796844037572        74.4880918085502        -7.5757212080748                       1
         287.74010988045         92.904817257692        49.4253387743991                       1
        191.567811337678        89.0383661746842        89.9574293694407                       1
        252.228477202646        85.3085265326523        8.36130410688931                       1
          227.1108547501        83.0065582309925        103.804455436861                       1
        207.820215628857        27.0158030052852        121.713942652546                       1
        290.666417286285        40.2276971294554         114.02339769402                       1
         315.49596991263        78.6274193020485         120.53646890855                       1
        235.252006888831        39.6119037564071        89.7867494200238                       1
        37.5103173411797        81.9210552275376        71.4091399949014                       1
        10.8693478767759        82.5607193394134        158.188726184943                       1
        46.7789566120535        9.01217554277066        170.177812265451                       1
         94.572120613011        75.9872161974623         90.576386233116                       1
         106.16883301377        77.9570002612815        151.312840385769                       1
        214.981028772298        83.8665083498672        48.3883979461806                       1
        1.99954495492295         82.941902632116        71.1458931674123                       1
        195.521250622868        85.0421794192191        36.8092981342369                       1
        169.825365587687        37.6271201845804        106.826260310372                       1
        277.319085807305        13.1181376310021        117.832095047716                       1
        173.450521490774        22.7278546697602        97.1171396986704                       1
        69.4981460800899        70.5188270020905        98.6817379526229                       1
        102.285195197578         42.987307945384        105.539229788712                       1
        355.451587030562        63.8256402629259        14.7320872996475                       1
        54.6832161816289        84.6706217016961        151.640324826048                       1
        75.0352282400191          80.76724570989        137.956087763571                       1
        167.688766173597        71.9224966141192        50.8734797095251                       1
        125.517101244828        80.5113297957451        175.191129490225                       1
        127.580376866222        83.9401277853125        37.6662972546276                       1
        275.522917719606        41.4346597384606        135.254895566646                       1
        51.3264394588543         43.887305355935        24.7935800808487                       1
        335.530463016214        82.7726097908084        81.5848101984639                       1
        93.7213812022663        73.6947167317527         35.347562415669                       1
        189.465767434698        71.1981051848038        43.5023726463819                       1
         111.33863233921        47.8162101540644         23.267978899928                       1
        99.3562366412235        43.8301754218996        53.9923146803351                       1
         188.66746832645        68.2743040436814        49.7672472502084                       1
        132.550722427829        49.6951815516062        185.004415399062                       1
        249.076072235253        79.3254182722708        71.0356688367908                       1
        217.821284067299        61.2806073618961        172.951545780875                       1
        297.145255315284        70.0972963723523        144.043277640914                       1
        181.701183313172        80.5865012668531        83.5301914794361                       1
        213.886953800269        6.12285912472676        46.1561717983255                       1
        211.602526319183        67.9721116046549        45.2952567505011                       1
        123.417967470096        45.6524840939206        60.5849575454988                       1
        223.929250180117        75.0117115627037        144.465774726885                       1
        267.836312622731        87.3467398706434        106.817465803499                       1
        73.0041859735278         53.564126859235         156.65689059902                       1
        276.533437186564        16.8174866764005        130.038045554249                       1
        288.438332787873        74.5480632311527        97.0765642402848                       1
         261.48190564558        14.0084817804235         95.301427567998                       1
        324.161498512259        67.2802169025772       -5.80796455978569                       1
        197.611536999424        80.4995872230305        126.100268216054                       1
        85.8865350932503        82.0251944957679        52.8676333403557                       1
        293.901655555936         70.777189733699        132.202541011029                       1
        198.437370207441        38.2037004554608        169.814748787156                       1
        198.214025596773        81.7719017687079        65.8534535747237                       1
        267.931060077583         32.642317924332         48.375150515378                       1
        257.101250943328        87.8836192781003        61.8800873148402                       1
        81.2419844101891        34.9678288155654       -1.65531979388621                       1
        11.0701315625464        88.4082162804818        97.5577747712207                       1
         274.09584157522        63.3414865488919        151.668696593392                       1
        340.972721668753        44.2074566356898        5.12295634860708                       1
         182.70799519206        57.2678456780178        138.317241016881                       1
        194.625081794189        32.5784986589021        89.9108412133801                       1
        322.363085147584        52.5694199222832        132.126662437594                       1
        332.556024589191        55.5026683909587        53.3500920446203                       1
        98.6320225189296        56.8139343754515        124.619899123358                       1
        242.955282086445        63.4422496117825        41.7230042559054                       1
        171.741817773641        98.0003193042576        102.965181518722                       1
        17.8999882506293        69.4446392476503        18.4624162050732                       1
        277.336806458825        59.3979210208808        42.9771999472748                       1
        174.074326832618        29.8654036160593      -0.480300183716097                       1
        158.570282846927        77.0694718842233        98.2970936071894                       1
        79.2517649079614         74.280157645899        68.4564650028206                       1
        185.769929751423        76.0374180775505        6.25435267888052                       1
        139.453513013814          66.27034779517        160.228633121447                       1
        121.110374030846        48.3447868303593        135.574428558474                       1
        337.724008039394        90.2800690011169        46.1425307528912                       1
         141.80864612733        91.9060021035224        174.509195037419                       1
         55.568265982957        55.2980617811718        180.583234785323                       1
        307.929699335508        82.2962187842941        73.5900530586581                       1
        270.723853765441        54.6886490580983         81.565675066473                       1
         52.860336618557        67.4645000869351         177.81168978233                       1
        234.154294929383        59.2842180460273        155.190426723521                       1
        131.455134398289        63.6436151015809        70.7198325072105                       1
        31.3867106015039        35.8848798746859        172.652647693355                       1
         212.05964170364        92.1126746416462        79.3064994011892                       1
        90.2072704941438        50.9754500661896        62.7457368952577                       1
        72.8531395010392        83.6635696200789        135.381976920145                       1
        346.972270101155        44.9912479657525        125.594310050707                       1
        363.988345891737        90.9451408444825        108.564307128538                       1
        151.025912859353        24.3011886093674        28.6524686036932                       1
        188.361401756099        75.8055976153535         78.314239606574                       1
        345.991774101213        52.4440556671195        31.9503890255681                       1
        307.585026243505        82.0500269973505        79.3017605589484                       1
        144.296837842396        44.0477931880324        59.0393290340026                       1
        33.1003014560702        32.7778162268168        36.3209465513183                       1
        249.915227005456        87.4802025319095         151.62435202114                       1
        348.146886210627        39.4715038009093        29.1493320966965                       1
        202.681254530054        71.2733983375952        70.5908995969122                       1
        17.2875291871854        36.1767260076315        148.591734434373                       1
         315.46157146668        71.2407673298518        154.888556156564                       1
        54.8630702494667         66.191910462882        38.0006100031414                       1
        268.197959486937        62.8292364501645        70.4463881213592                       1
        322.791036503904        54.9950112130944        49.4283000607052                       1
        34.9843703435491        40.9933745280823        102.315695146942                       1
        293.181192486062        20.6647475795941         139.11191865039                       1
         209.83855136612        85.6749818883087        33.6743195998312                       1
        348.256430342626        18.2343071806462        16.3552474003981                       1
        261.834460994935        86.1457312071717        146.627550659466                       1
        14.1758370188059        81.5619554340718        46.9338654705728                       1
        59.9468537473399        60.8273387177892        166.334512706303                       1
        329.252487219091        87.3422997399855        111.892968925791                       1
        312.112853626654        79.8196951424286        55.6733754996465                       1
        103.621324213401        77.6062239189234        73.6794915898804                       1
         34.378106657619        74.0035406730286        34.5073687587691                       1
         10.045792222099        52.0549193608077        96.0157265167777                       1
        269.531378047984        23.4399085148712        27.6187524713664                       1
        90.3071499838906        33.0903230715169         146.06423331117                       1
          323.6740171109        50.4645995781469        96.8303549010843                       1
        -1.6745579310783        77.4954965224316        43.6286535478014                       1
        191.597534199928        70.8902446539351        142.557293828912                       1
         268.37935602838        54.0967177770019        131.800858756131                       1
        139.021128817945        65.0610535183127        17.6024248461262                       1
        228.294334730375        56.1283858177818        10.8231575703214                       1
        278.351590557402        43.6010211128377        83.6165722125026                       1
        221.464263880152        23.6345813527275        24.1482107577597                       1
        250.418390107763        67.6696384649537        95.3491099557507                       1
        49.2499698157618        15.5125484107732        26.8678400434232                       1
        24.9250719136175        88.5641841868805        98.5220287310308                       1
         330.85998372815        7.00215999169404        42.3401810222962                       1
        170.258416516361        9.27750566726166        17.8345006718237                       1
        98.5879875223442        45.6109777093662        145.710927675053                       1
        255.689929014063        61.3497328532159         77.842709480395                       1
        305.882000946508        62.3367024124819        175.237780494993                       1
        266.261812311565        58.5313439910843        44.4941202235785                       1
        241.386837642628        15.4445992192902        52.0511019506412                       1
        325.707123325616        73.2364203250127          87.31767133079                       1
        91.2118038568787        67.3224815499862        19.2664343230026                       1
        7.37009267542081        77.3497486377838        17.0019513475937                       1
        157.856764129699        14.8086986794623         117.42005297694                       1
        253.094679432274         15.261485820413        164.339891677919                       1
        88.9060938186831        37.6505753016184        157.309107334369                       1
        60.6066183930397        50.9057262622714        81.5727030205241                       1
        266.006169353662        40.3713132884791        111.045385935949                       1
       0.345039418948906        34.3875151637027        89.8945989315267                       1
        12.1056935516064        91.6907096720408        103.972340906878                       1
        103.315639845794        73.4774160453435         49.051339067342                       1
        175.954729113507        35.1127519269222        31.3537654136108                       1
          211.4205458225        37.9982911559602        19.3428466454897                       1
        310.491811937899        46.5906773312971      -0.612558748196641                       1
        344.194496046527         67.825215473645        26.1005185812538                       1
        101.500227825181        46.1022367988519        34.2995246848858                       1
        351.545498471858        28.0676805139807        34.2233703230513                       1
        286.438209906771        53.7361399147242        92.3552065858586                       1
         338.45205201743        45.6132914698544        84.3619629698376                       1
        175.518117116269        78.7317408782452         103.91242901686                       1
        2.40462279512652        19.2580814113844        122.042687182262                       1
        270.122512955612        69.8627291807699        13.2428056982926                       1
        205.007059248624        84.9608234809058        2.45959752127987                       1
        205.945143759554        77.2217501527632        149.363270185045                       1
        64.7763893448738        46.3973210546321        28.6033341134499                       1
         33.110364057053        51.3968437077566         108.23992727112                       1
        334.722020106621        40.6790239884353         154.68172448631                       1
         173.19608022129        58.7728086592704        113.002943938695                       1
        294.214554186796        52.8638459024667        128.763899684556                       1
        53.4408281110543        78.9110166989961         112.10043689335                       1
        97.4673744657614        7.01344438337636        126.701311675677                       1
        184.508971054214        85.0526458540177        33.3997171481963                       1
          253.6704415111        27.0185444544685        135.583950531159                       1
        51.2690767640539         53.947350259025        119.643839234771                       1
         280.57600156062        56.5386728626998        29.8523019685781                       1
        72.7035745982184        49.5269390594124        176.713731884196                       1
        276.102812078072        86.0588536065427        135.608271931855                       1
        71.1171798308581        33.4094986653573        72.2622542534547                       1
        244.088593286201        77.6800872528898        168.219333930486                       1
        304.317785871765        37.6016306698476        10.7469484374251                       1
        23.1087186980464        47.3894648684832        105.526808921309                       1
        191.733967021361        85.4415821962191        90.3255296070805                       1
         142.04934911003        23.7751734137878        93.1114299571681                       1
           346.909788357         77.731810878005        59.3213683115374                       1
        155.653250092398        69.3575529196398         18.556353118032                       1
         74.658692309884        69.8748647057407        15.9896981879339                       1
        122.898582189926        14.8490877993363         114.88443852817                       1
        203.873162544201        76.1014482347031        126.024165005574                       1
        249.939400805465        66.4974096301776         25.172944540367                       1
        225.249816439844        24.1226454079545        72.4429368963383                       1
        306.970990920617        34.5640350916035        67.8425535971483                       1
        203.695422481664        75.2096922361795        45.7388293556552                       1
        75.6473097545308        44.0513891708609        136.314389685479                       1
        170.734614596056        86.3274807697533        70.6649983602966                       1
        186.735511096556        12.6851217152943        69.7353708571905                       1
        184.752549127619        49.7722540790393      -0.520435566753987                       1
        259.311409949132         27.641361814134        179.113440174595                       1
        339.375281752767        29.1599287990113        66.9439264474507                       1
        144.743126205361        36.9490607658805        76.3304674620965                       1
        191.084849714963        18.5161712404233        110.385406419146                       1
        102.314533857529        38.9070087549925        122.821198024955                       1
        4.25899652818353        59.1274310339052        133.319650906802                       1
        75.7510671327874        63.9996528760331        64.7643996606603                       1
        216.288235141073        57.7935561365496        67.4484881086342                       1
        37.7724988665092        63.5899090830425        7.60537357401869                       1
        115.759124613636        64.6266888010688        36.9372957099981                       1
        102.614108503212        83.5219947873035        116.554231980201                       1
        326.292773860754        54.8602595374463        142.998514516461                       1
        214.706327557315        84.4480497352258        82.2238552524898                       1
         274.49953910982        30.6404763719555        30.0096701916346                       1
        311.501050959108        83.6964413866465        151.864112079024                       1
        190.460861144182        47.5075005853045        62.6744629120325                       1
        134.458107431768        9.92653804147135        52.0053830650067                       1
        84.8256075045457        44.2208413042671        34.4174522539132                       1
        258.611151741199        47.9394728238859        68.1728214894903                       1
        112.653253971791        88.4167242075349        67.9446776653996                       1
        166.342549280371         51.945214927239        32.1562737402156                       1
        117.072584807411        35.3800682537188        28.1236154461788                       1
        115.615747024233        69.6313196021636        127.159038033138                       1
        8.09893610116853        47.0177042329426        158.314856121542                       1
        45.3544069602866        41.7855958377276        78.2344350680441                       1
        120.844931581044         61.679270583526        148.482748439641                       1
        136.531507455958        43.8411766678037         10.558956128077                       1
         230.92407831266        83.7026589310765        136.940133133139                       1
        95.6556005739553        25.2649144647011        100.370353435626                       1
        54.8726428048416        35.5712052764964        140.928781516158                       1
        213.400422039964         29.087644223253        172.235736141394                       1
        110.195094325451        58.5562111607847        74.0255832205105                       1
        79.9132396553327        53.2386806948675        58.7076231830252                       1
        212.191165230838        51.1582990922915        64.0350710287121                       1
        341.659814781984        36.8948877201438        112.090222655305                       1
        64.1432573833741        31.4684510106234        97.7531589496298                       1
         353.65383324126        50.0716637042055        7.48086434134208                       1
        237.266085611753        77.8403568263789         66.840300359358                       1
        285.585247074769        40.1395157646398        27.9862796663156                       1
        109.495196431221        33.1407659817457        11.8611852262097                       1
        17.6081538399896        89.8347752970217        109.187056049948                       1
        291.052654831693        33.8038612073437        100.992177138034                       1
        298.703482253275        81.2794141830284        7.59603030515554                       1
        71.2695695376615        76.9948592499226         65.370577472555                       1
        351.278223143308        52.8389688699817        85.3110112516505                       1
        204.151613690449        67.8182560086416        70.6281946114261                       1
        6.49996263108872        50.9360485867859        87.3296337769126                       1
        179.634926929174        82.1614985795218        53.1725727453107                       1
        297.017888884527        60.2872200969669         149.95752600038                       1
        139.010366262607        63.1801399010995        38.2182125756282                       1
        237.379505547812        37.8385615572384        6.34239986005835                       1
        328.545211606578         72.719962043719        11.5932594536461                       1
        335.027816773035        65.2162432611452        31.4176185447046                       1
         90.353425472062        88.6966471127494         162.74430206454                       1
        147.388554956827         49.381364284323        121.541504862331                       1
        28.9807683895284        89.7092979012269        31.2056734031901                       1
        24.6101242581069          65.43824671496        115.485140015472                       1
        103.601180787817         16.144917262243        155.073724907791                       1
        40.3518979712847        48.1264399806244        39.0643987662031                       1
        230.621080227445        44.7536000578261        174.635003889533                       1
        272.977229080825        68.0943462803383        26.9870094674446                       1
        209.512398263815        79.9800823888405        55.4195075769611                       1
        327.550438402478        82.7692032747368        168.449488350205                       1
         195.43533291132        59.4219149030393        91.6689665382616                       1
         188.45629913928         61.103393168117        8.58518810444296                       1
        25.2721099003199        79.6605686286046        60.8620000910892                       1
        262.135301436762        23.2928524142202        131.363746068335                       1
        0.11755570048396        28.3676446723129        83.5611979150798                       1
        75.8884712235539        40.4335992113996        89.2508849046538                       1
         187.22126330136        45.6348294862473        160.526841088731                       1
        250.568781357457        26.2352021457467        45.2718435813565                       1
        176.555840285549        73.7142994069539        71.8550733414543                       1
        231.333722476882        26.9033359959525        52.4855026709823                       1
        10.3770513947338        72.2095015977004         129.96526579379                       1
        90.5951104295773        82.3739344357644        71.6884258679779                       1
         297.71694399775         86.966954989489        62.9686767454542                       1
        43.0305595620583        63.5379658546848        158.423857423174                       1
        92.7845411274783        62.7986015093249        29.5633597847588                       1
        59.2633069799981        51.1675304020641        127.759425590539                       1
        281.715630065868         82.941763466274        18.0715821110834                       1
        195.112446070739        78.9445477632992        58.2421075504545                       1
        122.994931923025        83.7464442876857        39.7595447349765                       1
        356.493268067036        86.4001023023021        103.828402751345                       1
        321.783831694164        75.6093291122299        128.491147781739                       1
        20.3191573596949        77.8106321233036        5.05160816780164                       1
        349.046983952741        55.3758049089474        123.258408579674                       1
        347.303071597351        63.4692100641477        99.9022054413224                       1
         10.452956212979        68.9852155760626        99.9246232148033                       1
        89.9833822552756        84.9274960996918         9.0097862060869                       1
        167.565378365524        49.2438471210406         111.16204681707                       1
        113.947294757899        46.4707772597026         34.078194909248                       1
        39.6045096654867        71.9238272895554        52.1347309326142                       1
        126.816732735474        58.8812932912705        28.3147105713104                       1
        204.681518152754        58.1474358787855        79.4095847379235                       1
        17.9217621359254        53.1888987390019        16.7943524977004                       1
        211.264704014793        22.6939202497294        56.2105298945772                       1
        333.682277676051        68.8720099409891        45.8178880990899                       1
        323.461388167916        31.8665623251088        49.1559756321481                       1
        119.797695906918         59.499990571978        23.8917859515434                       1
        338.723910636254        37.6369337677372        161.488936778091                       1
        350.661007920065        14.9437819506959        96.2940487435176                       1
        194.164764232703        55.8459627702179        117.459162250998                       1
        239.809163717334        83.3159051749542        47.0182143319444                       1
        27.5175247837291        53.7517914771998        134.234026655233                       1
        141.964708257459        84.0987862065306        136.856009255223                       1
        115.277541746161        49.6752087941122        22.1576719793877                       1
        185.460723073439        29.7453507680093        182.207665073106                       1
        18.0263272154487        29.7406172398326        83.5791786103802                       1
        121.651777463852        83.6128289547041         79.421917935845                       1
        160.884036716505        23.5119775451459        146.685804681444                       1
         1.5071246386073        70.1616388121317        56.2603023802674                       1
        351.264432676496        42.9834065337538        162.263019674552                       1
        28.6212890315439        75.1154406709308        46.6178219161134                       1
        119.541388281601        76.9541670989355        67.6691886216845                       1
        3.80681246617991        41.9661431293786        135.496307981273                       1
        173.152702638349        70.5923030857574        41.7799449011159                       1
        131.871163248965        87.5389809514598        66.4141008833291                       1
        257.098074420692        75.0452420313601        32.4285353826942                       1
         252.68521675051        52.7554085228593         103.33168485825                       1
        143.488215313091        86.9888658171313        111.300958807188                       1
        312.241564330634        80.4402461281854        8.79519716287537                       1
        61.3120536797724        80.2717751842565        85.0787932448857                       1
        105.076685611364        79.3310586959706        158.271590029967                       1
         347.89896567023        64.3018897450181        123.457317846091                       1
        248.533013710202        32.9359871298325        156.313750644016                       1
        238.105136062293        74.1714367354784        11.1006325146202                       1
        203.805339330656        72.3763438277591        104.606580657129                       1
        72.2392511173681        63.2501798282924        59.9753404936441                       1
        195.137053179744        81.2177526020271        149.344319671128                       1
        261.208404939388        14.6114674296791        115.867276980128                       1
        229.655479439431         88.291170339741        44.2011560273908                       1
        352.628366030047        20.2851040299698        110.140584390791                       1
        289.761424953219         86.446104287551        138.230773417441                       1
        346.775303440013        62.4345796965584        13.4448244722556                       1
         344.44714458321        63.1789771598103        87.9548551333484                       1
        139.557081965441        56.9360720027489        61.6305177119404                       1
         336.25540166465         89.076045553689          42.43612136475                       1
        196.085436344806         73.033026709145        50.7793463597915                       1
         268.51025941642         83.871889536498        104.276205729982                       1
        226.890591743167        23.1637526643588        21.8377388562197                       1
        123.041264338418        74.8649414919969        144.206060039812                       1
        203.032392038345        45.6571239741393        150.285734906456                       1
         324.17450665067        90.3109800408194        149.308524193306                       1
         231.97477081359        52.6205747612511        145.232583522898                       1
        229.314595445691        61.0772684378532        130.943266634703                       1
        330.187716892463        53.5080741370198         165.59968656336                       1
        331.826158204039        40.2374374866813        107.480224121683                       1
        144.319498149452        67.1508670316668        115.171886667209                       1
        66.0734036263754        55.3155695836659        138.359233572522                       1
        143.553281636621        23.5757056058822        1.69036741923811                       1
        40.5872709213522        59.1496854795294        21.0721072426061                       1
         38.192322621515        38.3076298745304        21.5511660304174                       1
        59.3695879481214        22.3071497424363        170.299283727551                       1
        112.536117971988        16.2687325277876        43.5564222230946                       1
        3.50608668771398        78.6251642490889        107.506703775492                       1
        109.925385460784        33.4299037929261        25.6452246663275                       1
        194.471284162071        31.0455652080312        121.673107704991                       1
        103.238431367306        43.1534611186076        133.946225384948                       1
         201.42620612252        45.6404628303328        125.834400179543                       1
        336.906315379979        10.9753367806279        26.4477912807965                       1
        108.911093338067        68.2253082300524        28.1592005879124                       1
        309.978969170372        64.1590990353595        129.478607324352                       1
        327.894279055786        65.5078659200388        2.62292474785501                       1
        79.8366529707094        55.7833963863862        109.176005727266                       1
        351.785847993365        50.3986016354562        38.0358906804562                       1
         263.50640184388         79.265737967269        78.8692222012285                       1
        298.856999957314        1.98582660134943        158.274507435214                       1
        187.511612076322        65.4355490787151        66.4262923666858                       1
         339.92910101158        60.4844892254846        4.73071752264479                       1
        13.4329613183309        63.0102264668703        162.631017454827                       1
        216.879650843976        88.0239418249411        121.923464064404                       1
        284.339379289526        78.7684874572372        177.327704204481                       1
        301.611381071177        83.6737703441548        132.395153164199                       1
        211.864306112154        70.5442031033865        78.0253245081313                       1
        245.651555280071        39.3160032248279        61.2192171455155                       1
         205.59386949665        55.3401233699321        158.672256324464                       1
        337.435349545911        31.9930084522213        126.855711083582                       1
        315.963142677125        90.5359673912123        51.9470235041693                       1
        50.0525206428098        17.8347430244556        102.065547700136                       1
        50.9446041082678        60.8130179239809        166.654953935164                       1
        113.204495406539        68.2684638209316        60.3418273043794                       1
        33.0501947114787         70.899759336557        129.868415679408                       1
        107.259381908001        45.4514871585104       -5.43769180085437                       1
        329.234502412137        48.5599084237115         31.494814430385                       1
        168.989349880198        51.3111542107486          180.7622194268                       1
        64.7767850345805        76.8410102004723        72.6259615975648                       1
        228.131705720477        74.8742777965152        37.5988529034204                       1
        62.2018276079614        40.0639315686426        90.3873121179759                       1
        259.811211773735        73.5816062273732        121.559832618332                       1
        173.737346398235        58.8843923904983        178.858053872744                       1
        205.825125555506        63.7062836462291        5.02676976571642                       1
        24.8712062810622        57.7158466713722          175.6194690005                       1
        340.945178078436        53.4062101713267        164.388818847092                       1
        305.146224469445        37.7328765483392        15.7695505004848                       1
        132.614552651766        31.0975608349634        35.6645904586026                       1
        155.663517357128        74.2755659406038        170.013878393349                       1
        328.733979315177        62.1483675449508        19.8507488871606                       1
        322.043389854452        60.2518319141517        111.264770356649                       1
        272.569064953135        73.3223063765528         97.604926454563                       1
        219.332949320373        67.7488922747864        10.2029287059431                       1
        214.373454196814        16.4430115728319        120.652905391231                       1
        235.962779837464        47.5133718843749        137.931057598389                       1
        77.9686783268893        37.2823792625617         122.14771481678                       1
         292.42403896759        74.0901772850882        119.937961934757                       1
        90.6367321628484        55.5712841376913        77.5059732956574                       1
        172.869785258548        18.0511754870014        171.367711493264                       1
         74.976027470992        89.8501267888014        149.792677317768                       1
        275.931284328537        25.4752862359789        106.361167355672                       1
        309.157441146478        53.5325226598268        27.9896989137744                       1
        323.973479914691        88.3571208201537        110.499901082196                       1
         137.68873133125        81.7522924526813        71.7121621569828                       1
        110.280674761226          70.91896657546        45.1745247584713                       1
        222.844556610984         30.321812811928        120.486621999333                       1
         201.62608074089        91.6430103151976        11.6742505636402                       1
        288.497947433252        89.0720580449879        125.745479322124                       1
        307.389228952891        77.4529576952662        144.115199732742                       1
        217.732003293267        90.7472142464995        51.2046363238403                       1
         133.64479442917        79.3973784852922        107.150943241598                       1
        79.3846998959697        68.3021469903116        96.6392322542925                       1
        318.395936720067        20.1018499200417        172.971409681266                       1
        317.456480321234        47.4528517998098        37.6366164307841                       1
        178.867941423106        63.9694364451475        81.9271351234166                       1
        286.966908170924        30.4192673813845        177.819988006787                       1
        230.532787523304        70.8211320940076        60.4799093984247                       1
        170.046182068175        84.6591449075463        130.412466337309                       1
        281.910045768941        66.8319487670275           81.3259260552                       1
         346.68257306081        80.9575809696862        111.490267820143                       1
        125.558292768534        38.7514559012179        120.106211074726                       1
        257.958599981956        79.2278118737069         107.88723343445                       1
         14.277842686799        41.2905755731025        129.369750528358                       1
        225.076455995448         71.517863473698         107.10317134489                       1
        226.052776343218        67.7663756168844        72.9984464780093                       1
        280.819535476381        73.3556446345386        139.028761651259                       1
        133.814162623914          45.95123355054        86.6471365516767                       1
        358.444896807708        44.9290469382673        131.078137527216                       1
        210.587288664587        85.3561197706249        89.2735476479421                       1
        193.992514069967        52.0633380699159        3.69109563231513                       1
        353.300957924472        61.9913000446237        102.830075559209                       1
        193.243764791767         52.810436234821        73.6006174228171                       1
        87.6582600192128        24.0121385338509        63.7987599443954                       1
        26.9496587021294        76.8106663925667        119.378930306674                       1
        189.494688039185        3.86222173473874        59.0363929553513                       1
         266.28231523631        87.9733947003349        85.9921145897316                       1
        150.521161857103        87.5493737566904        124.101538520943                       1
        217.194126224486        22.0870179523646         89.195336358977                       1
        224.176500932104        44.0483458285899        26.3697212476313                       1
        78.5087364310664        80.0715765242353        19.9328457792569                       1
        75.7652678879027        56.2479722983597        85.3964710138914                       1
        213.561990072381        69.4743396905683        174.032041078132                       1
        146.685175504198        36.8380630574839        183.591757509786                       1
        199.786591144715        36.1773998171992        148.321005540989                       1
        352.536529627889        87.4911957265266        152.879243632476                       1
        175.725298196472        72.6210561939095        22.5026852271169                       1
        102.386121508475        29.5243477990655        119.956432402032                       1
        41.2566984903573        27.5842429102681        10.4777945991988                       1
        4.39754591336786        33.4199432351482        121.403783223569                       1
        48.9541183718894        81.7822482882982        92.0623198180612                       1
        121.739239353027        65.8291548368957        98.7703740914319                       1
        177.040772684088        70.5617421395989        64.2362730997297                       1
        85.5074204127634          76.09980371162        162.147695700117                       1
        235.297006234858        16.4817803308292         27.292557849906                       1
        69.4295742966634        42.7600351849041        65.3903365067637                       1
        197.278373451187        58.9922030747022        90.4905446520001                       1
        88.2236659428215        87.5204008666928         162.28514586918                       1
        359.836416875969        81.0572735760703        118.273762282524                       1
        235.552901298248         33.018389348675        123.000505765235                       1
        219.847613988618        33.7265806784397        156.823677543324                       1
        81.8287284405826        21.6947718099212        169.573811226946                       1
        213.254721043637        42.5942704375306          151.6207354844                       1
        361.336865175033        62.0943983868926        19.6036251013595                       1
        163.018172581173        47.7912094708173        90.4885931012319                       1
         138.30775900022        72.9496210200397        136.284436145077                       1
        110.431140317941        82.5122868933944        72.8252533400683                       1
        317.723350805612        73.3939479394836        104.139231874075                       1
        220.727252445462        51.8702292285083        135.344616280987                       1
        245.771900923922        55.8324328217641        57.1066215494243                       1
        95.6213756824089        10.7024962669827        167.660791021673                       1
        341.410562081934        77.9899547514453        16.8004899025601                       1
        313.725171017814        55.7272353910542        173.767820584769                       1
        102.089443791575        52.3872181926053         26.291303640775                       1
         267.25459572107        49.7916883063235        131.082755573266                       1
        125.413108493496         81.727900819918        152.943167833779                       1
        305.396228864535         92.136436527407        67.0419588833979                       1
        308.865125776388        81.6372282201293        166.048929174959                       1
         3.6201922908277        69.3313644736266        170.076136870962                       1
        311.411465274929        64.0132108349583        73.2132465435593                       1
        60.0558504465566        37.4858516061866        2.60172740036219                       1
        191.993156253601        12.3211229563548         9.8011930419539                       1
        72.4249941495615        34.2111779132686        50.2895568421169                       1
        6.42793106328489        28.4693263079624        61.7510917764859                       1
        340.726562448628        52.2439308297593        70.6808008593112                       1
        103.151254641731        59.4969807455042        19.5919972760966                       1
        289.007028954721        80.7024721073826        150.109817184053                       1
        269.879788645603        35.1586975599649        144.235793532252                       1
        162.090958574206        72.1060118792944        76.0298265597526                       1
        41.4076836849174        35.2732058111175        143.853593466619                       1
        254.910877087345        37.1310315636373        107.789518862346                       1
        21.6387438259682        10.3250821786143        37.6302717614839                       1
         17.168664999935        67.1219508548721        175.885334473543                       1
        204.013534950429        39.6155689757486        68.8288125428739                       1
         13.597093325697        49.4363719819307         16.736592627965                       1
        212.401692653086        56.3998169812234        109.370289430987                       1
        11.5719397378372        69.2440221441776        109.642771566914                       1
        301.168488818309         64.772734670694        77.5167198079604                       1
        161.775826864064          81.38565853677        60.9210462354487                       1
        76.8864943931679        87.7727327242781        7.45918013097733                       1
         318.54107910018        38.9683300673892        65.9700658986729                       1
        134.652637677379        82.2001901427584        127.237252023342                       1
        346.895119376819        68.2230549565568        0.35699515155107                       1
        113.694921539356        60.0797057310998        139.824951619523                       1
         97.429946370623        2.09411555613501        72.4144091905156                       1
        207.709964866851        65.4173626245444        65.3125160494557                       1
          128.4374714086        82.2254434272704        121.798059141191                       1
        93.3077224169821        44.4715434271255        124.762488483027                       1
        329.216970368593        70.1175203400935        124.659218058012                       1
        123.026497407932         32.591081655118        87.5587279963961                       1
        286.699936467218        60.6974305038329        12.9168169870948                       1
        17.3736109638885        81.4299637400258        127.187607403498                       1
         346.57004848857        67.5630837590262        40.0185822718557                       1
        186.559124867445        85.5096697253268        142.130336561805                       1
        53.4749589201771        28.3950172618625        139.568856192304                       1
        58.9388548969596        57.9390465268102         10.079755374487                       1
        290.787732135756        43.6753555411186        46.4551601362297                       1
        100.244924419961        31.4552524493793        70.6189473342066                       1
        357.666160562758        57.5315981282868        85.7168198651931                       1
        282.054731917177         19.149931869117        163.462227913211                       1
        53.6683732575889        75.1542046460367        179.673868837261                       1
        20.6122658757553        53.9890859910792        66.0143073656069                       1
        209.301873553367        74.8134534454465        57.6031612702209                       1
        197.404471334236        51.7223567752111         105.14613788425                       1
        249.998140808354        67.8701336757664        66.5619990276544                       1
        243.851496090791        83.1863418333894        89.1248774728755                       1
        311.610171728738         77.901332869806        150.225324756011                       1
        66.1311888452245        16.8663570407967        46.7417643112186                       1
        161.806877752101        63.0609829613217        120.430289676998                       1
        304.497749963545        80.2803601630695        130.381403684333                       1
        91.1388211286461        47.8927878027009        44.7309739186691                       1
        267.372132594539        78.1580064393584        65.5984747314987                       1
        28.3178276996282        37.9711008267331        147.465355510293                       1
        106.698347116826        54.3432815803024        16.3535998026561                       1
        210.952992270422         98.008766190364        23.7091967487037                       1
         355.75375075857        47.8709241140841         21.075392089037                       1
        183.907777074884        44.4434682935762        89.4526441259072                       1
        187.405323907767        70.4120212969076        116.032585085624                       1
        86.7991453344534        65.4082505897678        63.2327188279061                       1
        249.561420492006        91.6018862658003        95.2768656936851                       1
        88.9933258985813        79.5181215926024        148.167975760427                       1
        18.1340409642557        52.8453276372965        51.6580099189993                       1
        46.5092925157899        79.0334100481439        75.7994232547027                       1
        200.751235442793        75.2568100228217        168.213483023645                       1
        29.6204179581811        66.9238326438627        146.925733215222                       1
        23.2884763288766        76.4253147310609        70.9826782212642                       1
        265.864595670002        75.9740162794512        9.31090031412234                       1
        33.8549941011853        88.6259424061218        46.0946246367026                       1
        49.6941677864284        79.2639996087506        85.0400561785442                       1
        317.619515052794        22.2987455017734        108.532055659295                       1
        305.000335652205        37.8671447345282        151.071608251355                       1
        325.664823658055        82.1713144231674        71.9920984272536                       1
        8.56285986903672        88.4849310246548        63.2243667612644                       1
        261.627896536929         37.320497187468        62.7459137034486                       1
        194.592509351337         8.1649429440535        102.890756275101                       1
        285.363544741551        75.0937819197274        28.3863869894037                       1
        41.4297666835216        77.7908744413133         15.381219920334                       1
        128.007949269703        71.7267011153007        8.49753183539629                       1
        215.556358049503        21.0374690663469        9.27668811348885                       1
        109.864956628794        21.7770896894549        97.9642490577178                       1
         30.701328677316        26.3225751081183        108.874133066334                       1
        187.629958453558        36.5008546573056        109.117391705839                       1
        238.496509909994         87.752864702964        78.5483371205425                       1
         323.00254198398        41.2668027746202        10.3027198900759                       1
        313.175807107887        66.5281114291142        89.8519741948145                       1
        61.8810875063934        63.4890999942676        152.597461371742                       1
         101.42534812989        23.8599086354093        30.6536170410311                       1
        325.749697228325         27.597484124555        173.171405565695                       1
        231.175591070653        69.9550743224563        86.1177637412423                       1
        187.167586789792        85.4864185208885        62.4368662088636                       1
        284.578215787009        11.0066923637288        37.2723151340062                       1
        241.592715088838        27.0570140724069        74.6527764292411                       1
        222.450048439614        80.4933613173996        93.2445351941557                       1
        297.255002894006        26.3952372775869        29.9212042524709                       1
        308.798045213281        19.3731730563273        79.6825126603296                       1
        171.052930584562        13.4184421149807         162.29839124889                       1
        340.996973855878        56.3381348720316        52.0216199036054                       1
        223.649163962834        86.1076813758951        65.4882649107393                       1
        147.027193877876        85.3585371477711        111.797040736217                       1
        293.529386165847        70.8593079046146        174.290520401708                       1
        361.167867101426        67.9965803440825        55.3149075710727                       1
        96.4889616282308        66.9452054796294        173.563081011018                       1
        30.2244535798574         60.862990904637        102.307381858211                       1
           217.608385976          36.63718884062        43.0798557374411                       1
        87.6142588244732        65.8960219408748         65.905351742182                       1
        358.288018210167        42.9829937344812        82.2841754587442                       1
        146.980362727247        36.5748280659266        159.707665332646                       1
        82.8131231101262        49.2203257505498        11.7931212388657                       1
        291.510387243068        21.0155945883826        83.2445360060861                       1
         186.15143113927        5.01353147865809        107.440663104289                       1
        158.786470496253        37.5865008587863        182.729514184978                       1
        151.553802135117        65.0130508371055        129.337331452759                       1
         222.77047360176        84.6977854553482         19.641365746964                       1
        240.912932740125        89.2486401376108        6.21605358211272                       1
        3.95880054719415        25.8593625727493        165.071999410134                       1
        235.353213408775        14.4250309027831        85.0088877545999                       1
        306.533459457857        58.4740364984339        103.792935790711                       1
        298.539575897649        38.2000479918879        84.5856978845027                       1
        43.9464186249386        47.7673456798904         119.18763913424                       1
        318.897326784746        80.3920588647473        29.3687467189123                       1
        157.934804626636        34.6012809563349        124.593404838076                       1
        323.333142824265        31.5849718059471        99.0743214130181                       1
        178.799929753503        54.3583051776237        112.559693515092                       1
         146.93783906835        78.8231633784638        114.458524465831                       1
        329.068795842137        74.9685801603625          122.0631695622                       1
        202.518680987772        23.1192295890204        140.489129521556                       1
        159.226210970435        22.4126070025495        34.3340903708764                       1
        303.610934715194        47.3972156165499        10.7578448572186                       1
        90.6416524646348        83.1712258189594        60.1016628787858                       1
        69.9740630111855        73.3682394162704        4.90945736770557                       1
        261.124904588455        70.7158534458417        146.644325762306                       1
        228.217991612465          35.76973379028        86.2495348868951                       1
        273.055397627489        75.9977476241913        120.967812610152                       1
        76.2588098521288        53.5496138101552        151.157851314039                       1
        272.174086823819        23.4260119908663        87.5235305959186                       1
         18.212135627255         37.316412610599        130.854730630231                       1
        108.348229806434        78.3916076542157        13.6708517983632                       1
        34.4923492227164        65.8636727195168        86.0883073762447                       1
        126.460676685402        68.8312585635868         127.02105555183                       1
        84.9447204754702        84.5319793776993        129.848332393145                       1
        80.4085735457012        51.1151985186312        51.4309060147766                       1
        314.046759982495        43.6107846396248        164.029187579166                       1
        9.97290478616274        46.6616591675912        42.6730517467216                       1
        203.932651806312        72.7891309392781        85.4175028339966                       1
        114.149263089448        76.8885408880217        110.889132288152                       1
        292.246241324789        87.8388203773093        137.087422602585                       1
        281.374502386307        90.0710047822814        91.7816177450435                       1
        282.317642470526         89.072434620674        93.1277115200425                       1
        255.731747772223        36.9038050010085        97.2287172148974                       1
        276.196407176601        35.4670805045544        66.2706984417442                       1
        346.364644667424        77.4752741996467        95.2332087182541                       1
        154.798700039626        54.6043247807141        111.545570092423                       1
        140.877664915058         63.190060502876        47.0912498246491                       1
         258.91755143231          66.58924764294        53.5701036645831                       1
        297.785743872769        52.2853806309571        89.5750915570754                       1
        302.939826963561        80.6367356567269         92.898107519212                       1
        147.930729489405        81.9314676837852         52.098038625068                       1
        260.851535207111        23.4142321843962        80.7560080449553                       1
        191.023679347904         61.892920050003        158.678087523182                       1
        175.520757128021        91.7013869310672        161.728149609321                       1
        150.783896236381        53.0436788380395        70.4883930009308                       1
        185.982526170203        36.4793523233423        53.0906258309794                       1
        122.948687917454        59.6413129571864        184.208618245564                       1
        119.185385153944        23.7668836772395        26.5347228112994                       1
        326.965957356023         65.077233979833        56.4140395686123                       1
        50.4125647478247        20.8852543856997        29.1834181376365                       1
        203.918077436436        64.7956611611107        123.784413869924                       1
        266.392342098448        80.4943300247252        46.1884070856486                       1
        67.5147411197076        70.1279116709758        144.708249899837                       1
        265.564152934544        25.7770871389072        153.778000938132                       1
         115.08873645933        21.5835982673163        56.3667858207492                       1
        220.770824974543        55.0204747710568        51.8739839539817                       1
        312.346224752535         28.514008181941        42.9361913897521                       1
        309.068342959229        22.5294386655902        110.649475922046                       1
        101.583994422156        57.3220896912011        57.3950521685301                       1
        72.4140612201909        23.4325325869166        36.4679652415181                       1
        39.9676462536676        17.9128671585201        116.750274723512                       1
        287.787192156428        82.1149844212731        14.1919568004448                       1
         126.51994713504        47.0069739049872        3.91366923201122                       1
        74.5890512657825        54.9234174197372        26.7924282058766                       1
        51.0540397625853        26.6976570850523        77.0760584388965                       1
         270.21662941343        43.5671439431274        77.6580380485331                       1
        163.878441582995        81.6948237520277        13.8083158968431                       1
        249.944223757532         73.435704283049        163.644094522389                       1
        117.246379994925         89.217043022336        15.0767047949334                       1
        284.686288104104        36.3526581849148        42.0286607740462                       1
        158.068045965703        26.9729610279012         97.093181614345                       1
        206.540506483643        93.7007992202425        67.1071924267207                       1
        132.150521862886        50.5778692536221         108.58426331976                       1
        248.363510079849        11.2496496606724         111.41513147463                       1
        332.602600177761        55.0881420938764        20.4891562617693                       1
        312.005286566588        13.1070350475553        94.8402079234411                       1
         34.824232584391        43.9702454817158        68.6280094883755                       1
        97.0815464707662        61.6340586065722        43.4044695612227                       1
        31.5215268189366        64.8409400153819        23.0700865795547                       1
        312.757965377847        51.1710469474438        93.4488600330205                       1
        190.647538720195         23.574095247384         56.180110063376                       1
        14.8449529541713        68.1417532559908        68.9105848680037                       1
        277.520722378455        88.2069676116851        32.7764580124549                       1
        44.4456446733566        53.2315395725477        49.5162694161581                       1
        22.2637730963486        52.6208835530161        77.3546041940206                       1
        88.5713366071926        67.1346329782445        50.4290113136977                       1
        157.669842614588        68.4288745589442        36.2769065637832                       1
