TEXTURE AT STRAIN


B  400
        23.2681552538721        91.3901896511151        48.7962547343343                       1
        82.4739745543427        76.9639063238644        21.6330428262338                       1
        241.791683085214        88.3166310581163        112.449385769185                       1
        66.1443223622731        68.1995027423583        26.9447998750314                       1
         31.669620385914        57.4545997786344        81.0942967286225                       1
        338.048571675966        73.1467432822017        76.5251003142855                       1
        164.656936414976        89.8231793455879        105.591000967022                       1
        123.197539442754        13.6165200759899         92.089552257693                       1
        245.954342521824        21.0416265474831        129.886553270385                       1
        51.7232971368191        55.3313173402729        54.8986597333858                       1
        118.894454869684        23.0919335027832        30.8198236154195                       1
        105.335216901947        35.3715315172395        38.3269685577158                       1
        215.352358194504        84.5824337784444        72.6347571371623                       1
         106.05813341371        80.5002174215802        153.836139209868                       1
        238.448392921206        80.7500918660496        56.2248320078325                       1
        114.307182054697        60.2638456337293        174.743399353342                       1
        140.606092105021         93.613037469357        101.722445105602                       1
        154.522641731098         37.014511281751        77.8209378663546                       1
        7.93770407975778        60.8953640576381        27.5364521311778                       1
        178.583282475042        50.4169552470777        124.223378584296                       1
        236.996142572692        33.2534113292776        159.160748739539                       1
        195.042291020749        71.4023431044906          67.93545904378                       1
         217.03322242206         83.540193666074        110.327579399679                       1
         252.97660598833        92.8343348160189        138.119176712915                       1
        367.184756724419        86.5224008793447        49.6851632068599                       1
        275.757571856626        56.2159781235484        46.4688886092543                       1
         203.34837474366         79.752265367814        126.076168898695                       1
        222.120484385803        68.6596341631032        124.682919127394                       1
        214.444350544159        63.9219805233644        98.3767963889831                       1
        196.922802697997        40.4874733329039        151.776461150383                       1
        256.701260500625         76.627652424509        39.4088747425607                       1
        153.550977087215        90.7032531780498        112.382947457338                       1
        86.7613572744027        25.1964559539567        106.813805397438                       1
        334.888714389077        60.4114119250205        8.03415511756953                       1
        44.7881564530517        62.2759552204675        152.596557037879                       1
        55.4314238112811         46.939538375156        54.7060806259191                       1
        55.1067597461993        12.5126617952007        81.0091080816523                       1
        241.785999322932        71.2408842407586        63.8160301214474                       1
        164.921576261621        27.7726205501051        46.8568925074419                       1
        7.42526260066684        50.0404097416646        140.011047197224                       1
        34.7033420617483        85.6439605731716        125.824554489899                       1
        19.1259006542662        60.5436323895349        96.0340367886566                       1
         64.448608790391        89.0273844358363        47.3607314581885                       1
        65.9577444107306        48.7606224799805         75.861325023814                       1
        348.977244574536        86.7485719358531        7.17589779928244                       1
          136.5015403844         65.612186103835         28.347766067955                       1
        172.599701421362        20.2053787926857         153.28940965345                       1
        209.282202788061        34.0407682371511        109.981855076328                       1
         230.49855243704        53.6770861024997       0.318298047430444                       1
        339.669224987328        37.4164058736615        148.021827936803                       1
         177.84291252544        57.2104726232386         52.240090805569                       1
        27.6254222795443        83.9632802165387         146.10028473581                       1
         150.54791447042        25.4692228096893        79.9566567294714                       1
        326.938257749392        73.1877352232207        142.555211798974                       1
        117.625782987261         15.637507799227        11.0774222660181                       1
        303.270550904066        10.1603192131173        128.262740165895                       1
        86.8153446671799         36.412558315927        114.223888360488                       1
        200.444341877886        77.4653420185207        171.269284871242                       1
        231.918729957696        24.9148771898794        -3.3616410411472                       1
        232.632570406354        41.3701162016908       -1.67185872779839                       1
        15.8016027730874        60.2943792601447        184.794264300131                       1
        76.9211840538476        50.6438401367157        55.4067625363021                       1
         274.45090654377        91.2148433340468        87.4848065325125                       1
        291.649528235238        7.93655000425269        73.4963371362733                       1
        15.0968294407911        57.1182580763203        174.653426262517                       1
         49.818954946467        83.1861395344987        134.334470323342                       1
         269.66411808882         72.742049179852        46.9270877588838                       1
        198.523923245477        46.7732278806034        19.3741122155218                       1
        293.477849680262        93.8249055879668        154.540266419512                       1
        213.731871267933        74.2220594771427        51.8566118275395                       1
        91.8504044276338        64.0831166034622        17.6507960717814                       1
        261.748596989676        67.9723561874026        117.484721894063                       1
        246.933746151162        91.5261604864664        67.8086341136914                       1
        261.212559845657        85.2600547817921        101.246473966928                       1
         40.011348232071        61.3234740024661        43.2509933729026                       1
        201.015789017458         70.203922595809        125.940838708902                       1
         115.43767451536         65.863676773062        18.7008779741581                       1
        21.4990329864119        31.7714081039199        97.9038739061989                       1
       -7.69327623460162        67.3251848961729        109.120037186181                       1
        137.513195124666        56.3983391923673        11.3239974535358                       1
        29.4154264138878        42.9563658075196       -2.90454301361148                       1
        363.035352514477        72.2573296449214        5.51574289395972                       1
        281.013919174035         83.199671556688        74.6987806908037                       1
        133.618973439264        76.1161776865445        18.7922215315135                       1
        228.048939149501        51.7485109347659        101.246697053687                       1
        235.004773689824        78.3496948777274        139.666017660427                       1
        314.469505101444        65.7709490408631         137.69765593644                       1
        268.974477149017        64.3024972250488         57.181502196132                       1
        177.744849570072        81.8153035949656       -7.03211496113552                       1
        132.398958455694        75.2370749523797        106.614700041888                       1
         285.10468377818        55.9399605959237        97.3508234000454                       1
        47.5248419543817        29.3001129041652        154.010845182097                       1
        269.956612510624        59.2438501934606        25.7405690776172                       1
        166.801095584763         81.915708817818        84.5498043742145                       1
        113.468167318048        28.8533672017013         154.33540018312                       1
        329.914788530988        27.5130193482057        49.1314733370056                       1
        185.132746548791        12.9015408095793        125.678242532084                       1
         208.46426924581        41.9539957031011        21.2023370699544                       1
        236.941888691125        68.7630567604716        120.104989910981                       1
        116.037877115069        86.0999968272942         138.67406416332                       1
        27.9536310006636        78.3302573480044        53.6690594771523                       1
        251.377044181594        48.5736793454135        6.31720349487848                       1
        152.284404579836        51.5264981916779        107.116238769578                       1
        136.467727169857        41.1437362000078        1.24431970870932                       1
        333.030574011607        79.3181764683402       -5.24179723229295                       1
         77.397321305331        16.7636904751086        41.8490521560897                       1
        233.523933505462        69.6021198953756        41.0073353530681                       1
        118.219315122349        48.0458680696243        14.7170695877018                       1
        359.076332140075        75.4487611096148         99.618379038084                       1
        57.9600117509782        69.3516657034067        62.5010659986607                       1
        100.093715078875        40.3725168091476          98.74022229047                       1
        348.039654125129        55.5574466877256        140.554430268438                       1
        331.751284730449        77.8085561207674         60.238954897331                       1
        66.1601554031213        52.6815096562858        59.2357127375568                       1
        308.593172851495        13.1129060647728        64.0862918447935                       1
        143.436543031733        80.7464025325476        157.584824733225                       1
        305.919950429504        81.6711840728138        25.5924114686119                       1
        64.5869837009984        50.9089108389323        128.934548497271                       1
        264.470473292117        79.4628851395064        170.309936111788                       1
        229.405502761481        61.6347109227208         72.975619008393                       1
        346.536749026708        76.5546360593097        118.752314028324                       1
        238.936054427214        49.4297488385302        104.384077801718                       1
        194.074554246037        84.6598013118133        155.891581860864                       1
        294.451490477874        37.1954148813776        143.750111913647                       1
        95.6132319962412        42.5753702370587        53.9391001685551                       1
        183.596627999645        76.7836431592594        88.7825117376321                       1
        190.851479169658        31.0871842553419        99.7638824320678                       1
        364.378121202857        61.2656947682765        164.397495471529                       1
        230.121977171792        51.4203094216149        79.0902032370533                       1
         45.921944221339        65.5028267993513        61.5180959130023                       1
        122.277376957821         78.157380734889        27.9242158669049                       1
        58.7638052005555        13.9707424260048        33.1201317419563                       1
        272.516203268323        73.1489598950381        97.0971833400494                       1
        184.123825506437        13.8024318711421        178.996773680227                       1
        312.914560064799        89.7165902184975        146.943172471757                       1
        74.0057764281641         55.676874308012        104.198451520841                       1
        316.146247531577        88.2759742665201        130.005872162117                       1
         358.53431267805        77.3773280165359        33.2126624363795                       1
        291.234113415835        70.6178737154758        32.9019374817655                       1
        73.7806777725985        38.8716252910659        34.4718671978234                       1
        269.413939088059         62.789948212806        2.14441566301264                       1
        47.3715303680359        41.3512949848508        19.4544560853815                       1
        347.414484454882        29.9296044281152        125.248114917396                       1
        44.0329532123394        76.8355857372475        109.960903269546                       1
        306.096650631069        80.1881605753935        145.831629698739                       1
        156.380378489767        51.0145808544973        159.512325736131                       1
         277.29275533017         86.632401282996        149.697369027307                       1
        248.418818550547        42.5305698737672        107.842933804673                       1
        202.678636435125        83.8744781861688        67.0476134708515                       1
         180.87621962375        68.5132520298513       -12.8494603942213                       1
        153.140303178332        69.0490278797797        75.1832348490729                       1
        286.351805490883        78.7255184995356         53.015925554254                       1
        63.0726228637999        60.6617847299141        9.31261555638446                       1
        316.732999372274        42.6618748487209        185.076110836743                       1
        73.7013781495828        75.5567969591108        16.9591193540843                       1
        278.443012021794        86.4554986714573       -1.96315820301223                       1
        231.574262392214        87.8665253768688        64.6101218096015                       1
         224.59695032465        44.7849493686989        123.973726303045                       1
        314.773228318952         69.781861081807        156.636690557716                       1
        271.552958679285        67.9471046257568        167.107835202923                       1
        131.541373273371        21.4438124612477        154.768042986737                       1
        350.232656842774        70.3590089174943         179.65647805664                       1
        164.925515975537         68.412177409421        159.561479914478                       1
         329.36208223008        80.4398358710548        31.4870435273035                       1
        215.355293959998        71.5966374134851        28.9169895700138                       1
        133.282960348642        38.2122853114815        16.0330625675052                       1
        297.450040877369        92.3003193606462        88.6321882974135                       1
        76.2158849790354        56.5493610569267        175.588513890071                       1
        178.507068443044        89.2244395326285        127.936640679989                       1
        129.404262855025        54.8924971941309        133.194050083675                       1
        52.0553823461849        78.2446018040147        170.127256501054                       1
        82.9780362006425        37.7591252243982        53.9439427628155                       1
         115.52380745282        61.5632411160447        101.314779840605                       1
        133.383244954385        66.0421737412907        41.3719490750766                       1
        101.784948533885        76.0075986443298        99.9868952997337                       1
          35.82166859533        55.7818694711087       0.235947161193309                       1
        139.095713807589        34.7030679852799        181.090303984786                       1
         280.74190796959          30.83989687852        69.5336292251962                       1
        181.666741990486         58.880097795238        138.261322141535                       1
        250.210647255634         67.316074263452        82.2082607929174                       1
        64.8703535189456        32.5571522466364        165.095628757891                       1
        286.868317119082        51.2419723216638        8.61172182775053                       1
        68.2182808737331        78.2776398647243        134.927844820714                       1
        7.06010689306707        50.1060957956914        125.010071316545                       1
        361.410762155865        79.9105696313569        16.7476659051794                       1
        204.102308157647        65.5872751894654        92.5612856845513                       1
        226.050701722518        85.2628422389639        126.305500727962                       1
         110.67268663792        25.7092068643673        21.3244868109196                       1
         193.31020763683         80.385296599032        50.7917407487302                       1
        119.447496147167        17.9443702460846        82.3142961750537                       1
        79.5359620095593        75.9506091351474        102.463697930721                       1
        259.264928250234        49.1570648892282        147.867364670772                       1
        334.877683114342        60.9125676489495        124.369703543063                       1
        79.7311001065477         71.288723178337        166.631474223634                       1
        79.6844261504332        93.6866367408245         94.230384549207                       1
        104.830878162709        42.9943969840918        189.277526315619                       1
        269.884307306657        47.6785475141569        4.06600281157393                       1
        245.852718088136        61.0147835150769        48.5160406570486                       1
        352.672505362824         66.879823226783        28.3565840251158                       1
        295.113937663666        86.5126909835904        26.4636259704476                       1
        58.4777329069176        72.4426900906724        124.138045151012                       1
         81.910268290367        28.8896528390283        67.9138582859808                       1
        217.397444727484        50.8193177144611        21.0505296342124                       1
        168.874698582004        71.3706273228535        100.439965641025                       1
        288.286609690529        64.1411966286182        153.872120377536                       1
        89.2692940505674        61.5968634091016        89.0699350245469                       1
        288.182634099482        73.8337377724454        168.198418198618                       1
        262.521470509042        4.30492455701219        47.1537802342491                       1
         165.11097179338        67.0730780840761        56.1588744602588                       1
        210.156730752729        61.0081901032173        8.52520088964853                       1
        253.086054757262         74.623007326341         144.96147802412                       1
         220.09644397219        80.5972098266549        119.780416172173                       1
         200.86167024935        18.0089883562086          4.169360785125                       1
        55.3807776370979        31.3430372478362         129.75414985572                       1
         162.33631245015        89.3765617372125        168.340059514385                       1
        85.3767358362722        52.7114381626907        154.647938559386                       1
        27.8510680569034        41.7215718236322        16.6486865081054                       1
        218.665512414957        59.0787984917542        39.4929797326992                       1
        36.0815818092626        69.4198841749538        169.213673316104                       1
        221.872900950216         62.968870124673        144.924347459458                       1
        21.8599712244558        69.8010080704236        171.521094123078                       1
        282.260638862499        45.9855169563561        142.826850940411                       1
        208.209065651749        83.4580906035004        111.504310609504                       1
        47.6721518526074        82.0630802621257        51.1877181115466                       1
        209.010117593926        16.6735705134721        12.7866901167302                       1
        87.2685889217395        84.9592378726156        79.4222800293823                       1
        295.558241022878        79.9459049483867        147.305916143716                       1
        159.076386765903        74.4754917587154        94.5762630294881                       1
        116.503264763948          60.21164159979        63.5343295486931                       1
        33.9495130656971        78.0934433532372         101.95426328373                       1
        169.515869953863        24.0049204450403        132.013886192342                       1
        245.284916374333        79.0727047744118        129.087002841264                       1
        130.742038933969        61.1363270546783        19.7110996186156                       1
        335.980876949808        40.8785319438642        49.9804351601003                       1
        90.9602642049944        81.4636251341342        118.439424102843                       1
        92.2258608041468        74.3994444570206        99.8045528413506                       1
        242.843756367153        60.7673538081043        121.647361387444                       1
        105.263602239087        52.8829557491082        20.6913705675547                       1
         340.18235048588        60.6232463100303        22.9774620828815                       1
        128.341658320818        40.4647870365696        32.1402220220034                       1
        202.243510924652        59.3321889228855        2.84010819922992                       1
        217.035228560949        70.6682835216732        68.3289857913552                       1
        98.0711063455805        24.1954619868795        139.250256611541                       1
        350.828694190883        43.8350119572006        82.6192637075043                       1
         76.084869868375        67.2230820096307        43.2963739039356                       1
        90.5688830550195        68.0129305584748        173.192350063086                       1
        281.711226517812        24.2275934724171        126.364618764781                       1
        228.413275766547        73.3696093507331        79.5977681468753                       1
        109.728736084279         73.020828364601        75.5845947401454                       1
        91.6730358004426        63.9975994851337        50.4664518722838                       1
         192.92886553393        93.5813820960327        71.2032272152104                       1
         14.784971525752        85.9203158622313        126.109352257225                       1
        24.8367535593676        17.1829772550293        152.816553994502                       1
        197.973162666175        31.4122210524245        171.054136420115                       1
        47.7543516929779        49.0451075276249        157.225157056908                       1
        21.0828819052237        66.0843792862093        108.073981085781                       1
        142.784074305171        27.8131108506074        2.84429842434514                       1
        226.706220151204        63.3550560724202        132.364437464844                       1
        3.48346636224901        30.3047279585125        139.058735561739                       1
        319.599695739294        -9.0091213667779        103.526676866779                       1
        354.522551489849        66.5039815085418        83.1905000494091                       1
        113.406648186682         34.983147499369        28.0384293180892                       1
        336.042513334361        65.3436292106996        176.342708609003                       1
        149.498723925256        49.6267504384837        15.6207653811281                       1
        106.822222203692         83.490980074946        107.084152670829                       1
        253.225429090014        49.8358998454757        69.6899285359686                       1
         243.08225984929        76.9041439508379        170.067470735442                       1
        43.4198049040024        69.4576434644298        168.238377293035                       1
         354.46711725487        67.9613476562973        155.258179323917                       1
        242.944403246046        68.0902987999958        78.8128383422927                       1
         185.22497026876        71.6304131601666        116.765071421335                       1
        254.530871340012        53.9881420647604        24.1959591325751                       1
        267.258136816941         43.067373122534         167.89430597595                       1
        341.916132942525        46.2969523278998        132.953221427277                       1
        140.770898255606        29.7948084383994        165.093748293837                       1
        120.381712634786        42.8329018772511        183.555121053567                       1
        242.494864000406        61.6053632275669        142.334999497707                       1
        224.221387140463        75.2292423027073        141.554743014274                       1
        214.444259158982         87.447369294153        20.4661713370249                       1
        132.511182099877        46.2799369729266        88.7996067684456                       1
        12.8090391149431        37.3216027446656       -12.0318323939218                       1
        147.343349310752        65.3824929645758        113.616674012358                       1
        202.868306336237        76.3634964943777        141.028651532723                       1
        167.774400473749        27.2347241132988        111.749097684125                       1
        360.295742448225        57.8713000372839        168.311374267878                       1
        260.232383027425        78.9548377111383        53.2515771816275                       1
        59.7234268728066        38.3515542873158        86.7519721181702                       1
        171.938870081034        35.5844791047079        150.977137696299                       1
        249.565471360204        63.5513410280065        179.082688571096                       1
        171.312298525122        44.1419856317269        45.9052271036373                       1
        164.895524002292        62.7450913990812        70.7136320258367                       1
        257.452182439778        56.7204620910115        46.9427473791717                       1
        191.495346798632        98.2154031983631        143.989679643582                       1
        108.228260070877        70.4879363442683        164.873498710907                       1
        331.868054299239        53.3108363320053        109.992340096406                       1
        15.1813314074142        41.9922164549245        178.963282244531                       1
        325.223117047452         55.133127733085        22.6095933469575                       1
        348.506821030087        44.7810873015888        138.641144963716                       1
        335.971935137983        68.1160000995975        114.058854584979                       1
        213.195558050625        79.4097591389876         57.310998780577                       1
        138.144509473364        75.4369032588426        50.2121436182133                       1
         186.93261289959        83.5905455995908        143.048308817815                       1
        179.311602432022        42.0589595454858        19.0286558534384                       1
        355.575109503444        59.9202431264356        14.0373529365571                       1
        167.395054399457        87.9401982802225        43.9312221847588                       1
        62.6318259492846        91.1781170220536        26.6550437145713                       1
        315.563629884469        49.3504514391676        140.703923841944                       1
        226.774346536483        72.0832390000628        58.9138156912572                       1
        68.6877890009578        30.2551398531402        67.6709902096793                       1
        228.134406505269        82.6783811031519        94.6729348618349                       1
        3.67773162063799        73.8265767338877        68.8758580364441                       1
        298.731161652583        60.0772415671543        23.4335851188853                       1
         359.88490294348          58.13260549685        97.5795974563212                       1
        97.0290257456787        90.0322392889176        160.272417679415                       1
        26.8517587217137        57.5411754027987        144.333025534927                       1
        96.8288746067963        10.1243216766102         98.899628100928                       1
        157.543755632824        46.2785739008048        168.915606067126                       1
        13.5626751190092        69.0769869164741        43.3867572197134                       1
        171.590597372111        47.9274183295447        57.6121255517507                       1
         266.54415646473         20.206083368314        125.202005245094                       1
        196.207413551614        60.0451199440036        33.1833705803829                       1
        102.583784224772       0.699469046208955        56.4941223665595                       1
        169.093491856498        100.090503021786        81.6143758600762                       1
        206.095462339134        56.9022201271867        117.852806658155                       1
        342.315033157289        76.9267842360448         24.134710372396                       1
        104.566019100895        65.2117345050204        88.8014961498976                       1
         44.900636362964        47.9733036003415        81.0722828616235                       1
        349.775782620831        45.7914337865107        154.682061905442                       1
        150.858068971174        79.0413865529918        141.216647563998                       1
        121.085684880684         64.379737461483        41.3116964222405                       1
        32.9044289044494        19.4718352567412       0.454975096267483                       1
        348.425223195674        63.7356883040456        126.016427975279                       1
        156.140238896028         76.888453720226        124.834876741258                       1
        16.6929782621598        62.6071527265052        13.4291830970581                       1
        125.057598097086          85.69019828331        46.3375702788274                       1
        96.2509985942044        79.3201887821588        80.6379215594343                       1
        306.036508930675        30.3896797617545        90.3587407474966                       1
        14.7029423824711        77.1390896631612        167.841734591761                       1
        95.2938228248982        50.3439136257818        20.8710049536112                       1
         274.98474812916        66.8512309191172        148.052936408806                       1
        195.809172127343        64.1625955303609        153.335257603334                       1
        178.910222601868        74.9231356451726        136.323013939676                       1
        199.335584342717        52.2461914085434        141.446557633727                       1
         114.75729109504        31.3989101815444        99.3143601625675                       1
        257.582513934621        29.9329664089219        8.20297102691285                       1
        336.596928079754        52.7663042128009        85.8745576318153                       1
        254.361787669122        67.9743941438321        36.2958219095841                       1
        151.421980775895        86.8007902612018        56.0980980739621                       1
        38.1999193089781        67.2909305744204        69.4528748969679                       1
        152.563980067225        59.1254507714924          113.8539016975                       1
        103.526199042427        55.1821260191617        155.803136737478                       1
        277.225804066074        78.5999563446451         88.262690278302                       1
        207.967389415186        9.18334651378046        172.752110368345                       1
        99.8707155934904        53.9442064054699        111.971775047862                       1
         264.53658316145        37.3536555705515        40.1526959325569                       1
        57.6568430310677        57.9341572551953        154.822689459533                       1
         62.669572376285        66.7887631421528        49.1910733354169                       1
        84.5142911093688        41.0741009716864         47.669640986618                       1
        345.723971697488        80.6339117563467        64.8525437922434                       1
        93.9570291317887        55.5054849355533        187.239958158177                       1
        270.170322827085        85.6033226115968        65.2308884747687                       1
        258.361930341361        84.7132952884341        116.084622752375                       1
         228.61354464943        85.4671907254528        139.147834918233                       1
         17.176337482453        75.2512398305795        82.9560583269227                       1
        6.71055428893994        43.7695293612536        19.3879321080201                       1
         348.27706444534        28.1571039811976        171.621065080371                       1
        80.5321539957088        55.9347814377989        35.8797653749815                       1
        80.0057895336032        50.1631999066488        71.2790078786086                       1
        264.197140460667        65.4532320986923        91.5354897047147                       1
        355.112419785564        18.2054635900424        124.589000250865                       1
        146.940256099496        83.7850855323522        89.4485197648929                       1
        145.396088151998         58.754546815899        97.7997892401968                       1
         287.29305784461        81.0627222500359        140.565519616099                       1
        321.503322245655        37.4973520808595        113.739024168547                       1
        359.233356725903        93.4941585235314        65.5016500993965                       1
         119.69090862206        77.5881008614964        168.877995193411                       1
        228.556185532594        94.2658770321737        27.8193739245443                       1
        30.7111871945789        82.5224940181925       0.695932955010538                       1
          102.3911138809        68.5954869872434        129.016055397561                       1
        230.533620006948        27.3392735925863        161.394386034698                       1
        359.221272526095        47.3185949808515         109.54324307008                       1
        285.945594040262        72.0230634318601          65.10357040724                       1
        356.974278871848        51.3091186918518        156.090325205323                       1
         8.7652059222677        80.3501709611264        141.420234489175                       1
        106.981668253132        81.6127918758389        171.802528244931                       1
        172.454508290126        90.1107204280743         91.199843432921                       1
        124.843298613701        74.8191882588648        138.783311160317                       1
        151.115616205238        36.9868429656476         135.80773514466                       1
        106.737820621039        47.1136067173243        143.655490874918                       1
        208.260726635392         104.04436751487        27.7973425643783                       1
        317.316659331987        20.2415011913233        74.7053628331348                       1
        128.089408039654        49.8047439253766        107.333663117768                       1
        181.753042792599          60.71823900028        28.7768102449757                       1
           57.9480842976          73.03373731767        146.204994441071                       1
        45.7119982171916        85.5791850264028        70.5249223002885                       1
        89.4008915062279         36.949362525473        70.7774113683432                       1
        117.662067765581        46.6666719570204         82.786016594315                       1
        27.5027881789552        47.6871720677568        162.306762958638                       1
         211.70490782731        96.9263722435909        15.0234952150467                       1
        344.609219038383        53.8476523454924        3.05507501956255                       1
