TEXTURE AT STRAIN


B  400
        324.407799936486        75.1192066960412        19.5290786089414                       1
        305.018646712672        88.4395930585297        128.382213122195                       1
        325.091358827201       -15.4115735733606        82.0197696246817                       1
         144.33216788773        29.5177736499646        173.224571499169                       1
         146.41678207671        82.3199521990227        156.155349560384                       1
        353.069002730092        93.0731303230453        111.380041060974                       1
        289.571759369694        85.6261222224407        64.2272721949764                       1
        6.23593253522937        57.7725233030638        173.536020547674                       1
        335.243392369197        78.8721793364542        135.572083465927                       1
        99.3219064176306        89.7863701673262        116.785220156652                       1
        33.4752926363208        38.8105672397466        109.860197290284                       1
        317.925138120363        88.2482156198857        121.333490393756                       1
        201.346217462092          16.27105099696        162.175843065651                       1
        42.8708966910419        96.5089283124358       -22.2444082282084                       1
        94.4952911266924        23.7436555652769        22.6521551945104                       1
        276.955282832868        9.32918174275738        165.521471186834                       1
        58.4393881428148        88.6556404485998        40.6732723048639                       1
        12.4991295180774        73.8752695109295        35.5408210566943                       1
        132.661092766368        104.020718349018        198.669139669587                       1
        41.6550900382496        79.1699269405436        111.849413746569                       1
        168.026596408402        108.271919167135        79.3726193698921                       1
        235.434750829044        80.9624562486238        4.29921081848625                       1
        47.3695888196149        29.7207063857904         82.789164052558                       1
        131.510194103255        20.7154380902547         69.740084080754                       1
        148.996395930333        37.6090088857648        113.079365488771                       1
         20.046250231571        71.7927512421964        176.761982383266                       1
        107.371154201874        32.5939618349203        130.381422458994                       1
        175.859145617228        91.6860515851832        134.025445783545                       1
        232.757241456685        100.422781274181        130.186845986466                       1
        141.953654407318        52.3923960676687        119.396057260119                       1
        66.7820095981975        118.556010881634        0.59353254912862                       1
        299.330669022048        21.7847852315372        149.727828457812                       1
        356.030673333349         59.093940151218        42.3824994862829                       1
        334.562368782709        75.3922073190969        117.489304514072                       1
        172.082766633554         60.949903850942        26.5784321924448                       1
         54.205814320169        32.2675138270345        20.4239285111143                       1
        169.627904516566        68.1634439049563        21.0724722452466                       1
        73.0114815833595        37.5251832379027         2.4738490169063                       1
        313.673246298877        80.8224077415672        145.196382099684                       1
         332.89627548079        100.556182133492        62.1326037401489                       1
        105.485782815644        41.4736661845464        138.545284414698                       1
        167.690481699334        93.0045491222309        140.732334428689                       1
        329.670962557444        96.0854123768805        48.1164334426446                       1
        165.823722830827        95.9170278407982        46.1011211052014                       1
        65.6801784527764        85.7492135653673        48.5445026436746                       1
        270.316354942256         85.796005978363        134.114466588529                       1
        46.4164193820724        43.2307777449997        139.732605303162                       1
        69.6680099079331          60.72570438289        64.0350822196318                       1
        260.623986198216        70.0508895393384        132.499385459981                       1
        297.573141083977        106.660420686571        63.1179719701736                       1
        87.2892992296828        89.1913677738047        152.350643534176                       1
        118.003457647629        77.9374416080857        129.968160478551                       1
        109.094841591866        67.4967087660176        23.5198514615933                       1
        353.600767887943        64.3206370947724         24.879982243506                       1
        312.201997099011        52.0362187782207        129.521377082029                       1
        339.011150058119        54.9539626612574        159.460556640786                       1
         198.13794256604        52.7004666890658        203.049232442181                       1
         49.658843930209        87.5059457792854        65.9735747877729                       1
        188.516003117414        19.0931506704379        53.9287128235041                       1
        312.539745511814         87.792787735215        175.915929507009                       1
         343.95831534809        60.4356402213817        44.2683357946567                       1
        334.967200630814        51.5395062174966        65.5912261414895                       1
        59.9805194345535        72.5879596289832        152.432761785585                       1
        275.956783489152        83.9150416274444        8.44568420443578                       1
        99.8331683930675        63.5559754135311          142.0092486583                       1
        340.693933146271        75.3133327530221        152.108450656174                       1
        52.6738125015845        56.5577716290439        167.998619010235                       1
        138.160180233233        67.2147213765068        99.0341855757353                       1
        143.919290253424        111.232922230253          111.3515685742                       1
        311.997963591968        41.5857143700322        62.8821795599661                       1
        159.579175821334        19.6441859074004        151.650907016136                       1
        59.8487886668304        44.8834068163179        55.9317047175342                       1
        331.887304000686        62.6479046376908         32.484839158852                       1
        235.721975286561        78.6426589267133        118.400538126568                       1
        307.320255477124        67.4260849732514         122.59374027787                       1
        310.984212015171        56.5179708761346        101.673177717751                       1
        326.280222220177        85.5410939182853        157.455900580299                       1
       -21.0562537615146        60.2832478985144        120.257147786928                       1
        59.6270185424763        21.7608804657263        106.445393755839                       1
        181.398137927153        78.5238600795416        191.595721590239                       1
       -4.01958162446022        67.1190773213346        138.846662482728                       1
        269.666841117864        22.0007832315555       -11.1513965771182                       1
         21.988392996946        30.9822633233468        143.381807163899                       1
        263.068330365699        45.2534301323236        186.433512681067                       1
        295.215347813212        58.4197545753178        153.253340506627                       1
        328.237182509468        65.1201246464687        101.908300056428                       1
        155.310083017982        61.7586800664591        60.8470002659228                       1
        116.802460198271        56.0700952379043        122.289005220049                       1
        45.5701390090336        74.6553241011932         4.2260566095846                       1
        144.827349337157        86.1841168875176        152.112650996354                       1
         19.788510882306         33.266289634405        97.5758896121801                       1
        338.529650339049         78.372027650889        25.5257966613209                       1
        107.182252907102        32.5034439512606        64.5681820562877                       1
        256.488434100912        72.3346702520758         15.401314298709                       1
        192.909838443346        13.1048936365135        78.6852494882536                       1
        168.909561859901        79.9176128597021       -3.31674140600007                       1
        301.301617636214       -9.76214199756091        65.3017312694966                       1
        339.622444131989        79.3693599728377        58.1069811676867                       1
        179.799858899758        79.5374046499052        155.402354903754                       1
        310.596381779983        27.0951513103299        126.870667138377                       1
        98.5793694407183        72.4011027380774        156.095837100279                       1
        301.597487591113        7.29956666890458        62.6075564058602                       1
         242.18405274806        72.8339834500697        141.090595636487                       1
        294.223079110773        78.1332395826451          171.5171003203                       1
        347.473695111475        16.4310871397755        18.4324649770291                       1
        171.536773789553        14.3882686784273        38.6752948734898                       1
        49.9012249909607        10.0753779233326        79.6470815072437                       1
        164.082380372882        87.9245577324166        36.9465872340188                       1
        119.716700795616        51.0271279747639        56.4221122375534                       1
        32.6655705356563         80.390792269007         23.405941885279                       1
        266.659155685241        61.6428957574999        136.255411295197                       1
        166.604120052251        52.5555205649512        14.3516803501398                       1
        347.977332523968        73.8184522471095        123.168182379371                       1
        301.780684344568        66.1473798661411        130.998515065928                       1
        257.732526890431        10.7878678462162         162.26527087192                       1
        326.074419153603        82.0039827012202        53.3712079583168                       1
        361.685697658301        42.7597560403113        181.321509948883                       1
        177.291431369925        75.1529417224331        36.9938051989385                       1
        108.434513107422        14.6338605527642        19.8628736257349                       1
        159.116354081105        90.5291669434935        57.0112080438838                       1
         223.26883110645         90.147615991501        57.9502041455624                       1
        27.0946866347949        2.11862173339377        -8.1476598997542                       1
        29.5478506358995         57.787695888656        190.815857880315                       1
        181.010280994543        61.8161376234639        28.7813009767668                       1
        294.363432236642        13.6427230239552        80.9073667915276                       1
        222.865763691994       -19.4019524280441        43.6812223573864                       1
        16.9488215607642        1.25522956643429        13.8453975753071                       1
        67.2028009561549        82.7375529070521        128.061366669014                       1
        109.047028080562        65.7276440686575        143.056521455562                       1
        336.062937435281        60.8395698919092        134.438666645623                       1
        259.740299235749        90.5382527359122        73.6381182493626                       1
         -8.310535863966        69.4242529255486        13.8687005296832                       1
        80.2597602271692        81.5689940575332        169.525142925118                       1
        297.686218985795        71.9158438141609        -26.739666512403                       1
        330.266007502515        78.3143915186581        18.1997305320597                       1
        210.364113704745        73.5544302642466        87.2841323392144                       1
        314.335622642361        70.2693167053801        34.5485200965683                       1
        328.025531662366        59.7770345292439        84.2631409659205                       1
         245.09256517523        30.9810442874751       -3.54688469510173                       1
       -3.89802611994749          83.60709447172        81.5574296919925                       1
        87.9278963559014         41.140911844177        97.2310649671011                       1
        277.507619256791        72.8767924783345        75.3473660663126                       1
        43.9845507720897        52.8302676933904        148.367877833013                       1
        339.357620800815        38.0370093582961        51.0292051116931                       1
         77.150942569659        82.7386835852665        108.956858971773                       1
        79.7447258107448        94.5788738008191        12.3500539526675                       1
        190.555365520166        79.1708829162234        55.9421976194286                       1
       -9.56449181059207        81.0313136351513        44.7134749524944                       1
        344.162128391042        54.9818415719608        39.5025224084209                       1
         173.83060607495        89.4974541727528        51.7594087401838                       1
        74.5776981639262        100.597965926673        58.6211508089872                       1
        259.784130062688        39.2664031023524        154.815351023483                       1
        76.6244239550879        10.9386846222558        121.736556674405                       1
        344.407360874994         67.175299682629        9.76210576278331                       1
        134.751156890254        44.1009864617757        146.412444092549                       1
        337.772509908192        58.2472278934395        107.402332165073                       1
        308.411849077809        88.4980932127857        11.3407319366545                       1
        230.897817197855        12.5531673665965        49.7630889721106                       1
         72.366166513303         18.880538818629        168.501865537997                       1
        319.810609633435        80.2907821774475        41.0811665982212                       1
        207.983005627236        -18.498477350197        118.937104288415                       1
         282.14075450961        29.2807337047132       -11.8789142064423                       1
        360.874472766867        68.9858883516658        59.2178758176125                       1
        314.985557096518        47.5320866533462        75.9291155140455                       1
        69.1278236283706         25.821648592295        56.0978200906821                       1
        97.0888793503578       -6.04335308339315        173.715014952172                       1
        170.485812704787        48.1897353970278        31.1039143626246                       1
         321.61765603252        71.4392971652754        175.056065733439                       1
        222.205522298513        69.0260865585706        69.9681802501827                       1
        248.605397754373         103.40674554828        171.754144203032                       1
         289.79118539139        54.4387919119215        144.769015919095                       1
        36.4251961668781        69.6951236136219        102.566977457761                       1
        93.9947988388168        56.2696099449847        196.574975008514                       1
          227.1892532196       -16.2730804221807        149.622864261611                       1
        127.047069404266        66.6310907237472        58.5952282746849                       1
         19.543902259635        27.6333657712454        41.8600215162056                       1
        2.46359654776545        89.2726703128108        138.946656405892                       1
        231.358300207904        30.2051517702194        48.5459759045953                       1
        58.4607352138437        23.8640984150186        127.416134823523                       1
        154.410257672367        30.4502526766987        91.6124304221814                       1
         253.06365169391        79.2397895847839        146.979809793527                       1
        271.225711784158        91.6392583069244        83.6889471088088                       1
        326.994080979624        64.2573306400793        145.912901679431                       1
         232.60917079173        112.924112299225        128.014856737459                       1
        176.529045817697        66.9123732769359        44.6020413794824                       1
        105.508858043047        105.814202772511         42.075655652842                       1
        52.6999271172832        48.8508480811853        81.1336837680142                       1
        265.408610800409        86.7358705095539        13.1349597108654                       1
        88.0243842799325        20.1371545082335        41.7093379828059                       1
           224.286894566        19.7387816790514        177.838854893564                       1
        153.580462588487        83.9872223829361        73.7886638649078                       1
        334.489720715004        69.3975677768362         46.926138123184                       1
        44.7232296231209        8.90110363150517       -22.6904918397951                       1
        76.7586207659098        36.4629553965355        35.3388456791828                       1
        250.322985595554        76.6399347054257        34.7412777963475                       1
       -20.3847039618695        95.1735652285445        95.6965463037312                       1
        87.2570181873212        24.3990597580664         126.45893035317                       1
        192.432147804424        9.00887366757555        58.1548000944039                       1
        45.1421008487961        59.2904728018079        53.2520460132489                       1
        121.020215017789        40.3879121071968        14.0719115557517                       1
        98.2653789505418        78.9533593605956        175.303487952003                       1
        192.202832836766        86.3692670044005        109.062002828871                       1
        84.7963650564796        30.3624085444711        102.524337171299                       1
        255.816466328442        87.3601631538699        19.0051599455429                       1
        37.7075801448006        68.3837772819819        128.895169733857                       1
        244.493831386338         89.205918726667          64.44965007035                       1
        305.371784566408        60.4831914938677        164.488893083594                       1
         71.540275132042        33.6998471260848        153.843741974667                       1
        364.583901426606        24.4516903419198        188.454182974242                       1
        12.5501212587853        17.5394864266712        45.1312081156078                       1
        243.980414144545         49.598986109417        80.7056270595287                       1
        223.358785207462        16.8640665164828        34.6983661884531                       1
        138.577329180232        112.289456070248        74.4037602604323                       1
        329.557709352293        72.6563545899075        113.460003336853                       1
       -2.86619677967626         50.678488133575        61.3669602982118                       1
         224.23542839614        85.7592723919458        77.2506565433954                       1
        58.7492027395995         40.487468422693        111.856311142436                       1
        168.521093568575        79.7116305968256        50.3233227677469                       1
        81.2964559394291        74.3519332191147        116.915467709626                       1
        27.3053008092738        23.4688204906691        156.540293328471                       1
        151.545234714657         71.514653448671        171.415730994198                       1
        151.258507178751        81.2368963417893        30.0547387653992                       1
        49.9004265633587        108.595921730014        188.764401735526                       1
        150.138346576182        99.9008664163622        41.2027047464795                       1
        362.214587262062        76.2277441896046        212.930034528703                       1
        354.429120392074        77.2834407988112        113.775739499924                       1
        185.085482896334        -7.9681179502323         71.169918813337                       1
         233.03088981826         74.707204781284        134.577448985662                       1
        243.041879424543        93.5829427312742        12.2948903234085                       1
        302.654852237252        65.4262491397508        19.1938801443376                       1
        171.018115208866        87.3849665334343        147.113838353427                       1
        47.3145563287343        33.8224487936639        158.547358684883                       1
        321.710831427979        51.2951372556171        129.397230060871                       1
        275.370364972384        27.5381551515546        154.889908400599                       1
        254.734399770835        73.9096985365513        72.5557152825901                       1
        330.517011358479        76.5879668035557        87.2875800210369                       1
        59.6666595139382        27.5477656412631        83.1447043934348                       1
        232.461621580581         64.684832548141          107.8784700609                       1
        298.003223654597          46.24410172334        139.097564699279                       1
        56.7378497401956        26.3451690189213        116.801556958345                       1
        229.140987518043        47.7975128505682        9.10038222461023                       1
        67.8781297185542        78.1121060694803        35.2986370013672                       1
        30.9625264801284        37.1434164692262        147.375659535118                       1
        190.649607318318        65.4699457509874         48.968567548773                       1
        27.5938402176674         48.996809887903       -9.54595714739612                       1
        123.902259162736        66.7010427296771        94.9998283252446                       1
        271.726534080156        77.5779006682903        150.186006647815                       1
        341.816308041457        79.0183460649483        101.920999957644                       1
        172.960770327304        -20.202787498011        77.8915364153479                       1
        121.515559399623        24.4382620151609        68.8300760825636                       1
        96.8649584797086        20.2634758965638        105.703532392748                       1
        243.234623553444        21.1508586387897        16.9880254090316                       1
        19.2269347506502        60.5941030428798        15.1151724419557                       1
        307.929629253831        13.3998591059349        201.832127237278                       1
          237.9151235548        91.2291282066247      -0.216277875536021                       1
         275.36600577682        65.7394853067922        173.187039728901                       1
        46.8134735702388        39.8780824551881        72.0160266239661                       1
        333.160268080379         87.129453065646        31.0506019941303                       1
        216.901248628853       -7.31558287923245        32.8663031457258                       1
        8.37336252940551        87.6476358820154        21.7557156828082                       1
        118.603733060703        14.9121873817387        130.221828840637                       1
        109.202154004381         7.6218394940905        69.3700096250751                       1
        233.583051537553        86.1629618443287        153.251519257902                       1
        345.422226288215         66.608199397525        53.8859316284261                       1
        111.343522164724        47.1854547187558        80.2231772403774                       1
        206.841591159135        33.4627601724356        32.9532753027104                       1
        41.2766727842433        76.6431224083493        10.8979889710867                       1
        257.175992671572        59.3990180935252        152.501722631776                       1
        169.867063248358        74.8360099226499        128.224124594475                       1
        228.868717166409        34.7240774711597         19.277093642806                       1
        166.199596297396        69.1858118287943        66.8700425943009                       1
        59.9821201085429         48.164510978355        125.996340138525                       1
        216.401160782045        55.0190247565685         50.934479763457                       1
        237.436258532686         120.16722478291        150.491622051254                       1
        147.062129080451         63.583858253801        114.950288168331                       1
        336.851364555575        70.9329246772904        32.1382331099856                       1
        324.811335785606        58.8744623075243        69.1260318718779                       1
        82.6974894752799        74.2046417610161        82.3125641086448                       1
        61.0419187492727         103.68560752522         122.26687126561                       1
        62.4001063758146        67.6799864410488      -0.101670437033069                       1
        93.5582604393408        46.3762435131108        159.518366332079                       1
        316.035168097545        20.5331206780233        158.117213259515                       1
        146.920119003511        102.969981365534        134.546996802786                       1
        178.377235344616       -6.35274726216347        50.4579852828596                       1
        259.288612622035        27.1691658628016        129.983210642398                       1
         69.262364453392        64.7662525291102        43.0098669891617                       1
        207.395714485651       -49.5742242736503       -35.9871781272231                       1
        72.6101312586649          78.02836335433        149.511661869575                       1
        344.857951536334         73.566883599789        48.6808074671001                       1
         28.785241882757        83.1335694887071        8.36949487622053                       1
        251.786274943901        90.2139099606812        85.1536397089418                       1
        135.799372361156        76.1026231640058        131.262082370037                       1
        274.988833077619         40.388579196195        18.4720403582402                       1
        230.313537287234        103.880356158272        43.4128275004526                       1
        271.277637470117        106.948072614455        132.074798783849                       1
        55.0335097471351        79.9963728770034        83.6681505480141                       1
         136.38561067079        81.9580848797505        143.610837994929                       1
        94.8092206861461        12.4936613501929        57.1686362175959                       1
        285.894723584133        52.2860060006339       -7.18339370986323                       1
        368.423241767725         59.208298300235        189.987154842337                       1
        65.3883879627213        95.6829179549699        60.4970613270634                       1
        263.162918949131        9.96203121757785        42.2902741197822                       1
        30.9536358281775         61.841028332793        174.449950298142                       1
        53.6308525674429         61.728122377283        35.6287370236346                       1
        140.831519023195        12.6036816714624        55.4834084380473                       1
        109.857981494565        53.4508722808196        179.790404837495                       1
        160.262416805252        94.0615801077421        140.608374128824                       1
        307.269739254483        27.0926034891575        184.203576259591                       1
        124.861203873531        27.5197276654088        47.6816981307008                       1
        75.6842979353616        55.0717997308467        95.3676489382043                       1
        70.1355491627497        46.1294541239121        179.252824696842                       1
        218.818481050684        126.932667787441        56.0785533206558                       1
        294.938261643619        94.2465193338771        2.98713564031506                       1
        50.6044824783818        20.6923803984385        59.9996582795784                       1
        267.918145705939        18.9604318136159        83.8242044620099                       1
        338.867787759474        18.7853334026673        167.524511808905                       1
        49.5846045442182        77.8063779865435        170.827492706784                       1
        191.497764161403        107.600056388776        162.982994454747                       1
        74.6354612423294        70.1017992764279        162.326307952487                       1
        109.399464885407         24.334305690162        102.249535056564                       1
        194.172202150024        43.4193765628818         20.689185554693                       1
       -12.7486449389162         79.552305022379        23.1346524358798                       1
        155.370115134529        21.9473313914058        36.1632047443994                       1
           333.877293601        32.3746841232007        135.627852256497                       1
        316.058514010104        16.8724211138879        140.911303546323                       1
        320.778692552816        57.5576314616239        57.5828138193157                       1
        134.448548664781        46.2313957753867        45.9059422881507                       1
        80.1222985457759        54.3541479182028        160.114150129738                       1
        311.857482378997        71.7292539098422        119.294992401879                       1
        173.191827128852         49.263624603949        42.4055762177755                       1
        66.9009128357287         92.084135986517        159.515412546186                       1
        201.826082769388        103.796629350742        167.609880838087                       1
        242.577101060781        56.0811107083013        95.3995496868552                       1
         318.89163454587        49.6371913928993        109.660301250657                       1
        325.466604953499        41.5013080598389        156.109644396778                       1
         131.30252577007        55.7971905339913        107.525224128393                       1
        107.491682806004        24.6722399504484        79.6094296411166                       1
        179.772755016051        99.1774300766556         149.65191983853                       1
        17.3376937035469        29.4135374388528        62.7284915662889                       1
        7.97574208653139        115.087973418748       -15.6502888139316                       1
         354.81428898436         67.037538961842        31.1942880357635                       1
        153.149133956553        59.1580450036759        20.7743651668642                       1
        168.594209212969       -22.8575433449983        28.0761262138157                       1
        109.440122455991        87.2434804087394        131.974995234096                       1
        318.368631024694        80.6652432133889        103.189470835264                       1
        40.2631618750693        17.1163366847533         96.019827060429                       1
        236.772912005118        107.973337807959         118.22350931421                       1
        50.9966801235714        89.8446617245333        147.129690380699                       1
        215.879410979667        84.6879289838792        129.799676580541                       1
        338.624956653628         63.767904555935        90.8244014004174                       1
       -43.2566350440756        57.9466979895527        112.898783788042                       1
         186.46782080004        28.0781471830042        73.9530408943332                       1
        298.582361297506         34.099770356909        97.8935737860874                       1
        105.041961103737        80.7084598640578        144.619696750079                       1
        184.934682519063        55.9356142881896        37.0316601584504                       1
        84.6752992863841        63.6590170784033        175.276606772807                       1
        161.057277993897        78.1735149744835        150.883696674062                       1
        61.2864206715001        75.6306038948239        99.0995264774412                       1
        87.8059951054509        77.1801844973004       -18.0334815251757                       1
        2.47523205057604        42.2012021983715         44.761580822124                       1
        181.154060159697        33.9904243111629         194.27021398294                       1
        36.5494522255112        34.5468337519582        70.1046271871261                       1
        320.618842400964          60.54576924253        45.6056070445874                       1
        67.8379738266661         26.745795285648        123.552013792068                       1
        165.702079681269        70.0749383574188         6.4791969718479                       1
          215.8972495395        113.011761712372        1.79953182353827                       1
         99.387087798373        78.6248322253407        129.814430806505                       1
         87.647778939082        36.7063656146016        46.8125895463349                       1
         240.51561983462        69.5786020259799         160.59851332442                       1
        44.1344661254714        14.6188307974796        165.470339573386                       1
        40.3559301404981        66.9757429429442        154.144631858776                       1
        26.9319629613143        86.2615081615787        113.166236646693                       1
        221.674199783194        89.3220310277128        180.504545284013                       1
         152.06227732935         4.6619904640923        76.4967046973635                       1
        165.983849390344        48.5044458308206        92.4496124956759                       1
         100.04531893829        57.6894665052311        125.857011467802                       1
        241.860324776716       -12.0188827348978         119.59853495672                       1
        341.134581476323        53.0778389979608        203.232581541681                       1
        154.270994757531        60.0013093436129        35.2883651381199                       1
        108.625614524628        13.5437511583628        56.4808327319172                       1
         315.82205547333        67.3508673328939        135.032331807412                       1
        333.857529924221        36.9709025555699        128.563501905192                       1
        236.134473272617        91.1446259222151        160.956613268229                       1
         90.465918509627        40.3223377914737        107.341881493239                       1
        157.141773511413        92.2484947563549        167.769357508185                       1
        299.967366445057        78.3937181256745        114.927601382008                       1
        182.008304120161      -0.799916552013063        110.832507726365                       1
        341.878101051674        92.4047488852843        37.9969342713435                       1
        299.762494709114        40.2276720598092        146.876700803157                       1
        53.7250654814773        67.6536147284244        112.635678822426                       1
       -5.06894579390223        17.1726334667798        172.783743555444                       1
        361.673256430527        79.9475162043385        125.600605809169                       1
        340.462875440318        42.3010635292734        79.3052958148432                       1
        148.758871996869        38.9340624360124        55.7253378114124                       1
       -4.10288900627355        20.5399842708789        98.0027817545033                       1
         161.23029144875        69.5507284438371         35.758532477998                       1
        220.786640491374        99.8686809412427        12.4754318192205                       1
         84.291109332676        28.9540704264453        92.1654671522213                       1
        118.315096037964        31.1655754937899      -0.918812824390123                       1
        114.846370767293        37.1128740626317        72.7896267567078                       1
