TEXTURE AT STRAIN


B  100
        76.8729805992636        132.439580652735        38.7858025312045                       1
        42.1564285214196        126.060619719647        161.637251621577                       1
        188.233722566046        44.2167949858924        130.950398326222                       1
         41.481043511938         44.167620951944        5.23846077434169                       1
        80.5454937435169       -23.0593660871535       -28.8589218800826                       1
         91.300387576353        129.819658119584        120.334591393936                       1
        241.422950798693        31.9717966726776       -18.9549015913375                       1
        38.5059441675459        138.614532180338       -5.85501211615356                       1
        179.758653505901        -27.869879429799        144.238591899118                       1
        230.914352136511        116.668659496602        26.0519252683876                       1
        316.195535686508        51.7900974884392         166.32167490429                       1
        32.0111056267493        142.334210926829       -25.1547774157571                       1
        224.504071229618        38.9774627572887        142.973678466647                       1
        198.976612625514       -40.9358476580225        13.2085578519287                       1
        61.4223369705673        148.029287333784        18.9550563135821                       1
       -9.75235351451235        123.405000831353        132.743121138103                       1
        159.109529946808        34.7979087733191        52.7141168551015                       1
        220.226754648741       -21.0111928271994        9.15831999708613                       1
        160.587968561385        22.1146326273971       -5.65964262886871                       1
        53.2093491203914        146.271467271716       -7.42151070904664                       1
        131.036775493885        54.0093423006131        89.5794781840371                       1
         332.35173240375        130.206596858634        131.944462165139                       1
        212.657600735403        21.9699224983721        192.416044449702                       1
        213.566303693935        20.7602962722157       -1.80731061521801                       1
         235.10647428802        98.0688471798473        34.4649443378225                       1
        205.071416690231         44.839395340988        -7.3128989319658                       1
        56.9667234732734        46.9558871703952        53.2925646856321                       1
        87.4288577156938        72.0992838973096        102.354734553674                       1
        156.119892422074        107.294016449375        127.755379033828                       1
        220.118049651145        55.7235213144946        100.332241921187                       1
        406.532362426275         31.553123794307        70.0158917492397                       1
        349.818866518049        108.336502975862        120.224559096912                       1
        204.853279348945        24.5428660058422        128.306984183766                       1
        300.424464867816        72.8181461520555        71.4450091064139                       1
        58.7089172212561        50.5607328581154        71.1505725411065                       1
        201.771712008108        53.5942060224951        25.1661371135511                       1
        211.464229494209        42.9051827607524      -0.213674174912334                       1
         38.505931132291        138.614421442877       -5.85499352429636                       1
       -2.51454148491917        91.6215115046341        -50.016390737573                       1
        243.283155513284        102.030565708881        170.689256686782                       1
         76.665177702445        115.601233836586        108.141011160972                       1
        395.282213456941        144.759362347831        10.7011314836247                       1
        253.353741682357        60.7562637402264        99.4499267805989                       1
        402.309194165713        24.4541862785403       -11.4020405575213                       1
        85.3666420280583        47.0495267773335        43.6199475504304                       1
        99.5394912306969         91.157973905203        52.4968036059656                       1
        205.751940314917        121.413425263661        166.049004095007                       1
        48.6862860878921        92.6934896304216         76.864933847708                       1
        68.5970020960155        63.9012438171384        128.339800459987                       1
        113.381423420888        45.3180960806487        207.916152756795                       1
        35.8693927482526        54.5491952838963       -7.90605312867939                       1
        39.5818681023883        36.0756292479601        97.3454817380679                       1
        54.8366321652107        112.479863859354        85.4121081463896                       1
        70.7477271565777        30.8091482677783        153.604727417905                       1
        84.6171487453305        87.9408372513166        65.3130443009469                       1
        61.3013737913303         121.08468225413        24.3425665594291                       1
         41.305284340906        42.3966640568932       -11.0185761225974                       1
        149.939561467355        66.9714559477997        68.9368364344377                       1
        374.861531756383        32.4790180866769       0.824601964711957                       1
         189.84144870351        35.0577680802492        32.3828089249868                       1
        237.325507033507        45.2479047984457       -18.8732916996244                       1
        361.981208245765        131.176877532236        155.277153718949                       1
        136.919946901775        40.7334012929287        200.536541657153                       1
        36.7568506281126        101.948031146769        117.640309990817                       1
        293.405998096925        51.2586153087124        61.4619694052992                       1
        161.125204263314        70.1805008952944        138.381927536636                       1
          128.9011367901        33.5826232670678        190.540071569853                       1
        63.5184718498994        127.870336508331        89.9996647430266                       1
        193.190318524495        36.9697943752259        201.323109588365                       1
        137.062758361243        113.577424018342        131.243753819996                       1
        236.516173644227        47.6738698133053       -1.52838649197928                       1
        282.989396137729        33.4542335729533        63.4611232652474                       1
        244.285866875357        -43.424042791286        139.136693913234                       1
        344.692063873301        145.508163775785        24.1010648056806                       1
        363.346301616339        149.160182675263        162.092465817566                       1
        322.941724219232         127.91992902494        2.98708472707708                       1
         223.84709649065         57.261055883379        174.410134070708                       1
        242.623977909514        35.0006954549124        92.5529690223554                       1
        78.0129197176782        30.2262887035296        236.087227014439                       1
        236.185308450257        51.4958875183944        113.274246768287                       1
        46.8312507321809        66.4826572068773        175.073104310635                       1
        23.5097098449189        121.478074708855       -6.73093573810336                       1
        317.563706708516         80.604002774068        59.8470648828158                       1
        246.914460894201        47.0697891822609        74.5280777914651                       1
         87.696711593174        148.129916877964        52.2804709974345                       1
         37.569705233977        81.3590232848978        136.874264231682                       1
        82.8342510745954       -41.7126973222379       -26.9356574603635                       1
        85.0618708519875        132.685722061627        97.5643840210677                       1
        66.6193458818723        35.0797175876998        177.226515745899                       1
        253.574401238686        36.4292573866854        102.099667254794                       1
        104.048897749658        31.4872716930502        227.697400481725                       1
        40.8824039062984        123.669116033054        200.938972491435                       1
       -116.727588256059        53.5149017292414       -11.4436678032904                       1
        76.8632737701284        163.065741678944         42.915741082629                       1
        65.4559240849841        102.679535427199        89.3900139863337                       1
        64.3512407540474        147.875054182965        41.9203558476197                       1
        212.374758527434        23.8005030013463       -17.0949352388163                       1
        231.985175147565        68.3044076277835         111.87515758873                       1
        162.124077271476        51.4946426223147         149.24848889425                       1
        231.788994641807         41.900154348632         156.54285805047                       1
