TEXTURE AT STRAIN


B  50
        177.304255943584       -17.1908646984078        226.376193286532                       1
        164.828520170042        155.589421937681        133.035541059932                       1
        32.5173680399568        56.7610997083242        144.527473148105                       1
        395.139026394715        51.7437837164517        124.281681496235                       1
        344.494448054597        44.8520079091695        56.2546848239725                       1
        200.709261033015        142.046974331982       -9.47492977561854                       1
        171.076257172418        67.8117111326458        64.0998607813709                       1
        335.904445757545       -98.1615690055025         82.108522682607                       1
        155.012079786933        80.5673633439175         46.584715296587                       1
        381.814806966125        44.3146964241253        35.5338363363782                       1
        367.712970047262        35.5272125317117        34.2177750246904                       1
        393.519535740804        68.6277075167102        127.438669471051                       1
        357.608206134661        129.964886356672        158.812981845966                       1
        271.405679096809        124.109967873457        117.870731853459                       1
        198.008171810078        118.906179349711        84.5156298604691                       1
         52.235246881913        23.8053142017781        235.618810335183                       1
        169.763023331571       -89.2254209957157       -55.1533736094564                       1
        2.20684874400211        43.5068191633457        59.7159400791293                       1
         15.231223920399        96.1532103547903         186.19783465073                       1
        54.6093128999559        82.9060422332841        64.7480041532069                       1
         26.333659184306        82.0711503098803        55.8200126370554                       1
      0.0302500281642041        116.292206269401       -41.7458312362879                       1
          163.7312076722        51.8787177990696         47.402056564234                       1
        172.408131361848        69.1950607069295        29.2995174588055                       1
       -27.7740673484209        109.597802716555       -62.0170630223334                       1
        20.5672857276466        58.3875973629714        118.170306236376                       1
        180.841079235689        125.477099362942        134.999171893366                       1
        157.942219219531       -30.7801704471889        71.1817474836708                       1
        37.7452999115048        47.1634798724722        189.059632709622                       1
        405.412521971388        87.2617153065099        227.062194257784                       1
        338.451849856088        115.092165637378        138.016263091862                       1
         185.21107778553        78.3925599637973        49.1664656751735                       1
         400.41557754558        72.5545376984354        63.1455529860258                       1
        24.0714268727979        36.1942758824279        141.809388388242                       1
         48.421861208692         155.23525856874        83.7786683774015                       1
        165.060467871379        85.4401189765008        68.1094155466824                       1
        206.032871816515       -39.1577671670872        299.593890182559                       1
         190.13783953802       -25.7660879945257        50.2469595821486                       1
        48.1350146911658         38.318979917971        108.696058252635                       1
       -155.721891342985       -21.5963112552909        367.022678630734                       1
        191.032949753989       -49.5368222171204        204.140334706246                       1
        330.866093033324        91.9170341334188         118.40634365656                       1
        2.99695894629374        98.1226063781536       -68.1320034944547                       1
         194.83401124551       -52.8539813829504        140.299946243347                       1
        206.959178699458        39.1164417259354       -76.5718767417808                       1
        173.450422278527        82.6903088904489        36.4532956562946                       1
        186.022169371509        144.148971625801       -39.9975013602325                       1
        166.871634699448        75.8536409227011         51.547822953867                       1
        37.6303591905658        28.7195391123293         369.85157134797                       1
        349.813481052376        39.9281229026189        35.0023098374812                       1
