TEXTURE AT STRAIN


B  50
       -21.7923842777245        97.9039414600652       -38.4640979416567                       1
        83.0356550355772        78.5854415031273        212.357501415763                       1
        101.303918557509        53.0907585301213        226.534441373276                       1
        188.347948206577       -29.4224234041135        96.0021471957361                       1
        359.509589599431        28.0049028553503          81.99060502802                       1
        101.494405418516        64.2230556642731        116.380560004477                       1
         238.02054852772         66.233785423444        48.7187781867197                       1
        285.142710912741       -58.4932310077947        204.003771144967                       1
        305.724483530665        31.6001717534168       -14.4601341829479                       1
        138.594159400314        81.9316670469441        50.4760063907035                       1
        208.944999066443         23.971141658541        130.990592233757                       1
        219.490968255581       -120.389541539053        136.904979914129                       1
        186.652908517771        108.304295491344        96.8722110760399                       1
        357.426280688888        15.4061480504464        111.683292645578                       1
        264.644633423767       -62.6357464096576        59.4435141435134                       1
        144.380812685853       -4.93453713681658       -46.5138901256627                       1
         287.97817198224         19.588204437481       -26.2866566905403                       1
        81.6293253943674       -13.6573621924227        11.8290341224498                       1
        250.093625101433       -55.8901507841064       -29.8706822546576                       1
        138.797162595143       -22.6576535795363        133.138021712888                       1
        339.842135759232        29.1132295108572        134.773525845452                       1
        291.566132384845        35.3715343735662        -29.099513857754                       1
        319.840049711339        22.9446354808516         139.47368746711                       1
        308.168580118554        37.7853759618823       -30.2183705798682                       1
       -9.26526382950571       -29.2277557347162        44.6052925013808                       1
        79.6418493604937        44.3347078076813        59.1398391956466                       1
        86.3197082802588        60.0727736765175        41.2188275699478                       1
        73.2992840556503        60.8077784237396        37.1388802075047                       1
        20.7743486285597        16.6079249826571        252.191530924769                       1
        138.321295385733       -41.5621761580275        128.256040175508                       1
        166.824001046679       -39.1702977220653        103.229830351185                       1
        375.632269382006        119.828588051898        136.130813673457                       1
        114.726716151939        48.2027700785541        100.346514624307                       1
        345.104416768923        9.88263297547654        274.817746200289                       1
        247.884724116407        123.798788539313         119.34058658286                       1
        92.2246472328819        46.4654755717002        17.9098951031047                       1
        268.833720615215        124.966706229951        139.411032829663                       1
        87.4878065923631         63.788798889189         22.372506642271                       1
        244.745861261507        87.5252248306106        223.270337023894                       1
        337.454374710153        24.0693328423916        116.067011580186                       1
        77.0401104336766        44.2412082043954        40.8638137197713                       1
        295.405571553277         18.248391931131       -6.66770462040645                       1
        336.625142405788        38.7096349735933        127.778390141593                       1
        362.436487801888        49.7968082993936        23.8634722197248                       1
        65.5902816510032        73.6146406612306        147.746150985344                       1
        143.317574645131       -27.7466126022251        112.893235928922                       1
        253.617886744239        107.165105895808        130.001449783519                       1
        97.2511466997898       -28.8899925400659       -3.20253882788348                       1
        95.2539214563045        72.9283999001181        41.2026899960978                       1
        279.885053855593       -39.5675962962399        211.888974375183                       1
