TEXTURE AT STRAIN


B  400
        99.5731143856117        37.2150378085025         65.886690085498                       1
        26.4529014222216         67.671401104079        165.114596169443                       1
        81.7108154859153        34.0593147939072        75.7459519554734                       1
        94.3124318225565        34.0802586893842        98.4506139821316                       1
        222.473195397967        52.9001619605383        95.2497999739809                       1
        150.342777565773        57.6469757301961        109.157976574549                       1
          282.3653815581        64.8541040243383        172.718712182621                       1
        318.869651208742        104.981158762257        217.982289352589                       1
        306.402422706818        89.7161368909649        24.1319333907698                       1
        34.3540584421637        39.5721806854663         105.00563674339                       1
        252.927423615933        21.6773897694748        79.4891488938988                       1
        190.449376806645        57.8541800663745        76.1939492822533                       1
        246.274772723125        17.4908494074262        46.5126154265821                       1
        357.193981591943        46.8445249864961        136.444231014003                       1
        156.430999171021        22.0693711844659        19.4095218687937                       1
        165.802683744332        102.271662335888        7.27009125890823                       1
        163.519260275212       -4.72117726415084        131.890360192403                       1
        306.808483336489         79.088140641495        154.709693110784                       1
         -21.02084520486        68.7196510654852        85.3531902640124                       1
        238.625554556036        54.7060938450581        63.5615255717176                       1
        264.330672451051        83.8882556820597        178.373650919697                       1
        33.2189432591875        75.0714924958089        146.222481629423                       1
        124.575376695464        38.8994674911221        65.1874973283411                       1
        132.361811754397        39.7564037238939        139.197768319933                       1
        208.648202336299         53.296348921499        92.1763064019288                       1
        364.708822834777        60.4215943057849         38.689224785768                       1
        176.603409660023        54.7808913382942        126.353494767108                       1
        92.4904557532008        90.3652187562443        78.3418895720456                       1
        47.3207745027489        74.3527245417646        157.474212356785                       1
         22.217791720632         72.168637192957        136.033257324367                       1
        44.9234528546799        57.0915686736467        81.4607637239132                       1
        294.710016202046        86.1913218083823        43.3644521886977                       1
        167.489280349937        75.3596307075734        105.485215426151                       1
         294.93738275142        54.9545729944492        126.503860508576                       1
        99.0910683983564        80.3011772550557        141.532555707651                       1
        320.772523462481        56.2387635534468        176.335285573211                       1
        56.2266713292402        70.8421929217632        144.381989623917                       1
        231.430445046113        16.1943894611456        81.5347681758627                       1
        332.494000173251        53.8333275568174         101.82671890592                       1
        207.292935096233        87.8466807216834        97.0285279452533                       1
        278.218425534946        7.97727056380491        98.0945169991898                       1
        278.230952415952        54.2563917669958        43.8681288147111                       1
        35.1607225653102       -2.58859105608746        55.5428156404455                       1
         347.36602143607        59.5673738045617        160.699721930082                       1
        54.8431186244713        92.1570595564473         138.36230186782                       1
        34.1149781376807        57.1663351400324        128.824583254553                       1
        234.066264037177        45.1210714112472        59.9906325168281                       1
        94.0709634953817        54.7251391862476        80.7840956419157                       1
        102.885578265503        42.0415264180634        80.5935051795723                       1
        98.8832351183699        77.5700035017948        8.19276798112929                       1
        107.481482883207       -13.7000644597875        173.459432095381                       1
        214.721094891054        47.9880770657637         187.93151438755                       1
        159.935986910796        66.5333457678126        60.5795494487544                       1
        278.956651969553        45.8374150058586        152.444761994741                       1
        184.023720997777        71.6268809051388        25.4356490626208                       1
          279.6770005099        72.0950392148446        97.5932180166691                       1
        153.882127225299        75.9813296162974        148.252122619063                       1
        120.289957733371        63.4476479200582        50.7242178327083                       1
        253.758761853615        44.0124916492256        40.8406889758599                       1
        39.9910195903394        62.4959738325457        117.684208772957                       1
         295.93750571917        63.0125735965054        177.165377493796                       1
        264.029041235093        64.3410843262005        55.6059018731242                       1
        96.5124669715917        23.1497405138087        29.9177031728214                       1
         226.41726530729        68.8997460211828        94.3869361252769                       1
        11.9877685074822        76.8501123946195        90.5046284743887                       1
        59.2561801282532        52.2745859391454        124.040203397071                       1
        98.0977280129277        47.1505733677359        129.070021535669                       1
        240.090467562434        54.1853710121447        72.3973367055368                       1
        232.774103352258        70.4107162179253        107.419435008988                       1
        151.413601607182        82.2011329727776        53.0901115757296                       1
        173.946732541274        8.63179338036316        103.268956643909                       1
        13.4290798259832        124.262204688037        153.028073822216                       1
        154.885181755303        88.9052491226235           175.603259806                       1
        270.433702553456        19.5825460178555        150.580106636633                       1
          345.1823124534          79.51985107703        153.250696634457                       1
        337.491008259487        37.9336437273661         188.83401442493                       1
        101.509574017844        67.7746719515251        120.130527542898                       1
        111.529774222811        88.8380900170933         14.642784354958                       1
        279.721851727111        14.8047062509971        24.3678984730613                       1
        101.266259287603        97.7692021326631         73.605802814616                       1
        247.212379907464        78.6932276399965        51.9936623728611                       1
        248.260420555168        65.9682352487242        48.4822616072192                       1
        158.215120850069        35.7755769070747        32.6652132682368                       1
        22.2709472304276        82.5684276467167        60.6001967481557                       1
         212.99376110694        66.8322437878751        36.9668172804244                       1
        297.830633071435        19.9327815945449        65.6168328459297                       1
        139.043859750189        86.8777764992428       -14.0394266004848                       1
        126.795121409498        102.599322836871        126.096468823225                       1
        292.449179927528        59.6118861860559        12.3290466709761                       1
        205.776177912771        73.6429505738028         110.09938670921                       1
         251.23284596075        78.2350208364693        36.2313811640299                       1
        240.500665868556        70.9580586107846        51.2537004044663                       1
        122.997256031439        56.4395642799947        174.936539490576                       1
        263.113945711596        73.7021424432428        40.5888794220811                       1
        72.5094675198063        96.4987424012217        101.143623036647                       1
        258.789107196722        20.4447326025253        139.711303471978                       1
        27.8359868040788        64.0383859176002        25.5123225252686                       1
        318.480662797839        64.0838041136785        141.539741789142                       1
        287.400526825158        86.2722378925733        15.3272795905613                       1
        221.893927213199        68.1014204749698        61.4091880614654                       1
        2.85416121574396        89.9301564814786        80.8015714034163                       1
        81.2018572817529         106.90622681596        59.9317296998861                       1
       -17.9638492468315        72.9268065107224        127.199101359146                       1
        318.093424387031        68.2701010534216        80.0981656250231                       1
        328.801851236421        59.3991227721555        86.6918012833359                       1
        121.950439383358        72.1606711192369        125.852320248877                       1
        340.450462743153        22.2973721358004        159.597995294266                       1
        28.6672891033864        56.4293306025771         149.67489579439                       1
        286.831564637538        30.9384003686667        133.000747584682                       1
        104.109455433151        24.6234424585751        67.4124383349981                       1
        117.575258651065        56.3525685399945        88.1914257433857                       1
        276.688997839522        79.0194553886066        54.6167263900552                       1
        246.278637908191         94.552687351498        21.1321665839588                       1
        217.476662105725        80.5195820681474        69.7935928037513                       1
         294.31296969845        69.7998869945992        21.1292550978175                       1
        227.711322327177        88.2535146692838        52.9200855515633                       1
        364.745766728653        48.6019038132244        54.6348642818642                       1
        301.582481274458        54.9339263142415        56.0165097245223                       1
        261.606232639126        95.7090430124304        139.420560089822                       1
        187.346041756316       -15.3384944487619        121.970852262403                       1
        121.872660251207        99.2149477660328        179.695923735856                       1
        263.986260489125        58.3253219333831        30.9787422593596                       1
        129.221338035833        69.6069141612604       -10.4987596452131                       1
        201.731310345038        87.9963300828233        148.508265164502                       1
        291.006681952853        34.2394692190699        30.6744861194031                       1
        181.957439442168        75.4167150439744        177.556376715721                       1
         93.716903232737        89.1313946032462        124.061939579022                       1
        64.6754957989328        13.4963438610695        88.4332113801661                       1
        370.546626063453        22.2120155253756        121.234413467142                       1
        215.738270261972        20.8116717867504        62.4358218516058                       1
        62.6210495607548        74.5087568335051        115.461565452196                       1
        316.886821782989        81.8428221164042        76.4172787024632                       1
        308.558662361168        69.8460069705104        20.0674521318609                       1
        133.012266485325        60.6208437163037        106.959994590701                       1
        227.469358140023         72.277880534891        75.2031434798483                       1
        348.311723067282         91.748418524122        133.800198333344                       1
        170.243332478792        64.7578081606712        55.1566925252447                       1
        82.9798106440655        95.6019325985413        129.568623324227                       1
        168.688153936976        58.7120737182344        108.998484348561                       1
        132.015533914019       -4.67874825353232        15.5343150373061                       1
        51.1961977452641        32.4613298423816         52.559284828964                       1
        47.3279218059078        96.9428588930142        22.6582947587562                       1
        338.155748973782        84.5845473010545        83.8306471802176                       1
        5.45881512847368        111.596769149648         138.11046553507                       1
        237.290074156515        68.7517401564773        65.3618073243591                       1
        257.356335850864        91.6845495039832        116.661065833455                       1
        187.595455937361        105.151868988807        25.7295378378368                       1
        326.876570665923        55.0080000638729        29.2424804531148                       1
         259.56388532556        21.4491823894413        205.651298175886                       1
        123.017042883748        30.0654487909021        32.7585468409508                       1
        103.885681751319        56.2205240360482        18.4589004585589                       1
        304.801387638763        51.0261212987587        23.0135053276995                       1
        248.629700787325        108.865885767342        110.343276689612                       1
        201.322146763145        67.7522521867971         84.297557769071                       1
        208.073464951576        7.61736443996819        131.698037439955                       1
        50.0473187355533        111.623810342137        129.676526509538                       1
        114.709831409424        91.2945994549073        109.457224276076                       1
        334.293814449187        87.5808666697404        68.8483038098691                       1
       -33.0268940561725        71.9377607423663        92.4795986540128                       1
        66.5850816498862         25.920797735029        103.042312278566                       1
        349.281096745606        71.6724419663359        166.977890115897                       1
        242.463597982054        60.8268370483283        117.600571052737                       1
        241.864266347448        95.1224132870372        138.669487722991                       1
        323.047383046511        74.6127775456225        148.225738147724                       1
        72.2317833985519        61.1435861443449        57.6936884688582                       1
        144.786571042617        98.5652768328262       -7.27421443127642                       1
        213.885865350355        76.9628465881647        90.6820316223534                       1
        142.641001283506        50.4737938893887        83.8546213961558                       1
         323.92501856461        41.8770092889978        30.4505456388225                       1
        134.907011858097        16.1594117244889        143.608095786333                       1
        143.132958803826        52.7427382074596        131.596469662228                       1
        255.687324875712        31.2051770528939        64.6445678312722                       1
        184.371001926092        51.6483126328414        65.7358220892302                       1
        35.7171986570567        74.8661241569533        134.951423286365                       1
       -29.8065556136367        6.51299029778524        113.623322806584                       1
        315.208382462294        55.7536431574624        27.5005197243029                       1
        221.984048362758        29.4874484655862        83.8608299904769                       1
        228.421443715042        90.1678895469706        40.5636280885719                       1
        245.813632973474        68.3710409965366        79.3293813416631                       1
        151.526409082135        68.9137425622371        129.861712255164                       1
        291.018307631311          57.21146943812        72.7875065277705                       1
        16.0673672531792        53.3795806790394       -8.90312442078069                       1
        52.0211142420949        80.3466006036729        145.310445034968                       1
        363.458832376979        25.3439495028574        57.5114787246374                       1
        85.2376011552567        80.9863812454527        159.919336405151                       1
        307.618723333912        56.2451218470079         187.64589677433                       1
        292.722245890212        74.7389524224513        116.907508650405                       1
        110.443918716333      -0.622950195182243        100.144016984752                       1
        77.5443222480688        55.2360344874082        122.330822516313                       1
        350.442519845409        15.2744198839699        183.868152344994                       1
        192.813361971443        96.2821856364149        161.153857866951                       1
        96.8993041115296        15.8141534945868        7.89417499627728                       1
        106.595525606074        79.3245305860208          95.40920624392                       1
        326.150326440803        18.8772443635106        55.0517349393785                       1
        236.662199459351        84.4882207001353        64.8519635060131                       1
        244.510215634439        82.1217592568181        67.0238126469473                       1
         225.02068110683        99.0064937315409        129.772949200523                       1
        38.3075530938359        75.6576626648524         149.30075039849                       1
        328.727881107049        25.1790714848282        59.0003597464585                       1
        244.201868539529        44.8867703781755        79.0394991352772                       1
        54.0320662873792        61.0799372009177        97.7224965433814                       1
        274.794606400647      -0.016721789637585        57.2765966215692                       1
        305.561737036498        21.2529751010887         13.793439593779                       1
        214.335595646303        99.7857761279326        80.1910342298893                       1
        179.855438460906        94.9791493376821        23.8940280041305                       1
        84.1551657417407        15.7179001688985         42.737831053958                       1
        284.216876574755        67.2894567111587        213.857075288223                       1
        102.090712238901        56.3426173507683        170.196253556853                       1
        353.187427891691        86.7779835413251        137.897089133074                       1
        211.530063201422        62.6454216825271         72.129495486851                       1
        103.828780166898         59.531270312415        136.679161435042                       1
        62.3492606559386        29.3193771892291        2.76505258466542                       1
        284.671568187655        105.502348261246        176.879722356478                       1
        153.262772838895        10.7368913887718        10.8348558613102                       1
        149.095125321452        93.4629569626639        27.9985003289873                       1
        204.361323423429        17.8854835355941        140.567673953937                       1
        85.5092299626714        62.6186482796992        43.8804174569467                       1
        63.2626315729908        76.9237486831653        55.5726200838783                       1
        23.2310553864814        34.3287399362632        128.520892252191                       1
        12.3381818956725        61.1398080691432        105.362551035137                       1
        238.833675077412        35.3542032785707        34.6889873763331                       1
        66.4999993824947        82.0479815790857        148.291871038248                       1
         374.02973136727        62.2996519647931        125.583274370209                       1
        248.516558582525        92.2093779722545        49.2738708468934                       1
        40.7839678511182        47.8393664896654        72.5501123918335                       1
        172.516645556438        63.4718488860783        164.310162916219                       1
         350.64918875795        103.625872083693        65.4544542054373                       1
        202.268344531341       -16.6412160275043        117.966583079615                       1
        186.328631774865        86.0937182632339        44.6077801109742                       1
        17.0883684771818        60.5344370740415        137.202547655129                       1
         13.304461203522         40.725316398112        150.945585539452                       1
        162.781595352218        52.7102711406662        41.9168092577713                       1
        182.898386838225         81.035493274954        169.691663151866                       1
        185.107085222596        79.7785022925623        153.860500796693                       1
        257.124672199955        38.4658197004765        77.7816183900824                       1
        36.8161460701454         57.604413293802        164.061826048243                       1
        96.2790618641925         26.738054677445        70.8251604368554                       1
        314.961397741481        7.31218324168484        1.38152470305708                       1
        34.9468286983221        87.8626075108316        100.077088536031                       1
        333.766419736128        67.9323365756711        38.9643415272687                       1
        160.092971736537        55.2282007841404        84.5287293227633                       1
        69.7496052866044        17.6399311063563        72.3614136399765                       1
        201.388380746877        61.5522785788057        184.530379893024                       1
        169.551840153468        92.9010702048993        32.2662789361441                       1
        350.527805724824        107.288398607874        141.390666250388                       1
        218.103805544675        85.2756000179135        38.8322983377847                       1
        184.882909853028        65.3959168019803        103.812091415324                       1
        357.165471684026         65.017655163111         120.73227757346                       1
         301.73750345463        20.8423778037009        101.576526695951                       1
        39.9358460341666         10.589707632296        74.9571480590911                       1
        109.337893412049        52.6058643477674        57.5100387543952                       1
         316.09286082965        39.0472261545817        61.3390785001933                       1
        228.178192584926        77.9604792026302        18.5909261972971                       1
        308.506106410779        22.9013809905283       -4.95320977302722                       1
        52.5469534493359        68.8513662350245         63.284191915007                       1
         139.03092135335        20.6869375467823        8.57357407377302                       1
        42.6931225546618        41.7692241124039        125.583223884101                       1
        202.576037979658        68.4799267111121        29.6960439835357                       1
         221.73222952762        108.368395529119        96.3307971639998                       1
        333.477592405337        56.2856889449266        146.677531972771                       1
          85.45388539146        66.8653364392894        16.9463856031403                       1
        21.3110110962332        55.5514516226225        80.6874784497658                       1
        311.122283459646        66.7305466297655       0.560050896696393                       1
        32.2418118072354        72.8890028466136        108.607328724787                       1
        222.712325588709        62.0665186439681         109.57317137901                       1
        125.795154179437         79.911831217489        177.472881715331                       1
        310.898512800178        50.6375572233326         133.95552244763                       1
        307.847029137188        50.8439958574005        171.325409648857                       1
         347.52963787136        94.5148465937769        165.955075451686                       1
        295.942294160241        5.97030092024494         112.49554545514                       1
         136.83566774369        86.4487810296327        103.721659557948                       1
        129.574264607464        108.525928407596        118.743541544905                       1
         185.98897023012        60.5029803011794        56.7665017890711                       1
         212.39750913497        75.0779103040673        76.1585646877508                       1
        35.3637966178982        59.6385282192217        148.287586787332                       1
        106.011277251517        97.3194529075104        149.641561381678                       1
        343.661467732349        44.5174076849581        24.9825579409662                       1
        226.768804075299        88.5096062772726        60.4740343447168                       1
        161.347657810064        8.33343894505187         130.11030260468                       1
        206.194323464366        79.6580831799921        41.9915650748101                       1
        239.662537777399        62.0748052180786        66.1893356820364                       1
        169.226591044167        71.0473102519586        93.0517918606272                       1
        221.348016624085        31.2396002019632        107.444353622384                       1
         217.72411783876        87.5527432267503        53.2232782234947                       1
        348.896292177756        71.4699572702557        105.764104417249                       1
        245.894620228798         5.9588367737845          70.06947025733                       1
         -4.842372857319        61.3808308571026        81.6032691318244                       1
        266.813675478969        70.5082641534193        93.5876941057032                       1
        196.055316506795        72.5411378510692        136.523784519206                       1
        225.824895692326        44.8515111701516        113.147595289887                       1
        255.284601348593        27.4879482607935        42.4184349774493                       1
        224.930613861542        60.4625096578743        148.745151435749                       1
        122.410211985642        57.2597878385097        102.967083054135                       1
        209.726204051929         15.613730087425        118.090637804772                       1
        283.878363814872        78.3618118215586       -9.93853162348097                       1
        192.673706069803        76.9273764654483        84.2170458472405                       1
        213.577747270164        66.6964552717238        169.348110995783                       1
         198.47539624618        38.0602112914466        101.260026689111                       1
        146.337816231044        68.8983982131943        163.875725616898                       1
        86.7067424652241        41.6050886726547        36.0409668417628                       1
        217.274605425588        22.9132518846561        81.1184473937497                       1
        224.386719376631         59.395320457166        83.3838525275406                       1
        388.321127718453        78.0476832891514        122.990815788645                       1
        144.737617515661        38.3115645807258        102.576675250533                       1
         111.72064647162        21.0607396577191        146.638695990957                       1
        270.451361860797        51.5791748764816        190.235915236759                       1
        61.0844044770325        49.3487727587809        78.5877703996807                       1
          109.4432412523        71.2988060632288        152.060115419683                       1
        112.936602033987         39.967428833217        49.4378541049157                       1
        122.361987641482        79.1414836209756         166.18509433336                       1
        37.9805875829827         20.566627323064        10.6043157012105                       1
        30.9264454433708        76.8525479332359        41.6925423203044                       1
        140.159667310722        18.9239671058401        171.982620362631                       1
        262.640287481588        74.1798990056657        66.2044280742003                       1
        118.622141264044        22.9133359137291        62.9239090043973                       1
        38.9503882021614        10.7549796274078         146.82235272233                       1
        45.5390692996273        74.7917097454582        127.029853714857                       1
        165.969381808184        58.4993471396981        28.7570480234444                       1
        116.597776547229        50.9058872850784        132.590766168618                       1
        350.319777781318        99.1075563693274        120.518598970287                       1
         206.88087563681        62.2490682913025        103.503101414546                       1
        292.042586603687        70.7399785707567        183.894858844426                       1
        52.5898789135778        63.0948296464637        131.900424939308                       1
        116.202875268967        31.5860021240747        84.1833299788969                       1
        18.8335146501623        74.1034833610236         161.57166274094                       1
        116.784066927251        69.1663579807428        166.902591091675                       1
        249.673849273665        58.1660173961179        32.2899542546475                       1
        65.9694338889446        16.2151552612306        112.394194673522                       1
        241.525806167034        81.7307538823984        49.2973667167002                       1
        80.3505333128725         9.4500441909437        53.5245313050717                       1
        226.234230489744          49.28572146226        53.0866252810652                       1
       0.939411322527994        83.4172174880221       0.119202737397055                       1
        168.451369540258        11.6349277685336        92.8293288909147                       1
        274.040512653995        85.1518269310068        177.858825392493                       1
        186.734382734203        105.273422609688        32.7763839825194                       1
        120.402856172757        107.954272584406       -13.4106661713069                       1
        289.660792428113        90.8638006868935        180.932763056626                       1
        211.465914454401        119.792242593577        31.0117496075023                       1
        214.435356968433        48.6294721546919        78.6877970310225                       1
        78.3361169629376        70.4200071889271        125.125305866458                       1
        115.219049186967        42.0549188689616        97.1949725650596                       1
        356.715736331887        66.3732335290269        138.866274211629                       1
        275.496205967384        78.9249466072364        13.5208649094905                       1
         157.76237722524        77.4741452281096          40.61769771092                       1
        140.179281266461        58.2868230241396        152.466475345068                       1
        226.915934745037        86.4339704917047        93.2657856109341                       1
        377.842847273648        89.7511681792585        92.9499750866188                       1
         24.678156145951        91.9445990130159         147.44389296572                       1
        49.9990005785032        25.6978794132632        80.0639907259788                       1
        200.043011042444         53.878530998532        113.975113061306                       1
        373.344334280318        69.2760500179353        10.4226199296779                       1
        86.4783588639868        83.4500534684274        199.594749701515                       1
        93.8414121435642        81.1508812469532        63.2906864453031                       1
        47.1110731518272        84.7359837650116        69.1798541420523                       1
        302.177507725528        73.0787786665337        50.3464300981759                       1
        326.789219186701        73.6277037986657        29.9916929138159                       1
        78.2583188959468         40.003478088476        191.168265667953                       1
        308.356202613327        67.0931040543529        33.9155153148746                       1
         362.11883893955        19.5848939592623        32.6560812087354                       1
         329.71069645864        66.4996332721214        6.86005599495522                       1
        64.0185611793681        12.8919645296709        191.531039151155                       1
        26.0798078021508        96.5839833348313         115.63882420651                       1
        131.034727578845        62.1850678194253        125.642991652808                       1
        51.3265959776321        73.5405175727331        81.4021909812257                       1
        315.187197090869        64.2797165056218        172.277777616469                       1
        121.399571928022        49.2724244462696        68.0650191494623                       1
         283.80533398469        36.8331095410604        11.0681590706904                       1
        96.7428197417384        58.9019021673729        19.4515815021668                       1
        308.748461834234         88.242365775943        62.7475000206156                       1
        188.584942603248        79.2409168820869         60.587443332927                       1
       -42.3082642144807        37.2874749006936        50.7254097306384                       1
         64.133454944837        101.125288118343         144.96641903777                       1
        263.854550191135        105.842798513251        125.570090109923                       1
        287.251915386884        67.3429342908599        41.8606202003875                       1
        23.3953139909262        46.6554663022451        96.0387938545352                       1
        347.639757900735        53.8921548331846        127.165539536765                       1
        133.080099195446        35.7256583048689        198.933434794561                       1
         98.110961426085        70.1503643515017         22.850959944147                       1
        295.366216721577        41.0606050865527         171.69667520268                       1
        147.136918774492        68.1401518489358        99.2473006594394                       1
        117.742383352859        71.1663958464414        11.9036662328128                       1
        104.946884714633        71.1595010410944        71.8230766618456                       1
         110.18924348775         85.512881510814        159.468104725078                       1
        169.442010142599        19.9965495698934        158.208908736146                       1
        130.703642066813        47.9214707283254        72.8458411211447                       1
         163.70224177398        83.2812459804555        160.707271534449                       1
        189.765860059286        69.4568391480661        191.070083381401                       1
        48.9546265689091        58.5754833905643        154.023346958236                       1
        159.589965228699        73.8077062313838        77.1416042292306                       1
        170.975109202116        68.1128645017215        78.1767513738417                       1
        101.955319911454        9.48235271624643         65.380424813425                       1
        225.009540107514        71.9689349932692        43.3583726538836                       1
        255.757662011518        58.8279307521511        44.9725596526283                       1
        360.905883250427       -16.2534515420897        117.308339838216                       1
        115.990168715594        17.3983676524196        39.9036354564085                       1
        324.014356768301        106.805801982244        68.3485163100655                       1
        149.267937870883         56.796103578354        152.702666315403                       1
        336.037143279473        59.8594122177227        63.3365452447573                       1
        275.119359945129        63.6695264906266        33.9599396551741                       1
        148.384567505223        100.644920134904        17.5799593609445                       1
