TEXTURE AT STRAIN


B  400
        91.8914793822506        85.7396176516488          161.7177265115                       1
        41.1690258916721        70.7765002842526        129.854522959741                       1
        39.1888376208628        84.9303316688188        139.471104242261                       1
        94.3545714779078        69.3169731678513        81.1694098605277                       1
        355.731968354889        62.3325402728494        71.0208578840429                       1
        165.175429772813        61.1607412664439         57.143305375509                       1
        107.813064454244        57.2839347815173        86.2073494329041                       1
        19.5709265880614         74.347904356476         85.372236382593                       1
        340.262107105596        56.8450918261952        184.981075518472                       1
        109.995617260921        92.8638166067635       -12.0959046886025                       1
        222.289419833784        62.8170188346452        17.1195224098316                       1
        80.6180926984134        68.5253086271729        38.2638429871925                       1
        235.735197737422        95.6908840097314        55.6541243393231                       1
        229.830786620739        54.5196817901445        200.174346926186                       1
        339.711993759888        18.8912768335903        106.766189466861                       1
        50.1626764287862        81.0923329452833        85.1503415999501                       1
        147.669525761959        81.2733647703373        47.5320507599372                       1
        167.612554145793        68.4896380743122        197.779905357276                       1
        61.3421476663846        53.3749090967346        49.8513553829455                       1
        43.7151051450916        57.6920945712414        86.4820198682874                       1
        44.7259170662591        91.8160170367955         128.87604142285                       1
        120.118233752293        64.4109416781499        127.764402380515                       1
        28.2484836465431        91.8672058665331      -0.296663163093929                       1
        126.439978239826        80.7406712392972        100.924914624529                       1
        187.078050220185        63.4497157277781        99.0184685061242                       1
        196.937587970388        92.0584354452784        21.5098257980773                       1
        31.5453505569085        80.7158939588076       -13.5405585364488                       1
        278.149911997325        89.5920460938862        157.253263544492                       1
        268.416152667804        63.8138627717541        124.754062770271                       1
        336.104687727601        55.3687135280386        71.4774823616437                       1
        214.890701063262        74.1389677427566        39.1081701835927                       1
        217.639118897311        100.962516558643        64.1338005468579                       1
        116.336914439638        84.5180855230789         154.87202304293                       1
        58.1673819697685        52.7264494036857        107.170897049578                       1
        58.6565605246181        76.5488526480716        107.901382952688                       1
        316.908946361006         48.032796465133        69.5700902039633                       1
        241.195127965844        25.9807420061558        136.361900469819                       1
        228.315546661665        107.297202637177         165.67448124345                       1
        293.077562069642        101.362145154929        82.4779934118865                       1
         99.004519023278        78.2063657882949        163.309820476203                       1
        233.591162170464        88.8602773092933       -16.2250870072779                       1
        400.212977373498        54.3659245620342        157.161653505229                       1
        178.282515020042        57.5131914224881        40.8235491444944                       1
        155.865171451116        66.9997776325919        33.1366944692108                       1
         244.51523002376         76.002362042273        118.833427799161                       1
         15.353356309339        47.5268405253448        130.217890468225                       1
        198.877994871516        50.6533879516692        171.539801515664                       1
         59.797769747219        30.3332508879635        105.982318353186                       1
        138.270638204044        70.7017809018818         55.224754004947                       1
        262.768514397853        96.1817382256722        84.0161161736799                       1
        225.526121368427        79.0536296955769        1.73262265265718                       1
         162.50282262639        91.1808336968071        170.930517576397                       1
        340.838700387807        42.8409431162431         148.48125868282                       1
        54.0197855040235        63.3798408089235         131.31335038433                       1
        380.480655439397        57.0493529356277        156.184403978875                       1
        36.2225280634921        56.3054641422241        13.9087087427194                       1
        287.671735347454        25.3802321870026        83.4295273410109                       1
        120.180043760148        64.2588315123627        34.8498367189722                       1
        364.195709324662        82.8477318288577        149.580788856755                       1
        77.6075408170016        91.4396947087423        121.994807868371                       1
         76.589361276231        72.7555381813995        163.975727385198                       1
        287.301566841689        64.1120241548225        152.671831831622                       1
        353.037784577651        77.9822151586173         13.286229548282                       1
        69.7207866978297        58.5526845858746        175.874750904441                       1
        176.707920590853        44.1199726406358        171.625075032817                       1
        286.747109057209        113.157920108388       -9.71870171439265                       1
        104.099853326859        40.6830768352321        29.4253509664965                       1
         244.87032341493         67.297346194676      -0.401760518603507                       1
        343.249457164083        94.8095097144654        122.248591369253                       1
        8.12791607848619        60.4696457402019         1.6219507725584                       1
        182.722146735399        98.0473383725756        159.327096898991                       1
       -1.79876951432632        51.8833591011727        75.7986046905858                       1
        98.7305762969876        75.4666399234164        145.703210522023                       1
          318.1380253309          92.02443647034        87.7033851196566                       1
        260.956074189789        24.2205667442899        160.702024764639                       1
        362.894908229023        104.846605027672         161.51557369373                       1
        275.484930713649        44.4036923041759         138.25766184698                       1
        52.6979271378677        45.6167942844638          163.6936451631                       1
        149.370587213854        85.5257660649479        46.7683803258246                       1
        60.7176191431704          60.43392961335        143.832356755387                       1
        315.478008801822        109.450462559096        28.4357134043816                       1
        347.745892002635        69.1497298894173        167.994687549313                       1
        245.892725568338       -10.3439069521119        131.370047883754                       1
        64.2109483542381        13.3782072047528        54.3267537342186                       1
        131.130588433159        44.5138874928175         53.833832267815                       1
        335.411303222793       -8.52890012531758         79.897618961341                       1
        36.7839594824508        71.6988771791432       0.724878630686242                       1
        193.772362853013        75.8135699871471        89.6465309526626                       1
        352.220155346675        28.3304320661676        68.9323171250596                       1
        190.750918873309        87.1766277633237        170.475704664566                       1
        50.2325607818866        60.2288922960584        139.202417519663                       1
        35.0776934906032        32.0538538731956        35.2545639661047                       1
        230.116070193762        48.7711609712807        154.482932135754                       1
        6.51753733601983         87.639275223307         174.22970636203                       1
        237.184203113947        87.0428024916388        42.2996744092622                       1
        323.299120256233        13.9601322922778        163.624897458538                       1
        168.230422847011         77.187250237091         13.538172239061                       1
         218.55079190981        110.515666090077        26.6321846034503                       1
        279.883760830591        113.236356495286        125.423339516384                       1
        351.503022828227        82.5775026505352        94.6393631522976                       1
        231.418183831219        38.6299333819331        57.9876777709505                       1
        129.925025895325        72.0005450526735        192.467229031711                       1
        64.1950566207952        100.104656403481        33.8761601702441                       1
        312.972707808357        27.8266850616115        4.74346568300741                       1
        195.253205131383         23.779517415895        78.8635977051286                       1
        95.4909495968991         44.167784545938         60.132689351477                       1
        270.399024050718        72.7316726225508        136.530219315237                       1
        330.846348776953        61.5475247060594        141.176292872513                       1
        265.647962747593         74.390429550391        101.278380189602                       1
        285.379685843876        13.2344545894056        110.633212480132                       1
        190.352214344611        82.5706169058616        210.802385935587                       1
        254.541653671656        107.763170330875        154.108724304536                       1
        252.111304507131        90.0618370605196        141.806189849742                       1
        130.094682834504        65.5942879465575        67.0521128630923                       1
          182.2060126641        75.8503916827606        113.878770015767                       1
        351.538014861903        79.4063292384365         186.44665281422                       1
        176.334938644696        74.9539836407863        49.1837850406667                       1
         90.960005984022          38.58441031503        90.7495289459033                       1
         28.004576275165        7.68150387782123         23.956883194755                       1
        69.2712252659284        64.4085736029322        112.462571799218                       1
        351.850947855534        92.4656990686658         183.35799969579                       1
        79.4929672632767        56.7816199909779        48.8283647184997                       1
        330.694779315563        73.4857124428136        24.7300179078738                       1
        25.6673263333274        75.4127163453595        157.786640435568                       1
        64.9193151493114        69.5064380389421        12.1943926451908                       1
        70.8081163980307        19.1677582553149        113.430911662179                       1
        64.4733127917459       -13.0417417985542        12.0789472095716                       1
        291.920411386284        71.3178844436327        10.4908127019113                       1
        110.809505443059        43.0852186437245        177.603198769473                       1
        14.4883994638347        45.9368324590357        154.749991381057                       1
         234.54016551042        113.655619406735        150.418339776584                       1
         30.946847250314        59.4065887181068       0.691186311212744                       1
        120.299737111422        54.9019261236363        58.7986805535687                       1
        352.671187116265         88.499934793894        118.549416893219                       1
        323.524999657609        70.5277220926623       -8.92290852927087                       1
        56.4746305641438        61.1918255773182        64.6069629281641                       1
        286.187119794806        49.1803626350379        110.618170303233                       1
        89.6540574496626        83.6604915754017        151.341198489657                       1
        341.378038655652        105.306613655376        139.478248207654                       1
         41.937014395242        45.6114420807298        124.393938340912                       1
        183.087360584765        75.7955282962153        141.929859862553                       1
        37.6222088331935        49.8407871293772        115.507881482546                       1
        260.681950171721        97.5193066533854        40.1239504699476                       1
        210.637863458616        69.2869103135678        18.2281526538242                       1
       0.303438403336363        61.7461886524104       -6.55332204682199                       1
        61.5083553238664         46.732944140963        176.119528880803                       1
        47.4625190324204        48.2771315431898        135.657473157104                       1
        129.492573878503        62.0546899403665        44.7581125822321                       1
        113.913634236916        53.7919533457372        32.2384993858296                       1
        280.566083698802        54.6885954483813        21.9834366472095                       1
        92.0318902670598        96.1615456466468         59.536226361822                       1
        272.550672063592         68.783852394585        13.7865860063327                       1
        66.5301538615575        81.3835452960971        127.841883022234                       1
         268.67158147746        112.204107675868        109.059878513376                       1
        148.324639845009        66.4444242166724        130.595446556968                       1
        220.552136142538        112.303280322698        158.974985301162                       1
        292.532082757029        59.1852827708938        62.8770075776674                       1
        253.985065544306        89.3567794202801        23.8264460946093                       1
        120.778148218726        67.2037607416928        65.9334131633206                       1
        359.384652918912         66.600591205259         14.523648693073                       1
        313.554081547687        32.1163555041743        45.6898273320584                       1
        305.927079363073         37.914502479946        98.7552843537828                       1
        127.302187378028        106.087418247933        150.669872555092                       1
        73.2745106437212        44.0819672297616        86.4469448691946                       1
        308.437311811895        59.3606149541707        152.855408706299                       1
        85.8530080071084        31.5962367362945        14.7967835897279                       1
        380.153545305592        70.2594111174131        118.893611235013                       1
        112.587562767068        86.6069750214205        143.829451079878                       1
        316.239151644185        69.3144430296175        17.2007151225382                       1
        223.365270585043        93.2920345875764        57.6582037607155                       1
        276.536080056449         33.811462738475        106.404548076083                       1
        254.216263475062        75.2598162170287        9.00891765086519                       1
        59.0839641577451        106.658371307117        143.338694567355                       1
        275.591142970751         91.049203531887         41.208651582496                       1
        62.5224208648388        76.8958068980018        44.4744140595067                       1
       -7.27497807809275        83.2213230102794        161.900360036868                       1
        215.255641458066        88.1004437570067         98.597099848394                       1
        74.7398585155269        98.3962624387958        135.551309342068                       1
        236.993457544986        88.5861114332951        91.6016128027247                       1
        62.0865775989296        62.0387592262618        45.9746076077238                       1
          66.76894139744        37.9239627873393        19.2616880168125                       1
        39.9603295138845        82.4413297896607        118.344975998269                       1
        154.779258758888        87.8016572180553        208.589603243074                       1
        -9.4512576848327        91.5395725844117        140.878228639122                       1
        337.932299822637        98.6009347739579        125.129983171179                       1
         72.460630592929        28.9283166228144        48.6536675584032                       1
        37.0235964895113        45.8554478854177        105.207707023814                       1
        245.672909240906        107.249159542303        90.7390950777927                       1
        29.6057496564862        63.5529528148977        132.132741306813                       1
        124.323844588466        41.6396424473357        51.0789975080109                       1
        280.003827800733        32.3897383174371        36.9309053188035                       1
        205.326109841112        47.9896084559892        85.7249384194376                       1
        207.842203560519        78.3572220252513        99.4344913674515                       1
        94.2020357735761        95.2940739756021        168.751101660532                       1
         311.23665732765        92.6351880815479        72.4256035063973                       1
        47.0082988923723        60.4053588341807        38.5523504082168                       1
        76.6973744163773        92.8144343506102        74.3686730458348                       1
        274.842544119704        97.0107040150118        129.876734309474                       1
        269.160637726933        77.0803990166899        175.272919696222                       1
        65.9749022412716        45.7333307419428        113.514199382627                       1
        343.935781360426        96.6398687814942        151.596097838594                       1
        39.0136593758475        40.3814819853082        51.8342712740507                       1
        194.522211722103        65.9180484102508        111.939080603593                       1
        150.051933507417        27.1843717590964        20.3521318801449                       1
        257.321148651536        107.678874502676        86.3529370735858                       1
        336.199421304941         82.322415745518        138.484599828666                       1
        20.6715600630517        66.7693812459474         9.6741461988116                       1
        221.869310824141        107.533893022493        42.0015037620675                       1
        334.027459244501        58.8773287586197        168.410478419675                       1
        204.464077832717        90.1312555774032       -18.4833616623587                       1
        277.311162133236        68.5758958222497        108.744187724424                       1
         83.682818615536        74.5760866515929        41.1485839070544                       1
         75.665438260566         78.869410127159        48.0314382578744                       1
           57.9001492734        51.9459856921963        19.9197512402974                       1
        332.122746626905        76.0416487696246        154.199775525668                       1
        247.975503427749        49.3765800308576        27.6779981310956                       1
        53.7877324577585        73.3319011576136        139.735683685069                       1
         55.432339598039        70.7258644467045        5.60006939177804                       1
        149.598125330685        73.4355519311162        71.8019461873655                       1
        76.0467329197466        98.2275748855176        170.261951216399                       1
        184.899161707965        97.2354985148424        111.667952142431                       1
        109.898360680825        59.9252201677006        57.7023187525906                       1
        65.5242844269625        88.5520049995999        145.351304368576                       1
        161.955812908716        58.7801518946357        98.0030509328899                       1
        83.0288346670588        82.8853439554039        177.057992808792                       1
        273.142103809941        67.3853745637906        158.575163997331                       1
        120.777989508243        42.6412457877637        29.4679857772174                       1
        74.9107502063271        93.6792778056854         61.595748505351                       1
        82.2192835917739         62.348358836755        57.0122480176244                       1
        356.619997318147        39.3497343401479         74.150113020632                       1
        201.611666370504        47.0904486384437        114.461060272295                       1
        295.639229915852        77.6232398878993        122.603674930398                       1
        181.618002125964        67.8908151982442        156.095835434847                       1
        263.184563256402        68.1181129217579        58.5257009627432                       1
        232.340293894948            76.464328644        20.7935192034776                       1
        136.839601240619        51.7205163152995         113.39026598817                       1
        196.468176369953        96.4764871429973        182.656530000109                       1
        257.115890691697         41.821499433085        144.724853118913                       1
        150.342791539447        60.4634321272855        7.72169114874726                       1
         125.40320468415        20.8292131655557        60.1894942209462                       1
       -27.3731050430119        86.3802423336938        191.835855589079                       1
        169.987749281882        108.959526879826        50.1679032541138                       1
        64.4325188248264        82.3656445455608        65.5377989870642                       1
        251.917582248618        36.0799325041222       -2.11781338898977                       1
        322.932346726922        83.7366799200788         64.464325296568                       1
         261.06168845364        60.6776078667447        11.6983071950157                       1
        135.475488764689        50.9030772626779        32.1446186134483                       1
        7.57973590580356        74.9721084025824        174.026298828349                       1
        46.2281134383521        63.5902132047064        47.9347292714544                       1
        109.752155189766        78.8724468008919         107.59927261745                       1
        266.343446370683        83.3509149430904        150.424550789505                       1
        97.9988397738644        92.8092748518293        80.4896538915436                       1
        27.4307595190681        54.0552122491858        133.775760699082                       1
        182.234194981202        58.4226858954975        25.7029169801778                       1
        137.894561790305        92.9014316972591        68.5017423400835                       1
        83.7604975406508        25.7893999470874        22.9532295659382                       1
        50.8385055690122        34.5816899112886        121.155263935124                       1
        69.3334248196128        81.0076848752012         112.21357462779                       1
        22.9900640190009        33.5418954410658        79.1768164675764                       1
        268.169664686624        58.8426760595333       -23.7086228052966                       1
        324.600946762772        52.5031707018393        7.08185023289185                       1
        108.359084437438        76.2235524930428        54.3681513969008                       1
        28.7915534364908        61.9702625837549        21.7260979461256                       1
        106.315283773264        48.3052153878317        99.0410273250277                       1
        146.500665892363        39.3775409935878        99.5982464348789                       1
        47.7900905931597        79.6817233206722        102.266934277187                       1
        64.5670133118489        81.5427095648442        154.855935833476                       1
        251.671486699463         69.134971889868        65.3014242852283                       1
        147.041548437321         54.926922027289         54.652177304224                       1
        354.027299534171        86.4649243431181        75.9371612876732                       1
        309.728943200851        40.1762764382564        171.251652906308                       1
        123.164449245922        35.4946224008182        77.0480735614471                       1
        318.154745239702        72.8682400282398        132.846613821397                       1
         47.621893158518        62.0290581474234        114.143321258876                       1
        100.963291258575        63.7548088303552         69.418749273027                       1
        36.0024738182658        76.0632532333953        34.6003732942284                       1
        120.390634926554        69.3278472377537         89.934749099085                       1
        37.0292004531725        56.2363892599545        65.8636876998715                       1
         282.34834434901        83.5910639434097        24.6462420700356                       1
        255.139832456756        51.9241764957077        146.275250373368                       1
        135.517853381396        14.5866066624107        151.709595161958                       1
         335.40831710957        65.3467010047843        99.2586051477268                       1
        295.538839076272        46.5532742359761        198.211162776194                       1
        89.1159482664423        50.1273775256641        47.8118181878052                       1
        337.361940363829        47.6453304370317        91.1332812318518                       1
        344.391120283347        74.6275316954011        34.9097740431739                       1
       -6.40024780718878        64.0612588537803       -4.72669813739265                       1
        61.6721726293911        113.138649854951        151.972239292959                       1
        59.8418045749087        73.0128450609715        52.9175744633381                       1
        14.2741480509177         69.453545983266        102.114550757655                       1
       -22.5659223619235         74.517019671551        116.972876004634                       1
        151.085556412701        83.9668333762417        183.153576705877                       1
        257.142257093637        77.8159636157877        31.6996296444256                       1
        88.1495764595712        55.1045073314343         29.137780240935                       1
        122.915403624071         29.001414739396        172.458202238404                       1
        191.756948858942         83.969163190505        105.367543579403                       1
        327.953622324852        40.6000430021442        153.087932477583                       1
        150.678742615266        75.3856708744477        120.140068544218                       1
        315.363654323754        56.8304584142909        31.9349870602037                       1
        261.509891205096        76.4377828850287        120.659381150657                       1
        166.278161170293        73.0382632722108        124.949569034656                       1
        283.681855130816        119.311379704733        133.744734248428                       1
        120.454807347602        51.3395848964436        69.4559088251672                       1
        361.051672084782        98.0781577716381        117.664692131332                       1
        231.765926613383        93.1695816085381        1.51531200313133                       1
        93.3476932705565        51.6189690432722         96.442677406549                       1
        224.052377519485        107.251000136592        175.162486560422                       1
        295.189398030213        57.0899541644876        47.7551299026891                       1
        25.5862579748126        65.3760669803378        124.233824498114                       1
        348.703594913128        100.968809154672        141.224589089687                       1
        209.298713410818       -22.2489562797317        61.8108015411953                       1
        228.553368528561        83.2421581725682        110.981536223402                       1
         15.859812853169        71.8778344132888       -26.2139207586849                       1
        204.145924080844        33.5984388198114        158.776471253965                       1
        34.6756491092134        51.5228135990924        140.142625149579                       1
        285.040979792952        57.9657877072501        140.873066902258                       1
        334.366437381886        69.4243796250686         151.51702351551                       1
         165.98753311709        80.5809844339251        156.767554265796                       1
        254.133794156806        90.2063216480108        24.3132360640196                       1
        72.8885325550342        60.4991891715565         187.42929732596                       1
        191.374346783526        63.6033064886416        130.223042728045                       1
        110.657981942703         29.623201027936        58.2925283055012                       1
        270.541577681289        85.7029517922746        70.6732122334531                       1
        198.642857034214        71.5666297349121        58.7733271318943                       1
         18.593135221203        48.4364874807732        111.688108639277                       1
        167.340775633597        116.981273084453        26.7030927991365                       1
        39.2818204881701        78.7747073786828        99.8342195970612                       1
        339.383570653893        83.0442234784753        113.900986314342                       1
        291.058066944961        75.4806588730409        168.679210338926                       1
        110.285751011966        74.9974618453961        144.839369727828                       1
        200.609710990425        62.6994150852946        144.353430092669                       1
        196.276232505266        74.3747041746002        123.739701437193                       1
        77.6872950935664        76.5026880781074        60.5541558772772                       1
        45.5515257434441        32.8987870632294        104.449679933065                       1
        338.287226099704        74.5218972968128        12.3165153413879                       1
        361.935111295279         77.786656787511        170.281019563526                       1
        158.268395394116        94.3045589772359        49.1738850296925                       1
        126.590923817941        51.9474617373334        179.371645211097                       1
        249.579364253066        62.0930571017891        101.103970987296                       1
        104.411468728833        99.8025630542795        46.1953489942561                       1
        67.0495428186538         65.120550207266        77.3237967407513                       1
        359.852221883912        47.2159971620709        56.8968767614082                       1
        63.7567305042423        85.8263388220863        167.744209455959                       1
        16.1893618542474        53.3446452502914        174.086116158346                       1
        32.3970348335379        42.1753724998513        49.0271028626207                       1
        182.348263252604        78.6181360776289        75.2044568120866                       1
        274.564547852016        73.0113299410909        5.02968150169427                       1
        261.229560240104        93.6502961303775        18.7924649529851                       1
        235.405767903059        85.5434421931177        74.0420722035897                       1
        252.932541941339        79.0264429266781        131.704123116279                       1
        237.781249004779        104.962446963465        82.4815434729724                       1
        203.528271432238         83.251228252332        3.22402313589513                       1
        190.846540205334        64.9536415249307        74.6083373305539                       1
        172.712198607285         74.458334039478        109.361047470395                       1
        362.975959848993        67.6543270508945        83.6685510530571                       1
        143.761656822041        59.7950116368866         41.098694945195                       1
        202.012270142757        103.351205606336        37.4062205368187                       1
        314.617862575655        58.4394617908977        51.1313605866578                       1
        357.701740162217        98.2810150716085        79.4239406607447                       1
        18.8942076282317        28.3286879802375        138.653424434995                       1
        304.003610572591        95.9692718414741        140.514879640783                       1
        72.2222681552764        59.5308421200004        97.4763003884602                       1
        106.246673072041        26.7455583478294        118.353970936234                       1
         177.35094364125        49.0108164359996        122.299042264774                       1
        263.519417248469        52.9561626201371       -5.69757426165935                       1
        177.612664501827        58.2766003017051        91.4603076088108                       1
        335.993233252191        37.6143001039727        131.675522821954                       1
        56.2445020386069        88.4093819946636        129.546715148112                       1
        165.279673950304        66.1889599317947        79.8919624110816                       1
        71.0272456659631        44.8148328232723        49.9945890303107                       1
        171.091921526319        63.8468201327786        142.180945889035                       1
        29.6869487923504        66.3243111579212        37.5673306072388                       1
        314.499153050661        54.5488629110575        197.247544579441                       1
        53.1474164047063        66.7435821679592        121.677596622179                       1
        60.3443973878023        75.5475914323723        71.5792478101263                       1
        47.3477122214939        76.8867473456188        52.4101332790121                       1
        149.013188430154         53.804178326367        22.7018223847509                       1
        207.147986948201        55.7721741014861        41.9734738422675                       1
        52.1217647350392         45.777232280223        15.8796399912138                       1
        51.6939307885962         58.339248611789        113.809510850909                       1
        169.249653301642        96.1171045401954        157.929083512579                       1
        32.6216692898306       -10.5834992747387        146.869993231147                       1
        126.572595310329        56.9057444081997        82.4028706707674                       1
        187.337885624351        89.8712812448343        123.684543172131                       1
        283.166575632435        42.0448164376237        171.494835138535                       1
        226.684575729099        32.5667679862177        27.0294532710428                       1
        199.524670732615        92.5654882585116        44.4759240705954                       1
        41.4901996255925        64.2907903919409        103.741197962673                       1
        133.006007225598        70.4382597842158        175.880850774151                       1
        150.565254105255        42.2553796571368        40.7343718380227                       1
          245.0274617562        83.7681683730352        55.5769128396366                       1
        267.041404107312        49.3979973931465        154.441219384255                       1
        271.120748048067        104.324600221872      -0.462940926750178                       1
        323.226067631596        106.348648472674        148.614322095369                       1
        179.815619868084         85.076232461644        43.8192340619806                       1
        305.852753182521        44.8363293128855        39.6192241011321                       1
        32.9950454930466        85.8499787288352        94.7254603293949                       1
        60.3705193122863        79.7203668000789        34.9639229451545                       1
        253.035109970869        63.0387790063671       -22.2650583148175                       1
        339.495441289356        54.3831426942319        169.190775324446                       1
