TEXTURE AT STRAIN


B  50
        158.688798316724        27.2127487968929        61.5776652072598                       1
        231.394980789893        47.3826205937092       -2.92233992080534                       1
       -32.9837947229824        58.6812845764807        189.443414606388                       1
        180.980391858433        23.7798642875167        25.8924634094102                       1
        153.747039031228         21.224753067196        81.3249312591944                       1
         181.49568024952        13.6445972149361        42.2173483673822                       1
        223.445551688875        23.4392434344394        196.709174127057                       1
        129.873682720719        71.4476865712823        36.9780809198231                       1
        298.171319001455        112.303547453169        154.263428254401                       1
        376.357078911423       -27.6843662154929        55.8298962565945                       1
        124.563850127676        52.3708409148804        29.8982568336778                       1
        219.413081186222        34.5751969077105        197.303809025793                       1
        246.194694343352         35.684903262233        156.344323129535                       1
        125.335340547873        69.5428317402635        82.3961764112473                       1
        175.237533258306          40.07114667693        226.098126048441                       1
        221.489387301364        40.0641713381464         28.885272340888                       1
        221.498012120368        -34.546838417864        169.077793999522                       1
        194.394988138223        41.8401307334992        43.6591065055477                       1
        213.638776604854        46.5878552675627        180.514881685307                       1
        34.1087328247785        89.4542900866806        14.0333694720212                       1
        192.606541031926        31.4850582782749        42.7756585319112                       1
        143.196030397114        59.1949868964456        35.8668055841786                       1
        221.258127667487        68.7266363265846        80.9918723877709                       1
        32.9413318716561        133.220244532826        159.971809299186                       1
        161.775278178211        61.4890437469697        192.301660192153                       1
        142.224311425282        62.7758082239324        12.0047354831978                       1
        79.0454020137913       -27.4003439377515        160.646922121721                       1
        227.471125131951          10.22633886771       -88.1151958165699                       1
        193.707368572261        22.7369492520329        36.1433793519585                       1
        16.6058696056475       -44.4413196584112        23.8661539839744                       1
        224.535299039752        30.6972302734556       0.302487825542598                       1
        200.165355420199        32.2495911647656        17.2942206007261                       1
        242.626912046983        39.7628732862021        2.33869232049817                       1
        231.400690073088        102.990136116249        6.00787380353907                       1
        208.729747612688        9.51321980158329        216.481336506174                       1
        140.939100105071        43.5447342218658        7.90094607891546                       1
        149.718107445916        224.503172350011        160.795830663714                       1
        -29.606194772905       -75.9426530200215        23.9134871631349                       1
        53.4613381685835       -26.5453526469419         22.565402971617                       1
        137.227811639252        67.5220336469755      -0.186179817985024                       1
        73.8675802401783       -15.1157484137698        157.546318709859                       1
         123.29729734721        53.7608439374673        11.1721937355888                       1
        45.1187489646832        94.1238531944481        180.426166045636                       1
        169.894350459826        39.2669832359456        68.7534385970694                       1
        227.227338862571        21.2231819111766        168.993565748055                       1
        36.2539061036029        147.828876918097        192.216130352771                       1
        331.265512687927        105.153390343038        173.741087288066                       1
        316.866275542201        120.667753127335       -21.5784428147913                       1
        159.171623291728        59.7605686156972        -4.8882597703421                       1
        314.265839240524        100.381416852433       -16.0439884522663                       1
