TEXTURE AT STRAIN


B  100
        224.305392343122        49.9641181248806        158.950244251267                       1
        109.766234718037        113.752086851521        121.490896294395                       1
        184.900271853515        68.2665529653492        103.166659807677                       1
        178.329993452829         58.155206826018        117.627211017784                       1
        178.150900564973        103.266433596991        110.033383273373                       1
       -71.2273386422314        71.0343859214133        208.415954804103                       1
       -109.638356793627        35.9543471807415        185.075524079673                       1
        135.912476383541        119.153962839347        146.028429832306                       1
        167.526114463534         74.328597625102        115.662517151016                       1
        184.789186161767        104.008721542499        168.675293724362                       1
       -63.2870652685697        76.6971073448276        232.034733643836                       1
        256.609688569119        55.7344519600016        81.3795202249793                       1
        108.922877397996         100.14363235629        132.149494627881                       1
        99.7925999690804        121.558069747747       -43.2065721944582                       1
        127.917889124285        87.9496039508153        5.62868156177609                       1
        126.145308731854        102.245562347741       -35.0039618490564                       1
        269.194084583101         67.556871517026        86.3449339511418                       1
        196.357291383115        118.915238195106        182.470263283671                       1
        203.148022029508        82.8047454360643        117.148666012722                       1
        119.878225109405        92.7335591471023        122.865644450788                       1
        194.848599580936        91.1309789426967      -0.688418273059405                       1
       -139.394639907322        7.12367355761678        234.813277596972                       1
        278.396515318821        52.1112456061914        70.5676337982244                       1
        115.367919480517        125.478330272924        134.256231822653                       1
        191.874722703979        97.8723177806021        125.476093052032                       1
        112.244401570335        99.9494706648463       -12.2764406638075                       1
        96.1217784123353        32.6857578492707        18.6322997292515                       1
        239.568847964488        67.7894814496405        202.746714700288                       1
        199.913499107879        78.1346493985916        94.9953188135046                       1
       -50.7069032252992       -21.2745250873575        137.915774812346                       1
        132.142519241904        109.551573274363        129.916894052684                       1
        225.488447033999        83.5284000562408        145.905896298061                       1
        18.9546211257389        13.0357433290586       -14.6506230924757                       1
        203.038100179501        64.5323504279247        95.3952953400092                       1
        102.801929466806        37.6865076591199       -25.7393823125572                       1
        208.102054225604         93.384391299144        10.2170905272014                       1
          120.1423558474        93.5450355865061       -24.0521354025373                       1
        64.9175427496381        99.6033001379935        47.2172950691692                       1
        119.294196404191        61.5401137152073       -18.6544553006649                       1
        121.989460772383        99.5105663905683       -31.9153660894201                       1
        210.493173974969        75.8865047973584        240.076790215256                       1
        108.724061148491        100.454431405847       -44.6957245604092                       1
        119.240017267243        85.5855128110329       -41.7703944313042                       1
       -136.946225950277        26.6182174309181        242.967929449208                       1
        183.082704424381        125.544907249776        188.554904517897                       1
        303.777816284509        76.0534553257418        73.4842527802487                       1
        194.784696843826        67.8027406430117        112.944856340514                       1
        109.533775149743         78.992582483993       -31.2399336552067                       1
        125.156495979101        121.697605033664        119.429964599866                       1
        109.047319865509         110.57550193838        37.7368520239927                       1
        139.559826316493        106.434514827297       -23.8904207567076                       1
       -61.3221489572963        15.0108679114855        169.604280010872                       1
       -24.3693095190664        24.1745859415685       -2.16033993612013                       1
         149.03424332715         108.30885871595        41.2433870330115                       1
        186.436590888817        75.4254867487678        113.045589566854                       1
        171.401064933669        96.5204173349442         125.65893549741                       1
       -108.318808183936        23.0140472046265        199.268543927198                       1
        106.538226558239        99.0165301793771        111.958827584687                       1
        226.782852562234        62.9139066276845        244.421737921273                       1
        221.981055888793        74.2562604267924        78.6697957818151                       1
        172.487262218794        116.615804881751        175.493656002544                       1
        270.161365820427         70.153432731935         64.925558044694                       1
        95.4801465268071        95.4950170178778       -30.6445726054555                       1
        130.854730041037        37.9654047019204       -58.1433485133597                       1
        120.080700715397        115.813262778712       -32.0487537105062                       1
        122.298665586901        118.683123954592       -14.6868359706442                       1
        182.959034631094        85.6292754681573        127.213764161015                       1
       -159.379358558674        50.7501829695931        114.656958228967                       1
        22.9979300575155        45.0235059177205       -23.9352251950716                       1
        100.932990214535        119.135074553989        119.334190791016                       1
        177.477730817695        84.6896360441212        116.726335551536                       1
        127.942828855126        78.4953619286945       -26.7527336886348                       1
       -49.6602787404728        70.8490871071984        131.875714758699                       1
       -73.9931005607285        26.7115464303497         161.96623131077                       1
       -128.069160644607        42.9551841652966        216.611778124765                       1
        21.7076630941213         28.320121051293        144.882487190256                       1
        -58.977680866295        64.4607035983602        43.7796918044398                       1
        214.123264642567        61.0505111496639        227.020782259798                       1
        79.3628852493803        18.6031522525155        114.551626584117                       1
         113.73931420175        82.4141855263329       -5.27580216216427                       1
        205.027016347774        106.417464181394        174.635904558631                       1
        138.686622495372        91.5722343763558       -19.4894186703151                       1
       -57.2345582004429        46.2462528205761        50.7367703830619                       1
        189.954001130141        106.162167694591        187.465367278593                       1
        182.168889558452        83.9610655088025        94.9452148400657                       1
        191.820700544475        91.0817834897117        106.387632853426                       1
        168.552892735601        70.2136007874708        131.802310831414                       1
       -102.389546367498        27.8439595803691        206.395237618195                       1
        57.4026531801732        34.2397763673807            119.22231735                       1
        92.2473267079686        49.0858637257334        35.1523439215525                       1
         128.21648704994        100.699927339452       -12.5343639141319                       1
        97.9009385273962        91.4975530347081       -59.7611894118698                       1
        276.540401093108        72.0105440427806        51.1090189925423                       1
        185.975316604805        69.5473410408874        134.368256145943                       1
        -70.217160446672        64.3657458627905        71.2580799753207                       1
        165.559590523601        89.1920977102083        105.995736273438                       1
       -3.49479504858413        39.6659999737582        169.712258275204                       1
        104.063810961865        89.5397625490801       -42.9960616503904                       1
       -81.5654728521987        42.6972505249696         179.63858400283                       1
         133.88260312843        94.1861954222385       -38.8721496210282                       1
