TEXTURE AT STRAIN


B  400
        118.480002525992        67.1768834394594        140.783515257335                       1
        263.431160378351        46.7202808718799        102.705479255309                       1
        183.569892586549        68.0631869397874        138.345326786055                       1
        86.3863031005116        19.7684143163033       -5.62114822502711                       1
        94.4830216879858         112.45111531105        7.31913293117686                       1
        95.6003730090874        66.5123188784302        45.2033197247293                       1
        254.113026525475        23.0299966937285        47.2639550753034                       1
        132.630843079513        71.9281789996674        15.4509154428308                       1
        117.323908361322         54.643417274506        74.3730818055677                       1
        61.7168551985082        26.6164100050756         189.52408617405                       1
        82.8939712079078        83.4431153534656        183.889397319021                       1
        110.275336849943        57.4685237798349        60.7025557167014                       1
        115.771951715318        38.8673828318463        88.6650180525863                       1
        134.200106493232        55.4950636872027       -3.10646490092053                       1
        239.061348109897        46.1356752743988        123.530802954852                       1
        43.4838721190415        140.387671543064        65.6079074869571                       1
        255.737707583835        20.8995106476433        156.160291033894                       1
        247.604633496278        73.5834901452657        94.0178784891969                       1
        94.1438564868168        60.4875161421235        153.668697774492                       1
        265.082950077643         67.437096198533        145.410349927558                       1
        43.1053974250265        53.3658968149378        81.5861347927367                       1
        131.224777271557      -0.363435044039896         116.71807661786                       1
       -14.6774707492552        155.942387502678        200.806067723424                       1
        353.695257725983        78.4985906426445        151.677493716411                       1
        86.3406541176119        72.2310429545398        167.266213441956                       1
        125.788270517211        12.0206025531348        10.1863071825396                       1
        197.422563599036        108.238852150936        2.29595808895755                       1
        12.4071312602754        46.2447167455346        81.3690748796654                       1
        70.8663074424951        71.9815697637285        88.1198364920373                       1
        33.6017752347576        56.5049829038579        66.2370365680788                       1
         268.06012295219        75.5905925596652        137.473084879367                       1
        54.5397971335831        15.8917203374809        169.603909393195                       1
        163.891267786174        57.4877136376244       -12.0717433155902                       1
        2.25916097652114        59.2079990442783        84.6879198035177                       1
        357.448575942083        21.0570513293711        48.3227910747469                       1
        350.467438134129        98.5888293805645        33.2804271411615                       1
        199.737499870273        76.3879051017844        151.903612679517                       1
        152.126533603554        57.5867496532727        95.8614613186006                       1
        147.083099236448         19.061902646261        91.4218462117259                       1
        298.617009759571        106.690186234702         165.85213300919                       1
        320.104680403546        43.2541640079782         37.180148085748                       1
        320.593921820903        52.3502348239227        87.6298302726737                       1
        94.5861491027439         23.391477584059        116.907167279997                       1
        342.632192965929          40.07746972775        75.2240958693902                       1
        109.348008122674        52.9757968506455        176.794757303523                       1
        111.968179757103        11.9676422471083        67.5492514557898                       1
        64.8957681045418        36.5448275931177        157.338439183538                       1
        24.5058579985553        55.7531876458409          58.39286697894                       1
        26.2804412146778         9.7760764455656        36.4098918934393                       1
        76.5755484957229        39.5140339752198        129.459071180331                       1
        145.858267049814        67.4341074953745        25.9729115906399                       1
        288.136988024988        71.0546101288602        142.445012993278                       1
        188.327338317026        51.6470827549977        147.994468671671                       1
         283.79455894376        73.4137340830756        102.457949450919                       1
        108.068544522643        75.2459902064547        4.64802215433117                       1
        334.502241778309        56.6342689144137        90.2470029938579                       1
        329.644141790495        23.4263683839811        66.3808515003085                       1
         217.08902583299         109.72980309516       -0.23892810484199                       1
        273.175395557926          104.8620390019        126.065943569139                       1
        112.998042240108        80.9385193756412        200.535540807314                       1
        85.9062908170449        78.2789548261175        65.2148024735691                       1
         54.843599888517        7.80199057099821        22.6817833959245                       1
        180.961850176518        31.0689505547701        115.886129189051                       1
        280.281785103616        88.9319368225887        173.507286997527                       1
        89.2588706799579        25.5947158029361        52.7392655795951                       1
        281.707108038848        26.7123000986977        67.7539552182957                       1
        17.2462286373607        86.1040695245436        74.7959601305459                       1
        273.376461544353        80.5749516318125        125.116794933215                       1
         214.38831751654        71.4532010102263        43.4755040335004                       1
        148.164243059158        67.6006756591662        179.577395351837                       1
        150.875475210642        73.9663352108069        8.23337258533998                       1
        307.875194239118        69.2518123631855        167.456165100806                       1
        53.5831094026365        63.6596473271337        136.653713102152                       1
         156.61936404278        72.5857631550047        161.286054932361                       1
         245.42767864445        32.1139375563658        85.7626232297578                       1
        346.531683331562        78.2306004766181        41.2061553257596                       1
        82.8672266041139        53.0813556155239        111.812399536681                       1
        24.4493140265955        37.8353500600284        123.321379436198                       1
        12.3709678392664        30.3244361472471        65.8455923528035                       1
        372.798232426264        59.1471387481236        104.087316006189                       1
        84.0660670432355        71.7668992496226        11.2482781236999                       1
        75.0086303887542        79.4021437286238         25.473020366238                       1
         101.62221484721        39.0429705476429       -3.18743241159688                       1
         111.96777334086         57.047321499893        27.5216406873497                       1
        173.450953074504        65.5640851040843       -2.55853669201581                       1
         336.48959214777        63.4041425788156        72.3605721929142                       1
        141.192216817568        29.4157224582301        82.1998832879806                       1
        312.939962634159        10.2936520587301        174.835008946355                       1
        99.5942719719108        78.7215639452895        24.5541996553589                       1
        131.729063875914        48.0930125311058        91.2795834622367                       1
        62.4040757551779        50.5684354108923        112.744229759492                       1
        92.7270366090331         83.951961927492        41.7099693165652                       1
        327.205498596436        80.0215731267384       0.271598711904976                       1
        172.899241514358        57.3068027995664        141.456839541903                       1
        190.427942149857        65.2924364463946        158.729841258731                       1
        303.484691996159        76.6703907786587        104.656017277476                       1
        304.794905275899        20.1233859554184         142.34215382846                       1
        180.858507111351        102.302324948652        116.133526645336                       1
        235.742500130162        59.1540062613737        145.041686278038                       1
        249.688241683514        62.2605941851272        133.521192727032                       1
        288.014912769701        27.2463441761555         92.903384253765                       1
        169.741633810608        69.2864347406598       -11.8787603900042                       1
        364.698525345633        91.3023903163983        46.4304996319381                       1
         253.51144946632        21.7574820892237        77.5511750013557                       1
        164.832921799235        77.3439270571943        130.527862887215                       1
        328.484547474972        48.7562671593271        44.4121017900364                       1
        267.509019882132        65.9617155718356        100.913060616094                       1
        69.3611591510059        60.7621107716063        71.1565679148176                       1
        97.4970631747995        18.4842655265132        147.772708835988                       1
          281.6715887738        113.191772633163        20.5208974317297                       1
        74.0883867123816        98.0387879281689        45.8255342424347                       1
        154.271080304322        90.6694450662956        53.3149491185054                       1
        353.754719700862        64.6519525077023         77.065068124231                       1
        180.546411429544       -14.3993515744884        200.294193546401                       1
        40.2254352304525        45.3223105478185        166.409262954363                       1
       -13.4094743433108        69.0303662539709        159.700256012933                       1
        233.964975174231         41.994102279342        195.572513077407                       1
        15.1591163280805        57.6993972351188        75.7683147317497                       1
        85.9075911852347        31.6390029449214        178.069175753954                       1
         288.31107478901        59.5572741227045        156.511589687612                       1
        340.865143625311        94.5319025375294        166.181524840846                       1
        -8.6397928782665        87.4453969840817        19.1772124022013                       1
         178.09920455779        77.3611865292315        169.792147939346                       1
        130.534480719489        70.5137913863947        55.0388423207111                       1
         210.19949800514        42.4974235759554        107.518085542253                       1
        126.853716819424        79.3406735149356        44.1730264200684                       1
        336.870453879925        61.6291110968439        112.398235448824                       1
        92.4271568235013        62.3647104467399        65.1556138592957                       1
        296.599075379848        103.003076212878         199.86938419371                       1
        351.617920611669        31.0972175758335        34.7930235058309                       1
        58.4035756064717        82.0603934521597        156.692012876465                       1
        156.193079244916        8.28385166451443        87.1946898956739                       1
        121.070979140581        39.4683975683145        56.0287617999829                       1
        8.78631846314401        46.2109067150072        67.3927900209653                       1
        256.300864041297        80.1792953798582       -21.7209285813119                       1
        193.417518646918         41.786508755174        93.0732476781479                       1
        23.5152512321975         39.835656683929        41.5340849142941                       1
        104.618567461048        50.1198584451644        140.586803389963                       1
        97.1252434718046        41.7280732442022         152.29029606908                       1
        141.304572214735        69.9182765945048         117.01735972729                       1
        134.016993565559        52.9172272383844        79.7787589702151                       1
        361.410820741838        102.962087074904        73.9554364545077                       1
        165.233461805233        10.7738454859483        70.3262095411899                       1
        140.605891062922        68.6398908844423        81.2617286309221                       1
        301.640160567345         59.931669960872        129.802410370791                       1
        138.146673130787        62.1349900055208        11.9010843353795                       1
          19.40639280737         69.928627181256        76.8541773054321                       1
       -4.22823988478452        49.7590143082106        34.3287862780057                       1
        29.5833591980486         57.689619331517        80.9185538626595                       1
        263.617504527856         65.335230568344        132.220027969723                       1
        204.761921237869        38.6527335290849        95.7984815458886                       1
        342.846494961093        50.0207959533527        56.7811732398769                       1
        110.641736321112        51.2029738921673        159.054288598189                       1
        316.997247866699         94.830005916787        12.3804538663223                       1
        278.954036165624        90.1974850446187        33.8969461585391                       1
         87.680276714549        103.555232280016        79.4986018355986                       1
         33.957405060939        41.0087092102842        59.1936263065646                       1
        173.088697121461        83.4057077973798        63.3998985144998                       1
        211.291649595683        56.1746052842096        140.778316570225                       1
         292.90799641852        88.3955610318749         115.87002964497                       1
        209.648961226354        61.6779847702048        23.9739975790505                       1
        308.664444051553        27.8129916553868        118.495839837069                       1
      -0.739970131566555        87.0921515180089         137.06296954201                       1
        187.407409784998        81.7852961668196        148.938720708691                       1
        198.300784044191        69.4052965772371        111.280651741481                       1
        186.385823853126        92.1306303546047        122.631511573809                       1
        238.171673323238         34.241991028572        71.2338206810882                       1
        136.037223488253        71.2484744419361        30.7585732775539                       1
        354.477910833965        38.5767597119508         56.123386383628                       1
        340.948984105962        20.8397018882225         102.89925958907                       1
        187.458297783834        72.1290137561297        173.849295022518                       1
         192.72073746956        111.263087776923        108.723597234678                       1
        228.358847196202         35.391475481908        37.6841790948633                       1
        228.175169470417        62.3521283816767        2.46475278189805                       1
        304.178478150182        55.9052057153445         109.17242071539                       1
        144.374156038386        58.6281154820436         170.84821100283                       1
        253.624674593903        80.3447946583354        10.5556517465368                       1
        7.90629264484057        51.2072016111484        50.8501068189609                       1
        117.864809932414        65.5881641042079        166.357671503683                       1
        336.322227283963        94.1101862954826        165.140208763774                       1
        95.4018038416981        46.9643529448454        58.5831801577072                       1
        200.699787318846        92.2345179743528       -14.2292154595887                       1
        -51.330706667988        112.573086503032            20.460955657                       1
        138.893321171604        45.1484862091772        33.5448423815053                       1
        325.674701532053        30.3215353679679         45.218649028626                       1
         131.31472050967        56.5364745360582        193.381060884644                       1
        332.198843111716        37.1898777236955        106.820968604269                       1
        37.0441720052969        75.6115589303244        75.6585284147832                       1
        287.972845339392        77.3580992209802        129.463220221894                       1
        198.481030296308         90.666218487186        14.1947527833928                       1
        208.429917644693        26.5022193642726         123.46752824035                       1
        279.788821951303        77.3479813000954        16.2571844944297                       1
        193.687955506735        55.4147107413511        113.723284804375                       1
        224.182664740241         21.561895598821        17.0904054171097                       1
        65.3176173206952        79.9001599950526        177.610858141056                       1
        339.579917287414        80.0109980359365        18.6403454947606                       1
        73.7923111677087       -7.98032238695293        114.566580667249                       1
        221.487215231217        50.3030962503727       -14.9331329777017                       1
        148.324625560654        73.3552313563687        54.8582779406499                       1
         110.21333424451       -11.2770027245829        131.959059530049                       1
        222.797263864217        14.3665667602516         28.185010365875                       1
        257.985205567993        121.099975819617        52.7079775819432                       1
        212.830261101771        35.2596266988091        34.5001930303711                       1
        210.585595788816        15.9151441335895        112.251570541692                       1
        200.600096109456        76.1479248820619        165.815921230652                       1
         327.16350310185        91.4595542771631        26.0336082379413                       1
        349.729093725234        61.0143235021969        143.111995095245                       1
        245.052754512152        24.6404253015201        20.9584397621654                       1
        360.813134452124        74.7093174067618        188.016998281192                       1
        296.042609275137        33.2084220678293        151.573047158503                       1
        357.653799242824        21.5891813462979        70.4080921382769                       1
        175.910722459279        75.8155203413105        84.3766239793082                       1
        268.604301026415        43.0332679566638        136.094280616379                       1
        335.369364006306        48.4847277000814        172.085546338516                       1
        153.289081852744        57.2881798066841        197.874340167651                       1
         209.47118309297         30.161182014205        101.533628296189                       1
        340.409584102936        96.2772162681395         186.26753250643                       1
        162.156343177458        58.0183208297395        78.3179209834166                       1
        294.785866377404        91.2757855686862      -0.778091444083908                       1
       -6.59680994366407        61.0541000074146        23.4041976052184                       1
        226.569369760544        68.9371174847269        127.617106221374                       1
        6.52323699469386        29.3727065057401        53.8254475075666                       1
        286.058112422988        95.0037632559408        122.304182129873                       1
        310.136039761286        18.0176263735331        49.1434498612716                       1
        60.6958068229714        5.54199537495814        100.424032338944                       1
        305.939821332106        40.0075370861707        118.502324366545                       1
        24.6054700855701        71.4577168297793        55.2027238188045                       1
          107.4508801325        50.1299526855462         51.848128683988                       1
        28.2156782764481        69.6272692960019        92.7130014754567                       1
        3.02634357781652        68.8235439632086         71.158594373469                       1
         204.82773102006        18.9703061639279        97.7441526623131                       1
        260.615052329127        53.0762080698063        117.813841120256                       1
        6.83541489674536        69.4519545940507        144.273954382507                       1
        279.096828374862        69.8899014784843        117.904553824633                       1
         230.45604683155        111.207040956545        145.600195253547                       1
        80.2293729129892        97.1545459964068        15.6960484239844                       1
        240.922918936754        71.3892218150136        153.807205056582                       1
       -9.59149569498292        67.4840494393909        94.3300303228792                       1
        356.736623818887        71.3712807592565        181.390651181451                       1
        316.353939479267        41.9951353928894        72.9065002813114                       1
        95.7812926279808        55.6088621666498        36.9970142566155                       1
        266.951856284151       -13.4029787261081         57.917656808076                       1
        52.1412120080961        64.6501447573541        195.645577257819                       1
        149.961648587048        83.6473940903709         4.1099153026318                       1
        121.608973019499        67.9172916402615         79.645520552811                       1
        102.272390658304        67.5474789684412        126.629930256526                       1
        133.559205259601        86.7546906291338         14.353069305063                       1
       -23.4423509044305       -13.9140262942643        96.4868782630479                       1
        158.603776699543         103.39602825804        67.7447576377242                       1
        155.184161615923        81.6189718342114        186.328540081124                       1
        28.5808290401456        61.1585666021567        60.9945467558276                       1
        166.165106009626        69.0247125247921         13.475703027707                       1
        343.379289156852         84.813924640556        6.91903195619097                       1
        300.792822269942        12.9082073076671        138.037434408185                       1
         234.86785493911        10.7782835674308        71.1383816580402                       1
        132.686436025245        73.4580277855315        150.580833853865                       1
        125.069563824617        34.3923461711497        133.238236551459                       1
        101.662183368321         80.927247201247        4.50167002726119                       1
        82.9986359648925        105.204236012701        175.131406655355                       1
        172.605800545957        69.1332543863285        158.379341507387                       1
        251.279922610206          34.30100582972         105.18648029482                       1
        185.328737633926        82.9119196559473        156.158962919457                       1
        352.535915218947        75.1445566981991        129.065541298497                       1
        194.052815343637        8.22490409911859        68.2210925958816                       1
        323.682103801595        93.2137480611229        112.267475110266                       1
        139.061816637271        108.987536319028        25.5632912252156                       1
         147.62898603333        42.8846269796033        160.007508334182                       1
        234.009544215409         -14.84267350964        130.662522418033                       1
        298.874846024179        87.7632287243863        39.6363636232327                       1
        151.864724879778        59.7341526367063        171.899697289468                       1
        141.135292685445        75.6924832072378        2.95222399287681                       1
        294.370046968821        78.3534676879482        111.375684575573                       1
        40.5278536734622        69.6575133575555        65.7074101431439                       1
        259.853504122737         89.383964563493        81.6932219324483                       1
        333.855255283831        105.599335539925        19.4405095764067                       1
        216.748350752279        40.5023057977066        14.8987535083895                       1
        295.927451682216        3.51499412392098        19.8025695164148                       1
        127.662332428034        72.4167826271939        99.8764288818541                       1
        188.075617084473        64.7414353752466        93.1566647932117                       1
        77.2360001220679        51.0383190385541        52.0891546492431                       1
        48.8486828967226         55.963492719821        97.6496343420207                       1
        269.079981710207        24.6665305827792        52.3845052934043                       1
        186.950275632129        97.1962696832727        91.9945282361898                       1
        58.2157369615009        95.0588675926083        36.7095290596092                       1
        339.387541277615         34.691754602847        118.796941269276                       1
        120.808811468223        72.8086933266959        177.379926503823                       1
        341.612031801473        57.4485443159895        180.247294087688                       1
        139.276845711168        85.6886494213635        84.7512105056966                       1
        267.196578710791        28.0883971645257        167.608995718602                       1
       -9.07962097891422        88.8488542751163       -13.7113379650632                       1
        76.1233397774893        88.3805645291857         84.104407618492                       1
         343.00278968737        99.2898373890884        7.97257775054762                       1
        129.422193814616        12.8393326915311       -41.5310948982931                       1
        130.997575119331          59.49510063927        43.2126345882677                       1
        34.1929945631821        46.4147848025865        56.3787440233005                       1
        56.7224667608509        46.0340579524697        8.78680628324117                       1
        127.136259234504        56.4105339980711        20.4680814800931                       1
        288.997574275989        16.8522024370106        141.625489534471                       1
        229.414738471004        28.2267037190881        86.5682393583364                       1
        144.852282900599        54.1370849912533        198.006138917787                       1
       -4.98529104815814        95.1404907797146        181.330120037576                       1
        163.544539786197        89.6508030568067        125.920778392948                       1
        355.162885394669        48.1059772207896        77.8234743269542                       1
        197.040122859053        10.2053178171042        94.3823624437309                       1
        11.4513404521345        65.5241683720164        57.3593098032844                       1
        41.8713981147763        55.2345185920894        42.3109762786595                       1
        146.686264202228       -4.45779006827867        106.931173514979                       1
        33.9506779002995        21.0804175691092        108.451107860777                       1
         63.096124344735        55.5235515105071        22.8886875760319                       1
        129.384809207369        49.8087205640951        29.5984886013641                       1
        333.507801125113        63.7668325988141        144.427169766171                       1
        191.045457067748        101.679287911562        24.3505956405444                       1
        280.290073143543        89.0693889942625        106.320564920528                       1
        148.113416133699        72.3570254811907        130.327177310949                       1
        275.064427770627        110.908175198688        90.1631064514675                       1
        331.229344856442        73.1366607950689        131.612071205704                       1
        321.833986259446         69.732970807783        60.2449351182929                       1
        121.697372634521         60.453104312265        148.795188637004                       1
        194.463056285161        13.5989717418944        149.617508473023                       1
        36.1577896359736         95.919852025268        174.939555940502                       1
        25.6922613403933        57.2822689259857       -5.10118988777708                       1
         211.97374294148        53.6751755895693        39.5874244364742                       1
        237.547914139481        57.4447660743212        113.809073277839                       1
        248.794392653429         18.623111548338        96.6846190215363                       1
        159.149734029388        17.2804963700231        146.403343767396                       1
        243.682667581052        81.6188757253104        29.2683618084912                       1
        31.1951064859344        83.5490132862439        159.156921742082                       1
        110.928781113816        72.3972121899674        68.1750572194867                       1
         341.23530893015        78.1709721582887        151.323272409768                       1
        46.6928564710428        37.1337000944039        113.818335003916                       1
        320.359624194608         57.001705532452        112.607604420887                       1
        203.955015580331        73.5534807811997        8.45906288764872                       1
        59.0524720078166        45.2925832497109        72.3086144392413                       1
        83.8450975990074        36.0041414909629        157.651954873953                       1
        93.4381863847186        94.5445646973662        167.042128206139                       1
         108.32193656967        30.5252341555773        89.0063863607384                       1
        46.2220897721263        13.3167919768935        36.8685405249268                       1
        134.409317360278        61.4834487798711        19.7543565284051                       1
        347.055064550917        44.9049825254241        104.801448478775                       1
        87.0972492595813        94.9514151108678        29.4105199157777                       1
        122.910746896188        39.5464353517357        148.833687366413                       1
        129.907986952332        22.4910936655281       -1.22449777294863                       1
        206.422036039772         22.889974607959        78.6294349883394                       1
         320.27685330114        4.71600301178044        92.3671954428087                       1
        33.8220118261379        26.0092693294613        43.8674269148812                       1
        329.970574801351        75.1184248689795        39.8406907498301                       1
        107.042519565499        79.2658265454069        40.4724282974137                       1
        317.385687729257        57.0120055421034        59.7500484466793                       1
         74.220414078301        63.4575899086474        139.504564684383                       1
        195.038576328874        27.1809348607238        30.0554434910092                       1
          15.18918426178        44.3639520233661        87.3314712533146                       1
         88.244663184423        54.4787022151411        59.6207901460838                       1
         255.59975800317        65.6247094514019        120.861349916062                       1
        194.379698502712        56.6264785418201        130.042212009643                       1
        34.8282896382166        100.921978522037        155.960977508958                       1
        186.398503328798        23.7789232914163        45.7126621479695                       1
        92.1219648446367         92.078695844519        172.951322328924                       1
         286.24090946418        61.0853297460031        55.5546123238267                       1
        312.311127056477        91.0785115734003        145.741093970683                       1
        364.330162210654        56.5047218056763        171.914159637115                       1
        116.982676482559        56.9219334132069        32.4018536255908                       1
        352.083442097258         10.804195949827        199.893997650522                       1
        113.047108188775        44.1928774059936        40.2560943079286                       1
        270.275552427234        61.6513302722784        117.458172611467                       1
         215.90578509269        61.5754595922451        174.415208465017                       1
        119.836784580778        54.2991132907198        10.4622282933816                       1
         265.39086008991        10.7787127566344        12.4462279196773                       1
         291.05473490339        44.4224089652417        99.5835806567546                       1
         88.059598752165        45.0199394530022        177.060294532546                       1
        317.638226480581        20.6433443773338        19.3798654297964                       1
        197.368742821658        77.3829499258818        66.6462962711101                       1
        31.7988024961788        24.2125495485661         31.893039942495                       1
        203.273991011204        95.4271473816358        119.560986626959                       1
        259.011477350071        7.81263645112769        68.7151280962818                       1
        232.699266885012        18.1584026387316        14.2603535764978                       1
        217.431458676602        21.0837553282341         100.17797200876                       1
        162.775343008855         66.203788256973        5.92229331995342                       1
       -19.4281190920555        61.8072831481789         163.02538414348                       1
        165.452125987883        73.0392664263523        59.1442215050397                       1
         43.398247870472        85.5492810622082        13.1487212157478                       1
        240.072595791871        48.5035915468938        131.787870025836                       1
        211.922807744118        55.7499642079006        89.8593782924718                       1
        251.137484112487        65.4226363897541        165.457871287354                       1
        266.998455298895        92.4287054236474        149.619637690264                       1
        57.4453559595967        29.5834822502163        172.338499620836                       1
         283.17039501478        55.8563137100236        124.601274479515                       1
        183.216971442914        89.9649291006227        166.629295977795                       1
        153.637336215597        72.7471852688631        146.369357354414                       1
        326.438311450555        85.3951633174567       -2.29789987974752                       1
        109.235342554831        29.0278281172136        122.595164894818                       1
         167.13569365845        95.6708433688274         2.5033194606686                       1
        88.8670126934563        45.5700289796549        74.6186522208123                       1
        356.068573842914        52.8137596359848        93.7429479089542                       1
        279.058451259007        77.4340154421241        161.458636266387                       1
        228.628857077383        75.5484556164855        177.490022515518                       1
        60.8410301450099        35.2947994640832         86.062956503284                       1
        107.054393661912        62.1479233366662        101.365788331706                       1
        124.723680469194        83.0331107453085        75.1923445032589                       1
        113.656695979068        66.5652291377206        38.7858452926573                       1
         103.93835140593         64.907013892985        174.464779604366                       1
