TEXTURE AT STRAIN


B  400
        11.8944074035403        40.7118596269824        161.420820666498                       1
        311.621173576233        72.3150964931176         194.03843458195                       1
        187.069068057548        86.3631680467316       -5.76197026426486                       1
        192.015101032004        42.2228912002166        106.257103868302                       1
        366.131709504959        17.8608284682042        102.840617479885                       1
        328.287300556384        53.4257107383093        86.0714631581811                       1
        101.730475383315        72.2242258872802        139.064136942309                       1
        279.945837277985        69.2412265830119        29.6064904605709                       1
        67.0099226806875        43.0138820381453        108.149884884186                       1
        -15.672469012699        51.4803048877931        5.65285944375028                       1
        82.3052904182732         76.851394912145        91.7907563399358                       1
        199.901979504514        82.9631090322981        70.0446468160107                       1
        161.390594269578        13.7175717941455         84.405239924753                       1
        310.258996874286        18.8589787324848        4.35416378884347                       1
        278.191086799176        69.7573004522622        122.905267264092                       1
        266.891178039099        70.9464817441409        50.3313537116862                       1
        151.632495652049        70.3145866227116         68.325272601607                       1
        264.648955200813        81.1548875648861        140.975528940507                       1
        274.310816974513        68.3603911851731        72.8422775642689                       1
        299.633723707903        47.5590201886679        41.2937776917447                       1
        43.3443808814102        90.4583566874266        38.6665584069018                       1
        97.0699652200324        66.6897695227205        68.2500805291694                       1
        343.094284148381         87.750125731538         1.6239267063137                       1
        205.709156778271       -3.49424906901406        2.13639893087509                       1
        8.16634415955047        65.6906881205606        140.594731896986                       1
        109.337889252842        108.772917813686        156.118585257886                       1
        293.704070465995        74.6088865388216        66.8273082159638                       1
        224.094284615856        6.29419190975585        73.5209760606725                       1
        58.5469220687356        29.3803486494628        121.819669823773                       1
        237.251719810873        55.0709406306102        128.472476507084                       1
        236.852048085157        88.6772489337575          98.57376541071                       1
        283.410295899665        80.2024588005529        107.393764627313                       1
        80.3197941435388        76.3840593933371        168.006085661235                       1
        13.3524080215884        44.6085377882851        25.0418313497435                       1
        31.4036224699955        32.4526342991873        185.907490875011                       1
        230.479164372361        88.5143814782368        118.638113255413                       1
        306.770869603636        8.48825966017112        62.4465066661838                       1
        111.375514613589        18.3505368860053        120.754446343249                       1
        286.088974723121        81.6610940666012        70.3423932879859                       1
        99.2476518260848        41.2223739002879        98.6082354548813                       1
        119.673718026329        29.5523933938248        180.859863155507                       1
          221.4050209057       -17.6277087901631       -2.54589029713199                       1
        171.593589188662        17.2020183376001        122.498946703845                       1
        131.396214178193        14.2570731078235        151.339533422665                       1
         249.93693743618        57.1418925642275        151.965817805951                       1
         257.80046267827        86.2838897682134        123.239326647225                       1
        290.158473462302        61.6884743149162        74.8068970916556                       1
        315.913369050161        87.5659053689488        75.2423671358953                       1
        204.013526767181        91.1525756606601        103.389244037169                       1
        144.068379622027         103.03874385641        52.6847246987163                       1
        153.205696611222        1.87731341220629        197.342492474923                       1
         222.90518419768        81.6992999948807        77.7538861911872                       1
        276.198691612445        54.4192743872025        91.7419535860826                       1
        94.9288251118606        14.1721709336829        28.4682901010962                       1
        217.255379726817        92.8605440821281        131.745884005913                       1
       -7.72760397569151        36.8935868517095         21.200098607469                       1
        97.6718291307204        44.5775787217551        80.7953022416985                       1
        371.818647340481        58.6333447399251        53.5509757755782                       1
        301.826101493215        80.8764456528822        52.9557538053914                       1
        344.711683269387        99.8503856540389        18.5216004260139                       1
        81.7793828016408        61.7902353968766        150.214826304245                       1
        277.600178802949        71.7553385314106        89.2515805483672                       1
        121.448811673383        66.6495568240326        143.357738228855                       1
        166.077231092722        88.7224838546525        55.5749489279125                       1
        314.722923964957         61.421602436651        172.020827475344                       1
        79.2461555443066        91.8940972713978        40.9927287650975                       1
        113.403534271793        115.025263377197        117.701936054271                       1
       -20.7584974809919        22.8301415674181        93.1119659055256                       1
        333.191179862934        74.7237569434589        42.1668958046019                       1
        50.9172810585726        74.6445995153496        54.6109013314758                       1
         245.82118110496        69.6090473663428        33.4242173061581                       1
        230.715739871701        50.4000323578045         154.71815928569                       1
        96.2593728327803        68.6474238459122        149.502464688947                       1
        40.3443873892896        66.3216106106592        154.055159319985                       1
        158.598467716998         23.913517256765        71.2590984312651                       1
        96.6588110886985        82.8860938842401         161.38809115917                       1
        273.160731570095         96.253018704903        144.409055529844                       1
        340.403277773975        66.6058844396091        64.6467709505629                       1
        192.183492409893         99.460195839657        192.954675841993                       1
        225.995960243043        66.9697533693483        45.9200762463708                       1
        156.390999880916        61.3453369464331        167.665294508754                       1
        333.104319645801         97.596866840383        171.577231865203                       1
        66.8887485777039        57.5504805754376        122.757616542922                       1
        185.791557654342        32.5813089226725        121.672967997868                       1
        237.023199636286        67.7427882663846        170.627470105676                       1
        301.630605638831        77.0027977367444       -5.35126616393902                       1
        237.421684339769        87.1140525464504         158.64348394681                       1
        264.434134256593         12.260276317948        61.7709061203553                       1
        70.4829507845656        35.1895432906137        175.817373417068                       1
        56.8037780428105        39.8479990529516        63.0661746964927                       1
        140.107286242849        100.189905157123        157.757434240688                       1
        172.299383933636        47.3164477975496         114.24492393077                       1
        321.185627300187       -7.44428923350516        49.9894259113865                       1
        139.804995411824        45.7987920363719      -0.676155503353976                       1
        281.926529214453        45.1466736562032        21.2351242723282                       1
        291.472960593621        52.6444101742024        116.597442302452                       1
        66.2664944188514          65.68327734719        192.292777788491                       1
        276.136743284648        81.1331440438162        45.6503174785308                       1
        36.6693010197543        114.743432942427        100.830564798316                       1
        60.1909533986281        41.8693919258916        6.80388358171852                       1
        231.751862383172        76.6255321625912        69.7373174317452                       1
        327.775679470774        37.3167295049614        8.84872377821963                       1
        242.622803332338        90.5267145790068        136.954329701894                       1
        320.106821963423         44.197669228376        33.4245235464679                       1
        20.3222898371811        43.9980271656689          54.15599382608                       1
        183.804440850398        87.2870296304493        136.464959307451                       1
        213.523690423775        55.8134079008874        6.58871907424817                       1
        333.928536948485        35.9620966544339         27.881496601111                       1
        25.3080310301469        83.5132234372853        4.83438488218993                       1
         193.15109909998        61.6203151988273        22.9237635596464                       1
        270.322781136657         67.803423119933        205.271281748987                       1
        286.366799988731        49.3012603550032        22.4923082559512                       1
        286.050794167993        98.5183709471126        37.2189409620934                       1
        69.5949610876786        54.3071509057769        167.698937178219                       1
         65.374846470325        77.4397858713535        158.560326102048                       1
        334.829873630442        57.6448670924786        176.840593564658                       1
        209.276693534805        39.7085258627848        108.659310882911                       1
        269.059273485258        87.2006599591286        38.9273452042052                       1
        333.265430780813        69.5109497537817        7.93804519922887                       1
         332.67225363258        23.4352666770216        22.8004469940809                       1
        263.356859631504        65.2838938365523        131.516277207204                       1
        260.521273982478        57.3539191734059        119.354872485961                       1
        87.6835007859453        24.2011337880738        81.3088394051159                       1
       -3.39929568466961        84.2013381819729        15.7461185113033                       1
        171.820188541509        79.5231525826417        172.314949040327                       1
        306.781175949878        52.6824449433992        43.8664750807282                       1
        243.037408454291        99.6261528958042        154.690561593215                       1
          203.1660066237        29.8834738856032        133.236507214383                       1
        276.885089856715        45.6585995692603        173.147362400335                       1
        321.230475022472        62.6977061084418        19.7626807117036                       1
        102.783097558112        60.4944693057374        18.6039581555253                       1
        157.122443215119        94.4737274055509        152.754273050592                       1
         80.803289413915        57.9555363372503        103.594028336679                       1
        296.933022263726        53.7053432825134        172.610981909012                       1
        361.004898557943        25.9003669377469        55.4831100014363                       1
        115.323052215705        113.658713096767        146.868503695277                       1
        208.427323361944        70.3830732770283        75.7934637112699                       1
        162.300612494414         16.200850825579        148.170442822321                       1
        226.010295987362        73.0759328695744        82.6208754197409                       1
        237.391828396658         73.062250181307        131.732904398885                       1
        81.6796839592493        48.5278724067718       -2.89121475395689                       1
        87.2488496693932        61.2881650185318        47.8589266248872                       1
        326.381311984623        13.7016017168195        150.825657158799                       1
        334.513756828235        64.0601540241281        23.8921384766041                       1
        357.657421291741        43.0705414504946        122.684045475981                       1
        295.627438376469        99.1122519274217        82.1444743025302                       1
        27.5205987741136        24.2966225171392        91.8729376384574                       1
        -3.1906907455116        66.3910192187739        177.914363647862                       1
        87.3009981931633        76.1722669478453        61.8842492811414                       1
        97.3690969445198         70.947999537284        111.647513630123                       1
        195.723594880684        16.0664757306151       -2.97473974200602                       1
        336.724099884293        42.0074901113903        21.7825000549526                       1
        298.091172974314        36.7175038802107        68.9181470886607                       1
        87.5787375423933        64.8199364320675        80.3590356201314                       1
        104.101658248001        92.8593966804265        132.721270273574                       1
        238.978427798833        70.4295470329936        -35.682423136751                       1
        317.730123453424        49.1604272950611        184.880147155804                       1
        176.276362430091        94.6548774806003        162.120507941173                       1
        248.593545195152        34.4116846114894        46.1545930639621                       1
        190.988923573579        25.5872641813377        97.1850735414381                       1
        239.852922687663        91.7270747000183        131.542734181818                       1
        84.1121650867321        66.8744260080649        144.429280396909                       1
        205.928553379778         24.432320688741        117.733804580388                       1
        326.273935059477        55.9361386236998        149.391502259258                       1
        277.423207517073         66.750715015296        12.1096468904329                       1
        274.897283241332        24.9296350196042        148.179503772326                       1
        69.4799406079225        104.471043620193        24.3203445594016                       1
        58.1207927396156        57.9834235336327        77.0083316302781                       1
        193.386878806779        40.3263904863484        140.407706895538                       1
        76.7320789405828        76.4032094524081        37.5001424948927                       1
        106.877614050614        -3.2050073536349        124.254043253781                       1
        353.830320497488        106.161590989086        130.965952765178                       1
        67.0625010872938        13.1497712094862         62.744061994091                       1
        290.276838166673        91.7449324551523        57.2291622389344                       1
        153.086837587459        73.2763781664435        152.457518934808                       1
        119.764094951431        25.5901656603622        69.5231426212825                       1
         350.76290569215        39.7957114953009        75.5009043206786                       1
        232.060940575055        79.4931727831931       -22.3005902574753                       1
        171.964870876542        112.308092717547        171.041279743997                       1
        73.5496321942997        54.6916435103573        154.605413734034                       1
        254.330902330824        85.0552582812143        176.805956655611                       1
        38.2320386247783        -3.1027291107677        73.6253549866091                       1
        113.255751040984        95.6972115630012        146.469018775675                       1
        310.169017600899        56.1511871067131         202.26343095195                       1
        350.332245326024        68.7559792138332         72.646296746355                       1
        276.873392261986        96.1291654496674        128.004047890458                       1
        314.333306288913        64.6712669890229         50.438794566071                       1
        86.0886589377443        86.3802039581389        143.765149935735                       1
        72.4596576338108        73.4228071007788        128.691971987283                       1
        214.654160230745        51.9995990736538        93.1474126042057                       1
        155.404784363461        41.5765083497564         142.58693589872                       1
        11.7250253942777        77.7759206601965        116.270816333538                       1
        269.592726156307        82.1484316429317        24.3625835212997                       1
        350.217660745419         56.599086347189        73.4023714454276                       1
          211.9211983226        75.3706966278195        91.9452002372559                       1
        327.783270873796        84.8659018372307        133.893258257818                       1
         26.558873741057        54.4408627985166        33.0788348461876                       1
        276.061260759915        83.8852025993465        11.1977397522841                       1
        294.921709697781         52.868444236732        126.331466267165                       1
        73.0660965403178        75.3566856223339        48.4582603929779                       1
        195.563039149575        61.3852327448192       0.804371500229332                       1
        307.729620549312        34.4882677278896        40.9256010338702                       1
        239.643516435841        56.3289260868735        140.553762468585                       1
        342.415594137091        78.1333162278858        183.610136964117                       1
        62.3661184764442        75.5254290380523        92.7345982189821                       1
        97.5413705400015        34.1506764802959        99.2959113336904                       1
        186.287194437521        71.7456052316876       -3.36725251202262                       1
        125.128602769893        35.8458547242945        83.6934301317365                       1
        27.7222453346916        115.092752152101        155.080638725637                       1
        255.490947071298         68.890061114655        136.725028018934                       1
        80.3459056739026        83.0661562044092        24.9040215945251                       1
        17.4938749568471        85.8827326969151        66.2940005125028                       1
        347.566333733534        16.8887438299374        32.7076069400592                       1
        79.6255577087478        54.0194279273569        70.4998511605767                       1
        280.288506117256        82.9437929342495        59.3082121340716                       1
        61.5557890715511        58.1118697550376        111.360788595515                       1
        348.197044704396         80.151879921286        165.775948135615                       1
        24.7760717101153        33.1125716073594        214.350905112629                       1
        276.889654832423        60.9107906039048        5.95348079810199                       1
        186.143818371146        83.0287477037172        29.4752683468585                       1
        163.141759132909        74.9945023812393        118.158024043621                       1
        242.682724430701         84.779461296695         142.23050426711                       1
        51.5061048904432        45.1229261453056        181.409607337776                       1
        294.618089656191        90.7459861106909        19.1266126169437                       1
         144.43598754201        82.5939586573508        57.7452080035977                       1
        6.95281572495585        55.5017557574463        76.3445395281004                       1
        239.306988308646        13.5316790046425        46.3898778954969                       1
        170.173471531559        36.6710851237527        33.5127952556763                       1
        177.641399358708        101.170146372964       -1.99739579147196                       1
         340.82088843478        59.8584360180693        86.8242265193844                       1
        81.3039922120272        69.5762901538508        106.514103327373                       1
        342.108887410904        83.4151044794849        64.6103776031821                       1
        353.769604875641        71.1505365578342        126.932401282293                       1
        39.1886536581327        99.1479888891515        142.287217312788                       1
        246.102214899711         66.672386948186        57.6920281676631                       1
        95.9398400850277        47.1729911150668        12.3476788575119                       1
        42.3254355233745        77.8538978432832        34.5570137501094                       1
        220.817751036027         19.639636711975        125.013034519211                       1
       -1.42604033326279        82.3854520877082        139.606286491081                       1
       -15.3905360268964        16.3169010934738        138.958292573267                       1
        62.6533397900476        14.3306801395828        182.963480354997                       1
        315.034122346513        74.2764420948334        63.7075131281037                       1
        201.054008008537        20.8028536138403        65.9831164630124                       1
        89.1695482991172        103.093453355655        75.7190887282879                       1
        21.1887206042975        101.576558232084        168.563705017827                       1
        43.5783388857562        48.2244495717162        27.1773340062836                       1
          330.6475080617        76.7413602293537         109.51772299511                       1
        185.192228048873        58.5918476603069        103.079570166834                       1
        222.476843134949        65.5750790918968        13.7391531499743                       1
        361.975370578566        85.9070715345699         78.337977721128                       1
        106.280829807968        64.4700969158952        118.748797770824                       1
        303.557477881914        24.1905624974462        62.9143060742241                       1
        173.792715784162        37.7432060685776       -7.93500396449667                       1
        175.769639934997         64.983453698682        127.735409326559                       1
        133.020484977769        82.8743993800583        40.5831433357195                       1
        14.4663394527914         65.007072173587        174.472775756231                       1
        75.3835265631997        94.1589302188401        120.799372178072                       1
        363.356078109073         46.599706834163        176.149131933569                       1
        63.7146606918255        69.7677323908117        143.923344971995                       1
      -0.844878553772261        27.4372111040799        175.442696243915                       1
        189.099362029905        18.1858489685194        151.883479384328                       1
        353.349088085306        54.6011287089786        14.0186964594638                       1
        202.089537066539        40.9549282653157        24.4725735216741                       1
        11.4573957637077        44.9121441829547        77.6737973340603                       1
        80.8234642937524         30.796569163886        94.4834029674148                       1
        310.361671509397        29.7902241867371        129.673020306887                       1
        75.2295947425091        73.1262180224921        141.826357981607                       1
        286.789375494733        59.3714482377789        157.515211107778                       1
        301.457615433092        84.2852232571145        12.3530463308871                       1
        49.3759915769329        49.9565240300303        160.686758440114                       1
        250.969906224808        80.6860519020295        199.684071365926                       1
        304.762322326436        71.6343435217757        71.8038003907752                       1
        192.104785289087         76.530157363583        190.387529376358                       1
        304.298832226538        37.8973938054014        55.5274719063463                       1
        242.856885759448        93.9582830368894        112.897051437512                       1
         353.74048812698        62.8830749528825        90.2530355297163                       1
        224.757649751468        36.1563932358424        132.120257105911                       1
        106.126418436405        77.5193922479356        121.841508305963                       1
        248.289208292114        74.3136715793933        141.499190787512                       1
        295.335851297561        68.9869701720012        48.1940829553549                       1
        194.137413281297       -2.24727851777125        130.530870822633                       1
        121.893245946679        87.8455535268391        118.426407210928                       1
        46.9818739933779        80.8683387989438        149.743458928263                       1
          302.2184280473         55.841988214665        50.6168191153148                       1
        138.618073909739        20.5494154227786         31.636880797945                       1
        185.391184313641         95.327592995877        1.89969578651629                       1
        135.207982216249        85.7852554206872        150.955313406797                       1
        32.3890876542552        99.8734217633361        52.1086743391786                       1
        242.027446984765        31.5379193478673        159.296941491137                       1
        68.5855796730732        83.0980205654788        25.5617701688528                       1
        259.715884287557        54.3103373985059        134.408292386073                       1
        171.106374365533        80.6575066111958        99.6408963565155                       1
        106.268553082392        56.4185338431299        132.041371577336                       1
        256.197562635931        86.6376122438425        48.8995415839867                       1
        164.952958258433        59.1062609509193       -6.22485128716114                       1
        108.803540640049         73.916322861996       -2.11369938360176                       1
        54.9619053536865        71.2815575052706        40.0149431316342                       1
         19.907943494381        28.0873020052927        93.9848457862929                       1
        63.3025449428045        93.9324994803554        144.340626359272                       1
        80.4658699279894        84.6031301595299        155.146324955849                       1
        189.572430966282        56.8091481085979        82.5951816468197                       1
        170.645074818462        22.9245748803464        104.014833971277                       1
        360.241417771858        20.9857949519875        183.829150699105                       1
         115.81608345776        52.8547583588585        56.8210992145217                       1
        46.9211676664255        30.3295602315263        61.7402040822337                       1
        244.522350167452        19.0358129167268        59.3856402076059                       1
        109.331463034035        51.0940288406985        108.974503273953                       1
        175.144006746293        35.2422152413881        97.6751443314422                       1
        282.161671620064        63.1427029305573        105.575644255902                       1
        259.207651054181        69.1344491541157        12.6609286699935                       1
        173.767496711975        76.7323770200217       -28.2504872763654                       1
        194.030229993178        71.3953953970302        85.4636546570507                       1
        86.2778576903601        52.2012255099726        139.483151208781                       1
        73.5084424474329        89.4643093339072        60.1906557867647                       1
        186.235368377589        48.8813903927493        16.6092742625211                       1
        263.835493215276        17.7153956459859        71.8534134572072                       1
        28.4253014836922        66.0117321684381         33.618843350014                       1
          305.3830991909        66.7673383723786        3.97251177296803                       1
         207.40414194252        14.6420622940043        102.320054032617                       1
         44.799704980268        44.3749644431101        82.8422533559822                       1
        209.099124958091        57.1906502749599        150.866098388528                       1
        185.369348153563        34.5171093989347        138.435497775566                       1
        349.165853934967        33.5448011720704        136.597953750767                       1
        42.8304669795917        26.7865838677358        8.14476782806653                       1
        156.998994919852        20.5708270436145        19.8605064773256                       1
        95.3314661154416        59.4251972523567        112.986962392241                       1
        145.763065169202        63.1297429360926        162.700808980292                       1
        92.9843758842538        88.2250194916783        81.1612210776928                       1
        250.565914576637        21.0978781240763        110.073988551919                       1
        255.046405877293        74.0184291277792        122.972811075089                       1
        147.341771090316       -18.2819388421305        11.4752341597215                       1
        227.016795912573        57.7131556636219        83.9355620039349                       1
        218.109880554541       -8.87626358062303          73.56529447841                       1
        161.930509719878        87.0279880127764        99.7093873655785                       1
        74.0732132762547        56.7124845569856        90.9033105355776                       1
     -0.0474013389649108        55.4301356831725        133.381081964657                       1
        233.415117526217        73.5675713260078        22.3119266904695                       1
        60.0466219211702        61.9265446336496        6.12647803696356                       1
        368.792866913181        64.8695053809285        160.841586264977                       1
         75.762470236668        45.6252159893148         101.30799700796                       1
        292.128461232425        69.0523155768642        135.681324381154                       1
        33.8636699550128        34.9464853528538          18.47885231848                       1
         266.25997342881         68.518223846867        178.272295399261                       1
        342.877018305547        44.1420555673874        61.8608048795113                       1
        193.609894646835         49.206062409108        118.021671103335                       1
        91.6698255869973        77.2274341082364        125.615382757712                       1
        303.670348418934        6.78623257884264        153.619022056657                       1
        55.9156394436897        63.5610597452469        170.180533366169                       1
        174.288931349088        78.8743347200759        169.187611285874                       1
        254.410366770805        74.4985261996445         45.435839171449                       1
        78.7269754000505        71.4629866914146        -18.230049158672                       1
        311.206890157148        68.3760362085918        39.5029829168556                       1
        287.973394450579        22.0991036100444         12.697702364139                       1
        222.430704159783        38.6554402097015        80.5510624530904                       1
        126.410948096078        99.8066265921645        153.089764448665                       1
        278.508611341687        36.7380127026246         103.66493014594                       1
        171.294815391636        62.3821942175221        11.1370959364742                       1
        112.593350332405        98.1902940300566        139.275360313019                       1
        40.5458686629893        59.6563984294813        66.2281593156568                       1
        364.201113145395        66.4422887082746        63.4494937621638                       1
        87.0693978251019        29.5678949530621        158.632560580337                       1
        164.587620735817        52.4537634920941         133.15762222164                       1
        296.912919743936        63.3322865767283         190.30437731343                       1
        134.023387736656        19.6872228294092        154.452742668079                       1
        205.896946396882        123.495945378054        30.5188979880337                       1
         23.176202154814        23.1369737121596        143.758371956273                       1
        151.530533535598        36.4411436735867        130.691820495671                       1
        58.7609324459919        15.8763764293309        48.5317448888149                       1
        118.792556905835         75.998711402203        128.369461102017                       1
        385.971717360341        70.2697261021873        94.1261846387769                       1
         12.429255140112         68.622791367016        19.5364894279587                       1
        161.504817193563        30.6115199483232         150.00937669924                       1
        212.312938148365         31.916484985562        69.9899156749164                       1
        267.765712269741        54.1983054025967        147.102321934798                       1
         263.66407215054        82.8752788983598        197.459022797327                       1
        153.629137694884        83.9719101199429        168.517373010222                       1
        83.1986818537492        40.8016269728967        79.1754088523804                       1
        172.686865703338        58.6232547888693        79.8011527423716                       1
        196.788909699788        102.357298971207        126.143623312344                       1
        269.892657464082         84.666074361834        2.86961057602817                       1
        281.833095046918        86.7632629725651         122.08556237966                       1
        90.8455301974819         55.889457941738        158.084439839162                       1
        168.035613286722        100.408708549307       -23.6984156552512                       1
         22.510026265834        45.3999485761773        87.0655744941135                       1
        216.088996173019        26.3168717555859        154.189494369129                       1
         68.648156365586        33.5893003138752        166.924233861111                       1
        317.147994824714        37.7888425451292         105.00174057438                       1
        179.174445556677        100.244083901477        115.088217200463                       1
        129.534845099342        66.0067423674514        63.0993897394409                       1
        93.9503182144985         80.827392425578         95.990230572077                       1
        106.676466742546        103.901931539871        175.271969056144                       1
        77.9605397656404        13.6041486536959        152.116135931704                       1
        185.510609655018        79.1593129215152        64.1509538787637                       1
        394.422118604372        50.6531987071923        171.759665912245                       1
        280.739523943623        21.4619103065875        119.261606413029                       1
         218.80243081968         18.855095796903        60.4002686138742                       1
         230.39498774586        3.57826846920112        82.8871681808677                       1
        66.2721570830389        15.9164491175659         115.98771456167                       1
        313.607677279689        53.2788684833771        52.2199434116172                       1
        210.513017273882         47.492175219143        60.7201069506295                       1
