TEXTURE AT STRAIN


B  50
        44.0887571187205        127.843937564401       -64.1752358607536                       1
        217.749443140907        87.0008540600562        229.718598451971                       1
        223.358161963231        86.8587355892431        245.449252901015                       1
        223.758509325758        75.7318343749502        140.718339734447                       1
         216.18795623006        69.5021890618363        159.318121783913                       1
         220.53583805349        64.6525413803442        175.704551306201                       1
        193.493453733602        85.0911931794005        47.7545191684905                       1
        257.178749960184        41.7865451241279        173.001701229993                       1
        85.4977626731141        139.523432166521        28.9743706823084                       1
        231.191551049981        67.1092736518229        54.3192426638462                       1
        202.158269288353        73.9491281583628        184.516678772775                       1
        393.126794929736       -82.8490007174166        257.897599063952                       1
        230.402915517494        70.1394270491862        251.173593125407                       1
        100.886402542021        146.552241594676        58.2711475445559                       1
        22.8775016614184       -58.4514656767421        71.8326048381763                       1
        217.881599096572        71.9311715190854        240.729886600202                       1
        30.8925256667676         117.64990187121       -42.2833040698186                       1
        38.6325615994431        84.8760520290572        43.5724575114622                       1
       -155.605682535117        59.4891361029089        239.716005931886                       1
        272.587521385122        54.4079819933331        339.008981892832                       1
        24.2611825861916        107.648066962148        33.2278255080925                       1
        257.238050063909        23.0176180513874        276.530319898431                       1
        55.0610006431825         99.136828922451        -53.762961116245                       1
        206.430433288495        89.3233485151295        152.256149543459                       1
        377.424391078463        92.7980054988672        289.919175900996                       1
        242.814130465727        53.4584398398593         166.67683169498                       1
        392.753902731584       -86.1558661402119         170.52671626993                       1
        226.846757503433        74.4324464680666        220.958716006686                       1
        329.963453165906       -105.702024566806        28.5563830214692                       1
         193.86112013378        252.211834049099        97.6509694536937                       1
        389.532547084541       -79.0051584699352        36.4258098922583                       1
        30.7660924122538        107.226742500489       -69.0005571237769                       1
        375.233885210641       -54.8935081843847        178.874545382949                       1
        200.856162676048        76.9323491466516        238.074646189495                       1
        247.264778719724        37.7267913309178        150.668224859072                       1
        93.2955298284723        158.257153299392        35.3013850573685                       1
       -149.953971484238        61.0896428954821        262.874088939805                       1
        212.779789003337        76.1326304091388        52.6078999069675                       1
        233.309583138468        32.2052133436434        178.961317768466                       1
        30.7558394507316        166.625877807112       -129.348349039892                       1
        206.268964689191        93.0552205933006         60.645978695068                       1
         188.64842363301        70.3973293498328        68.6168795777379                       1
        107.205041516224        131.122841047475        54.3568835781797                       1
        9.38435919115656       -64.6795700738286        231.840745935355                       1
       -3.45383861612638       -19.1035787493395         178.93994332006                       1
        199.490132582095        73.5737743958705       -13.6420175541529                       1
        224.164603997101        55.4379165147666        227.594581436297                       1
        264.244621590247        56.5770503870103        326.019330451773                       1
        226.770463585237        90.3043665181557        155.513776975198                       1
       -70.4732129951711        35.0816189210257        140.319014600232                       1
