TEXTURE AT STRAIN


B  50
        114.707191664807       -21.2101861878732        -95.204473873995                       1
        182.128241473086         127.79889945049        78.7636469552714                       1
        181.132578783421       -21.4714526559784        105.361675897636                       1
        336.664410964022        94.1000406927166         136.39916015666                       1
       -14.9184281957373        41.3047998599379        142.717306551399                       1
        135.080915337328        108.038994700993        202.257695182896                       1
        152.628807544838       -32.3138480300549       -49.1421335816583                       1
        161.452677930419        92.1732491129401        180.091991132269                       1
        321.624081792702        99.5372972997468        21.9791095833413                       1
        296.708872968104        75.4152219352916        127.527516873961                       1
        25.9020576504952        52.0831785246313         91.161365784977                       1
        148.836541546957        99.6576644904466        165.454210500523                       1
        18.5345291780773        40.1947901366029        83.0968804629952                       1
        153.040109535747       -76.1366230697531        142.021704477812                       1
        307.479492136398        101.966112781928        149.908146598026                       1
        94.5114648922356       -43.7753330089532       -40.3712370825828                       1
        143.094214020261       -92.8313148415012         -39.60537080652                       1
          142.4931430251       -27.7361134527239       -22.8857004748557                       1
        10.1321954178014        50.5885467901492        116.197067897699                       1
        299.789481700031        82.0808374428996        146.750408195501                       1
        335.142037848101        105.374295272852        191.079217028959                       1
        336.369513307515        93.2891805919213        156.145982236101                       1
        185.358052124686       -38.6803800205402        112.982776225028                       1
        134.086615021425         94.763932646878        52.7246985103721                       1
        315.322336983131        87.7549554339893       -22.5887403927555                       1
       -54.3070199077054         86.813883796829       -41.9286489783287                       1
        133.513092774135       -68.6097642716575        138.827300847366                       1
       -16.1229804296681        53.7429281743826         129.19054035241                       1
        266.888833636562         19.043064643665       -92.7852036236679                       1
        277.404804237126        31.2407280921278        119.637641667677                       1
        314.696433503263         81.988767279853        107.063438965669                       1
       -38.0699446039408        76.8745476880078       -3.41503025121587                       1
        125.747423768513        77.5793880817847        53.1170272490759                       1
        361.439242281463        21.5164174181337       -54.9650695911109                       1
        -34.056966498003        92.7889868283368       -59.8527754362251                       1
        308.541224551445        75.1456648137097        268.570630170487                       1
        30.5322569366085        40.6789061176066        102.545260733373                       1
         144.64637163187       -21.0545568028144         38.835517506472                       1
        315.833581158738        95.4076225338318       0.578239013268626                       1
        123.595386736285        88.8922360546686        195.731220866063                       1
        186.796737338977        146.146124359961         47.798730187565                       1
        149.790130301641        95.2419369746444        194.771711287488                       1
        139.391022572399        92.1601396693412        212.176817668273                       1
        177.282818150345       -36.7842895220194       -64.0269604982045                       1
        144.467096552422        76.8230056562288        193.599545926436                       1
        330.819707865888        76.2004982942122        124.380485550168                       1
        135.813700085669       -5.34730047967342        51.9884579736412                       1
        140.526372092278       -108.065691255803        -34.963471284268                       1
        348.751931419491        34.9464921991797        101.599504922289                       1
        29.7767017450886        30.8958180017162         88.568441721482                       1
