TEXTURE AT STRAIN


B  50
        102.316800999419       -61.6839149592808        -35.313945953064                       1
         252.57473911255        60.0533827482507        80.8889377791888                       1
        177.618956900825        47.2799542119346        58.2034197762951                       1
        455.090150679574       -53.8368919412909       -52.4457932761429                       1
        268.673596502799        56.1723016475546        149.039737268192                       1
        282.337081486803        37.1635708514649       -30.1491724460423                       1
        290.635856487342        24.4280605892161       -249.464728185715                       1
        261.215827667785        38.2090662557858        -6.4806903288051                       1
        264.764626525915        67.6927311632488         89.070762871807                       1
        465.606202354457       -26.5128997610459       -227.101079740481                       1
        246.163252723809        68.6517154301736        99.2834932567698                       1
        95.2427222820114       -75.9550455696956        71.5707060323682                       1
        157.573819200951        102.402110735668        72.9828515101723                       1
        263.986397610012        84.9123342503518        103.097144648302                       1
        205.282978939131         152.26753469547       -28.6675139690877                       1
        85.9895829658153        112.637942212882        196.222830134389                       1
        482.027730751028        139.020264798043        424.708830719733                       1
          273.7592970334        57.4260958723605        71.0310717255789                       1
         254.18026616506        31.5786465768042       -43.3743659468679                       1
         79.296328567641        118.223507004961        45.9754243041295                       1
        324.648832517734        84.8060016817238        214.933502289935                       1
         439.57972007733         -38.90861317451       -21.5027779598554                       1
        236.465377324024        41.5235582612837      -0.273938927150202                       1
        282.358797007237        45.5183480456402       -46.5706082166692                       1
        84.3462658274505       -46.5863681287944        117.192875505826                       1
        255.230973084653        69.3751978505405        153.858270450486                       1
        194.051684242381        139.726499060421       -22.3547030476043                       1
        603.455360495225        19.6558398782621        -16.176936497443                       1
        243.809739966316        49.3172313932656       -33.6790492322695                       1
        262.623040685518        230.905070506525         19.996980764803                       1
        247.589198973345        54.0763696733796       -3.36495124368616                       1
        324.757336186519        79.8385383184769        271.594773266162                       1
        459.270946024146       -44.0567678488822       -36.4009842913757                       1
       -28.0959644816649        95.2649120432974         97.717923447805                       1
        252.582994239853        37.7842500053738       -26.4392144196678                       1
        285.920898185172        40.4194562054924       -67.2012754791416                       1
        256.977271246005        82.6545655269098        85.1871910856174                       1
        255.501850792369        52.4230367865067       -25.6447060216646                       1
        251.054094984471       -153.448413060315        188.032847735405                       1
        61.3738510274277        125.746888533073        196.648980920389                       1
        289.100927405978        60.3092042236015        123.779238877835                       1
        281.585765686062        73.5096124195293        87.1418361915527                       1
        230.304021254821        37.5126094785973       -10.4035773250159                       1
        475.401669458476       -52.2510253422754       -44.3522173631242                       1
        267.204031659142          52.21378882086       -88.0353579133403                       1
        257.802904915344        48.7610819162209       -39.3144193642618                       1
        89.3998109962529        113.239291858589          218.7179025994                       1
        454.475138747172        147.437291168503        402.453132080643                       1
        448.045601124693        138.700816118885        405.721664614779                       1
        281.845112799941        233.232088247163        380.540553645059                       1
