TEXTURE AT STRAIN


B  100
        218.837265380041        51.3243654066891        255.638481911866                       1
        262.445883181824        53.2942986332996        174.518466035998                       1
         213.92097600865        38.4478864860326        224.366653953796                       1
        193.431391947833        95.4346843384566        72.2822062073703                       1
        248.919246465772        47.6149163570211        198.884406025517                       1
        31.0146683974104        95.0238321857412        90.7401956853267                       1
        42.3099594229755        87.8959155650311        94.5318941589973                       1
        222.152203681673        70.5164706746529        218.661731470483                       1
        417.973464667337        82.1061315705263       -19.8298752381634                       1
        205.893896109409        72.5406296097209        80.2306974596328                       1
        268.401036303683        26.5190822904334        206.192694858912                       1
        203.347121199377        53.0993739641473        67.2498364952929                       1
        55.7486560580573        100.192702182148        102.556138696845                       1
        214.644970965892        75.1144740808772        111.577997525311                       1
        195.078416511396        84.8002004905969        101.605940700351                       1
        372.879447871339        68.4357701035587        91.7344898549797                       1
        216.356255425247        66.1245092935777        96.8190179747446                       1
        47.2972889912116        88.2571943521225        128.410835505655                       1
        194.974721440454        75.3368294681451        114.754585994379                       1
        275.824414454387        40.2821426902165        179.413098312303                       1
        35.8478770863909        93.9047322794862        111.335345717613                       1
        406.022155960949        76.5259182662077        91.7628769035181                       1
        220.755097624937        74.8650213444898        83.3798764601982                       1
        70.7195863266449        88.0973331885631         124.74762263944                       1
        240.981962743525        23.7330398839668         199.92678871332                       1
        179.626808357999        61.9216913734553        86.7280411852064                       1
        181.417732977261        85.5794355374816        90.2177619866611                       1
        73.1424649234152        71.8707732912352       -28.5135961965619                       1
        19.5578389964159        99.1734601598274        100.967375896242                       1
        383.274498544596        73.4822312496501        113.936789738416                       1
        192.179313331974        96.0749505420776        112.985404189325                       1
        221.603938626451        68.6345165198833        238.221581252551                       1
        203.093783588809        79.7870886928979        218.060931093769                       1
        49.3425577644709        99.0305603631307        82.1873965150284                       1
         57.057762076002        100.914289801864        122.733835532068                       1
        194.875200904531        96.6838632939101        83.1358423757756                       1
        237.001608945218        61.8539901683375        214.955141789132                       1
        197.170146715565        66.6835873940178        69.4969862072375                       1
        193.589498886509        90.2234873678073        78.0174828353235                       1
         207.65933363223        83.0525025874254        99.6782043354665                       1
        199.566607325233         93.298808258525        96.8903903568568                       1
        205.012365600596         74.726037020336        79.2629691775899                       1
        168.181645961319        77.7842629508694         89.559445167206                       1
        174.000531134382        95.0001987533129        79.6306740964251                       1
        392.723940113163        118.012486051097        102.961489696003                       1
        29.7342594452272        103.753273884289        84.7587292886208                       1
        200.144417862932        59.5729493964584        50.5402805410291                       1
        38.9718836994461        80.5940832944299        77.7587462446545                       1
        59.2844320040968        116.287618634629       -14.8834310745466                       1
        87.7185204316502         93.682209512235       -41.8352962285567                       1
        226.971402805186        86.7388597336507        68.9261448136081                       1
        200.083000632758        96.1024944627761        91.1846289060196                       1
        177.378017925929        80.6530920715737        73.7897751386169                       1
        144.339023115408        28.8681392045018       -63.3704507750667                       1
         236.76855518349         36.853961786167        54.4846420148596                       1
         194.36940946629        56.9937069718892        88.0049438033993                       1
        220.608859621159        67.6594748673365        75.8614415489738                       1
        185.198837426366        93.0757384832105         63.440048903788                       1
        311.305750368287        44.6813636137752        78.7479212162511                       1
        184.259949341774         99.527488958666        97.7545077409338                       1
        7.56889926739012        98.3497026133824        104.081185003649                       1
        250.649689687152        38.7796034287483        26.9299970565824                       1
        182.031873293389        67.9822993384721          106.0314214615                       1
        208.051853865783        101.740327611327        53.2084951100762                       1
        398.436340509803        77.3474735708141        109.366532624412                       1
        177.427494685604         87.325900719036        106.909549815217                       1
        205.094306150306        84.9579173736363        77.7427242212176                       1
        71.9348846769763        98.4846968120033       -21.8670385987637                       1
        196.989629895959        88.9055951569681          61.63624624813                       1
        85.0010579411523        76.5578994327246       -50.1755009590253                       1
        227.151289113862        53.7226639363694        226.493660276022                       1
          211.7811923528        71.2517197978451        58.6264856716128                       1
       -4.62325075382512       -16.9194819963652        98.0490442999039                       1
        66.6143811939924        84.9807969267339         -38.71589887633                       1
        201.154655062159        68.9103459414319        92.9585371319242                       1
        413.792438470241        83.8442880469631        146.669503872901                       1
        198.061088425118        78.2557647063125        62.4280713364607                       1
        218.706309070478         83.831344233893         46.426724475392                       1
        189.776336289311        83.9745202213803        94.5583042668523                       1
        224.486833497602        80.1307836648553         201.18748009833                       1
        365.546171158547       -71.8879673449985         76.747420759616                       1
        216.520924351105        89.6878821731242        212.015187189921                       1
        212.582740252978        86.4056184310356        51.8913985575915                       1
        211.406973723446        88.6435249632456        63.9782936408604                       1
        186.454318381562        74.9039823472275        50.7629704699534                       1
        34.2384839812641         -25.46438641654        244.634579801474                       1
        207.119264005704        94.1109228680706        91.6200664069644                       1
        391.504935023045        69.7060305725579        94.1758196119426                       1
        198.284605759619          77.17341884369         62.630188242974                       1
        248.207063887164        9.75252226338335        217.093137933928                       1
        186.051367032983        37.1533514369373        83.6980297336364                       1
        234.996414216482        79.8114207872224         217.63847397608                       1
        90.1108426071005        49.7701082980848        82.0090396770715                       1
        209.062852079723        92.7239766021484        111.941093635403                       1
        382.960084673039         74.060969482475        76.8776250027928                       1
        189.655598590778        75.7814089576083        92.8570829196191                       1
        389.636735584143        84.9446839917062        98.8712289352324                       1
        73.7826490346353        107.534825013741         -39.68045838294                       1
        183.790029015481        107.103341186789        69.8744841519262                       1
         200.15126753801        63.8445526887768        101.892391336396                       1
