TEXTURE AT STRAIN


B  200
        629.394101682534        23.3709073092753       -135.977185410378                       1
        338.060716263163        100.039228320482        163.873444491358                       1
       -14.7083862577405        23.3487094284482        215.880414660359                       1
         251.70612802218        41.5328132216951        2.10056409499372                       1
        404.888079022667        100.029586483874         61.215957624857                       1
         299.78991574226        95.1065465580872        133.677766622484                       1
        118.488988324484        49.5389004101627        207.106411214394                       1
        114.279106573748        92.7398280261187        42.9265745410579                       1
        272.853181855711        111.717306216002        17.4372972647028                       1
        280.537872909829        45.2527739209413          158.9851274159                       1
        264.133958924314        94.1981247643977        134.506265733059                       1
        319.907653712046        78.8698541816489        130.360406733617                       1
        72.5789307044472        69.1357331802069        156.312160122157                       1
        226.823125152599        31.1303238917491       -33.1002520546106                       1
        284.702463606641        98.2485672419648        125.605564008414                       1
        96.3654044094191       -11.5218453678048       -13.9208111168506                       1
        170.986916105151        74.1939932070223        25.4204420288883                       1
        255.465971210038        56.6244284663359        42.7364618067789                       1
       -37.5521722993148        22.0062454921163        78.3376521660522                       1
        147.329780355972         59.607372320398        152.834546347101                       1
        252.299623045011        66.6107066366018        6.74521227442791                       1
        195.272704530958         98.391241482256        64.6333609467156                       1
        248.323650365458          34.08441147674        115.924145420256                       1
        173.857171464498        5.21323919368273        33.3245443006095                       1
        315.034864560633        110.641261418289        116.364313115148                       1
        222.243651055036        46.4677305993016        76.1298565883971                       1
         95.982337302401         79.998086449676        120.712639199439                       1
        264.849150647408        122.294816758319        102.572184089727                       1
        314.983175110671        79.4972562485735        44.6032207344804                       1
        272.475999800674        99.5396516931316       -30.7115097689986                       1
        421.592032946406       -17.9778094845913       -40.1082469424927                       1
       -35.6107881259781        16.6079909792938        138.023628028909                       1
        6.34494474871044        45.2326931335794        136.114426811099                       1
        271.036125619031        79.9600593395105        161.289957055632                       1
        79.9707948327869       -49.2417642115494        17.5448220410094                       1
        331.643357998067        103.465721015722        137.075508798692                       1
        318.600927662128        99.6771535153221        127.224989233238                       1
         230.68132564724        23.9896625995436       -51.7230444587893                       1
        445.993004755216       -39.1944421231237         4.7912432264946                       1
        398.654039471664        108.819809321069        37.2913996554275                       1
        233.139766378119        30.8378219686497       -24.0817213255304                       1
        307.386522656551        111.820734484544        143.194607710567                       1
        260.362262258926        53.5639753859078        114.513239483674                       1
        100.456620103734        85.4224972103784        12.9529614225718                       1
       -74.2367813004897        36.3647401099805        250.816513838886                       1
        179.518263097653        30.3959863245281       -1.78317635110429                       1
        96.8034340100766       -9.31537385193125        29.2976497405976                       1
        350.395004793901        117.756965377083          93.52912060377                       1
         118.08443984518       -33.8401274363571        154.567975782781                       1
        206.440010817959        21.2720854103301       -20.9369461614085                       1
        124.647279875719        65.6343056127528         155.59553453696                       1
        253.064777092542        58.1148551118843        18.6510560018484                       1
        328.479775943029        87.3637844217937        140.758428792029                       1
        249.782556119531        50.2590295706071        133.777350375199                       1
        218.774507278115        60.0380029222007        106.238058073395                       1
         328.93156389127        58.6458611086512        175.800706759037                       1
        253.760323269431        25.2492128140261        11.0574100650329                       1
        -62.243709458617        21.9742370155193        178.234998339673                       1
        315.915290832947        117.177360557296        133.921158584463                       1
        239.302725655829        26.1251472195473        -91.176145023521                       1
        155.089209734378        41.1254028796696        158.594884211773                       1
        239.204868706364        79.7280336573529        131.463380447882                       1
         36.012294343949        82.0244463673631        189.951049692663                       1
        308.637913698524        96.3270943342053        139.551626145975                       1
        101.467851944722       -38.3065776127557         269.41789456333                       1
        312.684396768422        115.610249638685        162.127164369544                       1
        291.714799647793         102.60697322608         80.838563709067                       1
        371.646257140375        97.2040326359054        155.675965366666                       1
        394.322113182352        54.8519616712128        124.507997100042                       1
        298.544380519606        108.206050055353        148.485663420066                       1
        224.617291431929        25.1326981722815        82.9514311043998                       1
        285.581578521322        129.689234278886        129.821370472435                       1
        240.014354599905        62.3187103484413        34.5522304901405                       1
        338.641488417979        78.9492153015961        140.834330440794                       1
        323.434982223667          96.21309269332        156.175236916482                       1
        14.6204363693029         110.37887799241        203.488340873239                       1
        232.851246770838        45.4324240770583        85.8594360672911                       1
        116.678952269751       -35.6236122385501        279.888082144611                       1
        211.943021915621         62.735742628075        132.885739506501                       1
       -27.9699413541744        36.1613990679628        206.132865966622                       1
        237.534892543651        57.1067154326863        7.17132502230674                       1
        295.239947848818        111.668192889205        122.384218410194                       1
        308.211964267531        97.3042103356112        68.5791408511048                       1
        173.071387450849        -28.538639450023         171.93853005871                       1
        235.584941124445        61.9762278694165        83.3120394244714                       1
        302.847016744051         47.299146267623        109.968487100519                       1
        82.6850770441547        14.0101272907469        89.4978754852304                       1
         241.33610688577        46.3157535528599        64.5387885834492                       1
        135.705063795049        79.9879469589139         47.769044032051                       1
        274.099092452393        23.4195698905647        17.2608556109234                       1
       -42.5250753742541        36.4661565924556        143.637390331648                       1
        106.043263352195        68.6571999077411        85.0948029217791                       1
        333.905683042525        91.7211662873303        128.129704789372                       1
       -50.7110391540656        25.2798504266334        246.464138316699                       1
         140.65558734547         23.454640261264        43.2178595626418                       1
        320.432010005657        95.0238194781464        150.717606995194                       1
        384.921736855451        78.6871209080838        57.8943551252195                       1
       -20.9400685550151        54.5038640132202        32.8278465644877                       1
        219.152442615245        12.5824084495063        62.8881317601644                       1
        240.278841947368        46.9745797752481        22.0683057854773                       1
        177.809826201159        119.740568321179       -40.2400469750084                       1
         129.14850460094        27.5672178526039        30.2355681689272                       1
        271.109294340935        132.890559181394         90.936649598141                       1
       -56.7755718932546        46.9329805768689        134.365332693771                       1
       -78.6675531414987        30.4165227626834        329.987521338651                       1
        299.531298261971        88.4717120515628        119.236375129456                       1
        313.151668119822        88.7503174414255        148.212692926675                       1
         275.21470870783        73.5155528206554       -1.64736504401992                       1
        332.008329957356        110.202787932446        125.712534891434                       1
        220.514462493964        52.3954380769087       -20.9320577638878                       1
        280.855823603804         45.724592783941       -21.0757477739425                       1
          269.6679773637        37.5399264858479       -60.6373854017872                       1
        373.745929809116         63.722205288838        137.379784577567                       1
        306.070539155217        51.7684771107987        84.3039774401895                       1
        282.118373733198        111.314397567959        72.8671683643498                       1
        133.608369339698         79.781277721842        191.439435303676                       1
        301.965664781534        93.8370452397741         102.62449595188                       1
        203.456217585352        42.3021518379635        -18.554956454728                       1
         300.89523751367         23.967575997957        194.419631357636                       1
        351.302634265453        93.1027759601749        145.663761074304                       1
        263.069462328002        60.6171539768802       -9.87853131828143                       1
         260.63253236107        98.5719990583515        158.551808890181                       1
        205.784619361818        111.847925130117        86.4833313645965                       1
        360.938092243706        84.6288283301158          51.75349932256                       1
        102.618335889393       -5.22630170301007        85.0170502212793                       1
        226.062278661129        35.5400984868334        25.7568620323354                       1
        133.692293929392         47.481319213939        31.6800841699757                       1
        251.449166031824        82.8749749137624        81.8274324524308                       1
        239.141244794797        66.6591577648513        60.8409930815266                       1
        232.579791582742        80.9998847747984        1.68725052979309                       1
        35.4421147106857        102.480930390976        78.3239121978338                       1
        322.668111492202        73.9287859920885        142.376290608235                       1
        241.657293734657        53.0765480209628        12.1898672741306                       1
        314.702679123105        34.4997619343535        166.158276669768                       1
        308.795578918196        79.1653064380604        135.036304654302                       1
      -0.380676773985322        12.4403806306855        187.818086524861                       1
        266.211262612913        65.3692586420405        8.92611648535148                       1
        161.023453677138         8.5492240545193        29.6048780536016                       1
        171.011981753708        18.5796524382248        125.170818928789                       1
        254.995926183771        60.2161790830487         66.147154911662                       1
        112.420981700851        55.4439411745022        95.7119744037528                       1
        230.142094293019         48.638061406004        116.075941306935                       1
        338.408707642416        49.9512493671446        190.847810296554                       1
        298.380012406586        71.0870209810605        143.085127085624                       1
         319.93301031242        91.1060213583477        116.487623632553                       1
        98.4472689053499       -29.0245093837013        130.017741259146                       1
         23.965549980072         93.491454766707         175.77819638053                       1
       -46.0466999607199        37.8120903146398        122.690456191589                       1
        269.171186597769        54.4316980039537       -2.80866836826011                       1
       -44.3625341064519        41.0615101515322        198.125026445894                       1
        272.455173204169        20.5787709470754        1.26456795353647                       1
       -46.6165139355294        17.1172693528066         289.88597254266                       1
        245.825298712999        95.5284212519142        170.309344683317                       1
        236.977135225752        68.8947600838612         104.71827230249                       1
        186.645941098734        22.5788915240026        12.4229193746492                       1
        255.333692350497        77.6037922658355        176.202879132206                       1
        324.554720115242        106.713936494974        146.182077250369                       1
        334.064102146012        73.0770859127253        115.842562762534                       1
        261.319538188911        40.6240372367315        59.1542842794771                       1
        255.348970949729        73.5435219378074        147.733253468545                       1
        310.022690043181        80.9688061583428        152.054670060593                       1
        284.867893569224        111.774779974902        135.264380705637                       1
        230.569599996753        63.0300976779596       -57.0210801746004                       1
        88.0352422172252         -54.56828009219       -23.9548742272335                       1
         289.86528879447        91.2844841309006        152.995467497469                       1
        85.3565164265783        35.6502871259767        75.8674075603866                       1
        284.728384166647         54.959705093023        177.022094281476                       1
        209.579931117805        35.0780559324037       -38.6151279292203                       1
        282.589019659485        43.6348955542961        139.819316861218                       1
        299.317508172778        99.5527640789567        161.118761445732                       1
        350.409374525943         69.913487704545        130.494658636313                       1
        245.908014866102        128.807492776505        60.7959203580715                       1
       -16.3750918895092        37.6239001864242         45.529897989177                       1
       -37.5382528817576        60.3495346829521        108.685936261867                       1
        330.977094421306        40.7869220370269        176.279585136757                       1
        270.994120740052        120.743131145153        54.5198125195317                       1
        314.672221459859        56.3071742262701        35.6903537896956                       1
        429.961045451823       -14.6347830620707       -50.5397742307259                       1
        8.84777327089619        79.5506100717738        77.5570085649457                       1
        328.435698153059        82.4722352490341         161.82529499643                       1
        431.346004318851       -45.2780227471227        31.7320846107553                       1
        436.391130246531       -38.8010008511053        3.88159031359928                       1
        261.528705045858        110.603109445821       -9.70785328894527                       1
        337.708332503666        94.8820611415931        150.814442327283                       1
        284.111020879776        87.4006514532988         189.45691353407                       1
       -62.7128846863693        27.1572401401553        148.317515533516                       1
        108.739693583797        32.7030982339317        65.3973889712435                       1
        300.288616873602        107.517882517666         124.29406992529                       1
        262.933069173493        83.9901675821854         113.31437611343                       1
          250.0448275562        38.6346360233845       -8.59627543941983                       1
        446.495307694212       -28.9036840742511       -67.1000283473731                       1
        280.140675468264        53.0464618969947        43.2462165216594                       1
        204.785990193202        82.9069330894075       -37.7798284559277                       1
        227.482388450385        41.9975306966645        137.852017747961                       1
        260.018773810744        24.6578434547072       -14.8129139327855                       1
        437.453989041816       -39.3462041719803       -1.27726202853902                       1
        102.821654188184       -38.5985056460589         176.14721283164                       1
        249.610373534521        70.6941481149161        72.6001713348925                       1
        253.349170457667        34.1961461170622        -135.99101674644                       1
        149.975946868517        66.0846129634952        23.8013073373927                       1
