TEXTURE AT STRAIN


B  800
        281.136832117078        92.1226016258837        72.9494866568137                       1
        268.633720146041        55.4064672660134        152.048037567382                       1
        345.957487692662        77.5094371256182        151.849954825727                       1
        134.104001103038        49.5312787419178        43.3091928117045                       1
         125.53917591644        26.8951448416271        83.4735400236892                       1
        201.911039631867        54.8115089523939         146.41388591266                       1
        63.8778786409141        57.8164627311045        97.8341138381224                       1
        75.2532870629971        63.6706121265795        78.6977135285244                       1
        61.5278995936658        45.9836815850173         102.88209897651                       1
        309.835294520404        61.8413156111347        20.1574112776925                       1
        312.833614844888        24.0987969738236         153.50751986501                       1
        219.707879780455        88.7748623756035        96.4004620930861                       1
        200.143197563453        78.0359266345076         123.75465982463                       1
        35.8144042740886        63.6723302271259        56.5453731399742                       1
        138.946363260374        81.5120937416155        61.1792345854477                       1
        250.860874740926        41.2045698007244        150.838584637506                       1
        31.6364552228904        88.3241562774813        86.1547603103775                       1
        161.177323039825        34.9918604660951         125.27069249282                       1
        201.438309969056        40.2863890899477        103.182751212251                       1
        305.464543934309        19.2847345058638        73.4955596074854                       1
        369.026613634074        51.5194598415153        114.483130504309                       1
        342.441351448869        53.0595248623516        79.2676837060632                       1
        362.094655128252        64.7123761030665        171.559190318851                       1
        26.1982037629285        68.5151412104659        51.6957062844581                       1
        243.455181741557        66.5294275552216         73.565257157645                       1
        366.084914413127        28.8250031711839        168.996165156976                       1
        261.568503833799        31.2514905545826        140.312631204455                       1
          321.8754613772        46.2499395168871        76.9904985143218                       1
        307.806286198292        87.0254921263603        128.704250154804                       1
        35.5843194301085        23.1155142383002        17.5839100268318                       1
        152.975336846428        95.0435254698813        108.951960347235                       1
         194.33153076423        31.7238769473583        177.124852052214                       1
        351.233342118143        33.1168378352416        127.167462098272                       1
        209.943131662129        40.9818101498197         9.5905235220595                       1
        80.5365213622097        49.8487790399916        121.697561501324                       1
        7.03840317963695        61.9104546813828        67.4000030812699                       1
        370.175020033069        40.9317905333527         134.07310119547                       1
        151.911971085221        20.8426354705414        178.149054027028                       1
        183.357646028991        85.2566319400721        159.600481641523                       1
        263.273872754851        77.2757770120922        124.519226949317                       1
        127.643666829867        95.9234587155164        84.7594304062459                       1
        68.2241970367086        62.9262891470077        115.475535895773                       1
        177.390176009586         54.384281203409        33.2088217197595                       1
        197.740984380073        100.672016751308        12.7718596275547                       1
        182.903006277791        52.2415675306838        42.1441589175268                       1
        198.580251136974        64.5646316786697        151.895067475527                       1
        183.912040844693        39.2832797541566        22.9737575105204                       1
        237.669443794327        55.5487866709474         108.30642145058                       1
        53.2741498845198        57.4985544492671        153.176383342862                       1
        5.22418893749874        43.6820753954922         137.23429947125                       1
        63.0795424476425        69.4024799208915        13.5649594986398                       1
        212.069596073206        69.8992313300432        35.0265780916618                       1
         317.85726961777        7.21607462036004        29.2211085143773                       1
        367.248832829824        56.3251577059126        108.454133367356                       1
        29.4156356286954        63.5091314987175        96.3967984994912                       1
        243.923547042182        98.6546788175623         47.616746561681                       1
        257.931508802563        20.1237803706399        130.748944686787                       1
        322.579541255181         82.707709255758        150.883720411226                       1
        298.164764488881         62.605446526543        33.9091659005523                       1
        176.848768346738         80.339506575069        130.750272882523                       1
        62.3143260329718        50.4118893605744         23.355758463864                       1
        201.077641508943        70.6663413463232          37.91864046533                       1
        57.0353372294515        59.4131010292946        119.534447228711                       1
         32.334925245798        62.4624637872925        129.653347463708                       1
        78.2628432714512        52.5801146979715        107.897369302264                       1
        372.774247731177        58.7219085788405        86.6064416034838                       1
        50.1488718769132        38.6335563371715        174.941867135947                       1
        21.6196355422923        66.5537929747706        69.1824919884531                       1
        72.0685307447555        30.9699338671491        28.2185935811637                       1
        287.205443198538        48.7081627676441        82.9294878571626                       1
         39.587175262801        86.7134270303833        101.705038162346                       1
        360.417473439173        92.0232672874028        150.459630148924                       1
        351.276860318625        47.5692086767096        59.5815716142343                       1
        59.6986963432018        68.1157374742296        144.955342308852                       1
        284.634541090413        37.8496415512457        50.8401265511316                       1
        241.156831082504        54.4224845600242        149.324446330324                       1
        278.881643307571         42.364640698732        40.9087097004026                       1
        32.0804695446012         82.792837175022         59.357265177217                       1
        205.120274084655        57.3780724824785         48.349441762871                       1
        186.643830110604        66.7032357721765        139.370475126033                       1
        158.618496387301        14.9167204684711        40.7007855253447                       1
        52.4892459457756        105.857295972131        79.8963681778021                       1
        268.173794143064        58.4579187475798        21.6627387901973                       1
        273.501947015638       -3.59433363946369        77.6469941190601                       1
        22.2214524840017        31.7843757704126        52.5989257754645                       1
        31.4231030920586        57.3728456735702        17.2252127258657                       1
        105.033335537506         53.776707938368        106.889917336198                       1
        362.261298515998        19.2976621771978        46.6630225108563                       1
        192.275796416211        53.3699246817999        14.6455246551335                       1
        350.501303659803        49.7074973834947        155.042253999014                       1
        20.1824653479864        61.3649825981044        55.5598799272669                       1
        174.669479021171        39.6137077952313        -5.9276057433132                       1
         151.88383703097        31.8643737629219        31.0971623348466                       1
        85.0791662530803        76.1000407905435        99.8752299319411                       1
        108.378746965588        62.2321215841795         41.074432779856                       1
        48.2216200769468        35.4004587199077        91.3120868742634                       1
        167.801172936613        53.8964913643508        194.287158819604                       1
        244.066839721468        91.5000894770173        43.1935725978573                       1
        102.390574862175        82.2398010228577        50.6853484376618                       1
        181.553725965848        74.1649574017006        145.049823670843                       1
        96.1149276744164        51.4419809998715        126.506467875738                       1
        31.5340024967513         70.261276659408        138.988217925749                       1
          334.9659065984        35.9656753433839        103.736575268973                       1
        361.491583437539         69.733115351096        115.615174647726                       1
        187.528277197071        41.5950292407522        60.4512588682095                       1
        131.322871698299         86.205047471266        70.1294831560981                       1
        216.714717933731        57.0731151004292        68.8073301119356                       1
        59.5445204292904        43.4334917905778        146.242997227399                       1
        319.340100194915        66.3841122872653         90.323385489269                       1
        173.268793714667        64.0191719571098        141.455047925739                       1
        27.2497762179962        87.8550772273869        72.3538518762748                       1
        214.513120316981        57.4027851755521        195.663173250177                       1
        185.321392674088        17.2936177808725        167.932952371789                       1
        210.915949156702        91.9562923866283        52.9109133919961                       1
        263.634349788997        35.8488268525821        15.5120510479553                       1
        232.471748954856         32.662738846603        154.573090804034                       1
         38.744533310329        23.5262134978492        17.5989555807687                       1
        302.373583395926        38.8092028559465        24.6725981056826                       1
          202.9292886839        76.0754383748393        55.9644062134174                       1
        218.529255936464        103.829888131368        83.5281465091785                       1
        67.2620875156797        70.7581256941794        128.346412308005                       1
        187.952320625527        92.3027467344291        67.5610145493829                       1
        241.047701001351        39.1336427034989        129.027577856789                       1
        347.264692123395        67.1421564486639        155.884527693475                       1
        241.911604433713        65.0495215466928         137.76859657008                       1
        198.735931560797        81.7104184813849        64.2493788527933                       1
        185.568612393882        27.1820033755537        128.555197674766                       1
        322.025901274322        35.4265658201084        172.853974232167                       1
        22.0358402240509        62.5463341226793         120.40417381709                       1
        184.728166981022        105.980226242656        75.6061669691422                       1
        138.174229125761        24.1888661781403        172.626719638492                       1
        249.039934423628        46.9271425359454        38.1043858116934                       1
        144.356397125508        86.8749827789777         43.674098147096                       1
        63.8253471897911        47.2174868907581         78.664682433413                       1
        28.6507718532215        52.5917036144715        56.2167310897002                       1
        56.2305625740761        38.6835021623947        74.5828016581633                       1
         81.823324334854        75.8529897007406         66.596216562415                       1
          366.2834058674         78.896380965124        31.4351017829485                       1
        59.9772943088975        77.9453390220997        180.779185277335                       1
        47.4224599261762        53.0070566707425         56.677023730185                       1
        13.9685014140423        58.9891391219688        155.907666566287                       1
        343.252457720807        77.4332906593839        63.3020060152544                       1
        67.6951977255358         29.156044463523        73.2101642298514                       1
          119.4924026814        12.6253800172357        98.4336716328193                       1
        203.034216995513        19.0450046252587          175.5350518511                       1
        46.9088832019816        51.0564360818392        124.985857922884                       1
        64.6976225280642        19.0824330137312        103.467654663614                       1
        108.897951464865        69.8868332634693        108.684626112442                       1
        20.1245757405167         49.817522491676        146.924587559863                       1
        344.437362289257        34.7324271997834          140.4027480326                       1
        196.694675108418        65.5948484876179        28.6358274374406                       1
        70.6946868545206         75.566542313291        159.737991597247                       1
        44.0546066279769        44.7495467558861         96.341128062681                       1
        344.096228909127        64.0849834259111        106.351948885346                       1
        323.375975109971        68.3981909627378        51.3886786502881                       1
        362.160167653813        51.7332706234308        159.541696644026                       1
        233.349819876624        32.1769881312459        50.1636245963104                       1
        182.953876181924        95.7864543389965         132.87640960656                       1
        333.435811656868        29.3528321526019        125.724855743753                       1
        220.893925097108        74.6192407940225        46.2162113902191                       1
        306.762312381668         52.517834082733         63.228375306484                       1
        91.7523888077748        42.5005018967391        184.233668139306                       1
        296.629268994759        95.1542628942168        117.635987852215                       1
        75.7591661007023         72.558923470159        88.5530944399259                       1
        23.6389090527406        26.2365912779293        9.93419932312449                       1
        264.474684833651        37.0897207092812        49.6886601024499                       1
        282.534482370894         55.642642581695        44.4674333808741                       1
        114.116728575263       -6.01047992302691        36.1275059650794                       1
        185.243437599237         62.144864157839        137.963463043952                       1
        280.727271464048        63.1626743883755        177.300840325877                       1
        46.4008536167531         44.140575529685        9.34147737266047                       1
        231.290262678438        99.6140001742429        86.9385863985802                       1
        73.1546659200357        59.0240441133653        160.877753349152                       1
        125.553916890045        42.3718386512841        87.6150560600563                       1
        248.998487032499         44.170365524251        108.200811022262                       1
        250.173004332679        58.2864262293076        149.383360470763                       1
        14.1442458328723        83.1394519388766        45.9371152099739                       1
        134.857946019159        72.7108117943985        42.2504522442577                       1
        78.9441974148551        53.5281619142088        104.878414034225                       1
         23.557085785322        40.7260086358041        23.9640742848739                       1
        44.4881311022082        77.3944519546311        38.4168579579062                       1
        218.516089014216        79.2780394182917        38.1506736733003                       1
        192.830190945838        52.3115408232126        27.4543927469569                       1
         153.40682749289        21.9418095909883        67.8359794250553                       1
        327.686959427026        27.0770391553796        30.5321289596353                       1
        284.858878942842        28.8820378644863        9.96240332017503                       1
        253.142535495095        27.1872046617259       -1.12265704821964                       1
        261.272840530799        42.7713248865409        112.322673116901                       1
        302.317602912667        29.0133189394996        100.739251819175                       1
        210.924929576575        55.2410388228571        161.588879578011                       1
        126.867304410052        106.621086520521        114.878907434814                       1
         212.49108993933        76.6533866756968        141.405302097921                       1
        183.148415700208        77.7023392418862         148.33345405248                       1
          74.63781203946        67.5960203892805        23.4528623840655                       1
        345.648225202504        31.7464371371907        42.7159592120283                       1
        16.2065770489172        70.2484673784261        33.3928261558493                       1
        195.127395082672         60.015943121774         34.382214771476                       1
        154.020241034565        2.35924636904566        155.765796669554                       1
        43.0580548658749        100.140987678346        124.607201373879                       1
        199.160985194125        33.7131224149876        143.959287047052                       1
        64.2116184907632        29.9013774765196        77.1306093847087                       1
        312.825738322348        17.0855021260056        34.1957119683673                       1
        353.166968607101        81.4014172005243         28.773828467841                       1
        106.621323417803        27.3068278940752        70.0549205341629                       1
        30.2213082698277         59.436898110416        108.283762339905                       1
        21.1987470943567        68.9132143158783        81.3776492972998                       1
        38.3992790391367        34.1499307916199        112.370462724397                       1
        123.752886237978       -31.9522229707643         151.86297761451                       1
        186.121240468981         38.029714844751         38.137847036107                       1
        316.220451527741        77.8594445913064        112.729220278852                       1
        287.923799201002        45.2090290716933        154.488512840368                       1
         331.62428882194        22.9177027286178        30.8804967115995                       1
        280.318894907154        69.3465209112824        104.601162681715                       1
        314.601328012743        23.5699945904269        111.626191465856                       1
        206.647460547644        63.9029493274428        123.699324076257                       1
        45.5241837176582        67.9850044019591        40.4685349847547                       1
        290.523586380266        50.8675570831174        136.021642286207                       1
        42.7080792998664        57.6034147252874        11.2123681093968                       1
        243.560910940215        84.0156393236698        85.7051910365927                       1
        262.909755324406        62.6961144390127        120.724167302994                       1
        193.074497638641        91.5523722916415        93.5883619878164                       1
        148.384953332585        38.1142162413284        65.7222168192436                       1
        235.822567325153        94.6283678824225        60.2364317601978                       1
        262.465140420993        36.5716011170845        155.703839839149                       1
        179.872645871427        73.1214837172085        167.026210309285                       1
         111.63921035949        65.3906123526741         121.64786272441                       1
        191.860284609325        78.9749429065967        122.845612235592                       1
        298.435967543548        68.3778762636576         168.08660275895                       1
        92.9655222839861        20.2993574379564         21.206936832643                       1
         190.63279908068        27.7029616178861        53.6913142780755                       1
         308.62085853557        43.4789854883578        50.5704210916362                       1
        90.9590994460451        67.5206865149082        117.132196687228                       1
        211.500576152725        16.9664631792126        131.736479509038                       1
        89.2825650565669        37.9332235157242        113.884375708225                       1
        326.044709266746        66.3553768128944        76.9030010728741                       1
        168.498513302143        88.1911801062557        188.187343885787                       1
        198.184724324484        79.2464335626876        20.2845585750233                       1
         152.31427502449        76.1812699001991        30.9539628196023                       1
        84.7750745425982        43.4486281855349        141.274504634172                       1
        204.619062646165        68.0715577793067        134.841732826269                       1
        211.819805415699        60.2625709290457        106.836399891181                       1
        100.883833367273        19.6049190820436        105.629105917782                       1
          15.21039892572        81.9351580135416        42.2792372377751                       1
        43.8448954104129        75.7701480873671        20.7945116520925                       1
        150.769147281613        104.087164095403        11.1104064950645                       1
        296.961654169155         25.539779224916        30.9617556897362                       1
         24.509633547941        50.4876094330806        159.743145953948                       1
        87.3992266450923        87.9902595504032        107.275466061695                       1
        6.17936348783641        83.7150679496817        24.8904983589064                       1
        41.6313507132147        63.1048301417464        117.214664603325                       1
        21.5382464007165        53.2911243683459        7.53812087947409                       1
         134.90808572263        38.1465020515032         164.00929301074                       1
        264.334325871757        87.3339945148105        47.6505586714816                       1
        232.864022493676        77.6564937875733        111.633278289383                       1
        34.6372220926757        44.2113170891431        118.316133078194                       1
        123.291476514873        7.96025754085828        30.9428702172403                       1
        236.124073369883        79.6961008155304        56.0483912266926                       1
        53.0676517801753        63.6134830476408        94.5993932317666                       1
         238.70042746243        41.0264653979072        168.487860172373                       1
        364.397587124585        63.4362486679332        50.7249752097035                       1
        362.612085697377        63.2100479387654        4.61870892245165                       1
        337.906317640061        56.2857301705631        89.2322729282228                       1
         362.30032286452        24.1591046498512        149.698490673901                       1
        219.767827371616        1.66575494329223        6.90974809391098                       1
        32.0296462760114        83.9651557672361         36.852179392357                       1
        207.522547440123        94.9370380779889        57.4689947097255                       1
        117.625415157033        48.6776842188733        39.6640449658806                       1
        160.871987897266        42.3306455361182        68.0839346384401                       1
        56.6606711536557        45.7450016524345        120.994274702206                       1
        228.558120472094        70.4056139700753        67.9669379546858                       1
        267.392290639684        63.0600067191475        103.104764070445                       1
        190.359429679692        84.4263592350358        9.20692104442606                       1
        117.286076521404        58.7638715195826        130.146956538446                       1
        76.9808080714477        83.9227769777953        152.387166066973                       1
        83.5449411679635        70.1524986688467        125.890445174711                       1
        161.441637126253        22.2713260285889        132.514702153556                       1
         127.29881065407        96.2864789410114        72.7321399895375                       1
        148.574762549875        73.9602242194007         80.197307477616                       1
        26.1790507184196        72.3518092886385        4.29731300746865                       1
        212.579097804264        90.7855383340575        21.5056484608848                       1
        202.010992312283       -16.9338835771242        154.406710835264                       1
        163.960079736075        59.9384924428009        67.5174880671131                       1
        91.2193254456413        25.5953089320764        86.5412406196321                       1
        289.379540911774        41.7591537769796        39.6309691777373                       1
        347.217217739603        57.4493712614509        131.143884973959                       1
        122.596443105447        29.2043470075892        33.3847396373909                       1
        41.6381374486936        71.6984584651427        184.260591102757                       1
        342.712800209622        74.4561057866376         153.76980129346                       1
        57.2535741480134        39.7753145897157        167.107141649732                       1
        240.524429436945        57.3180303072969        94.8627158019826                       1
        238.373075608648        19.3191591721246        114.045922136292                       1
        45.5943155660339        34.6073977494051        113.438960335549                       1
        185.595463272736         60.731002617901        123.567114613125                       1
        310.925053059605        55.0126719516409        98.7391738770297                       1
        25.8199962417355        38.9261964502263        119.080811030904                       1
        20.7294692782414        41.3492833215927        98.4544438649187                       1
        130.049046099002        74.1607825240281        139.587811010672                       1
        190.806892651336        80.0658524515595        108.875784618631                       1
        359.007543081318         20.733294443048        112.713210518619                       1
        259.023467853473        56.1881052617997        36.8539515341524                       1
        106.122185751035        43.2131997652234        180.557997478787                       1
        59.4996373285292        17.7036724077236        107.413063998939                       1
        90.3925380021758        73.3561442469891        122.315389306205                       1
        295.632406013161        25.3500779625526        43.3843438783082                       1
        352.046061735481        37.7980713651503        141.672846870291                       1
        30.2485810127444        45.3081530337919        130.731536682505                       1
        106.905410176166        31.6579566049349         33.202853732155                       1
        338.546832031175        53.1685585334332        146.836464171343                       1
        31.7698009321937        43.1361052720682        119.708805961587                       1
        175.916790167713        31.2624814534577        157.411125555208                       1
        214.829074687756         48.314808406684        164.366459308806                       1
        261.960536032773        61.6099066449304         107.00024877686                       1
         221.58304365136        87.2855209753653        44.1369895286022                       1
        40.8207805964955        61.1421446489548         89.230998430204                       1
        47.0529380506734         61.447424695543         171.52070647501                       1
         63.928929938242        72.3878392865746        111.471894602527                       1
        104.937283854935        10.5815968265503        62.5454518593648                       1
        200.026866127554        49.9985225368609        91.6570730079213                       1
        348.387660880178        61.9643648960593        140.235203454107                       1
        45.4386083244234        56.9997461646196        74.4569846982238                       1
        246.631459961449        23.4076697461204        118.650841835968                       1
         61.552228526229        15.4296430316797        125.983601397734                       1
        266.328330779408        73.4642245424829        18.1987095843596                       1
        121.545422946021        82.8942291557865        46.7461460539709                       1
        200.373531483476        16.7053362501765        101.633706664618                       1
        41.2170364740438        22.6464630559643        121.479721398563                       1
        299.257240469772        50.3509807692222        119.713073338998                       1
        118.847892345074         12.664193160241        69.3799186147735                       1
        18.7193621847413        49.3712612617446        35.5155507184459                       1
         322.10918558944        52.8347593301698        80.1347515648305                       1
        220.065071307783        37.1022913826464        20.9309291899859                       1
        71.0825471372398        109.879778706045        79.9807941412453                       1
        60.0484548206244        84.1405619608993        72.0951179485849                       1
        206.724515224399        89.0524540401712        81.1785127903094                       1
        296.218117892643        37.6855346177945        13.0913402171414                       1
        334.270535355352        35.7177302807029        85.2041680200354                       1
        313.562570018957        65.8945066301089        100.955055292376                       1
        9.76400684265672        14.5554289567883       -2.29021861568896                       1
        217.559814248856        102.502526459938        161.884768992854                       1
        121.715121014778        7.79320850706574        164.218765772228                       1
        166.205544219301        25.4009886243357        43.2217365965896                       1
        56.8190597329911        50.6790340058814        6.27190817979483                       1
        344.401682555966        30.6433965027828        62.4660346397424                       1
        222.678926709138        92.1607109584652        40.8660004710132                       1
        219.631736699853        56.0451206613169        48.3061819282643                       1
        268.719386942752        51.6360558490204        90.7337243257859                       1
        234.153268478093        86.4424797818777        101.040465005437                       1
        216.156366941354        100.993292894208        113.652164585218                       1
        26.5939461640247         38.227488577703        13.5172388756048                       1
        215.890003015141        64.8869992111456        25.3365740148566                       1
        345.025425915979        55.3813261715943         161.62797470771                       1
        224.024225355085        79.3511770214947        89.3942844461587                       1
        328.151787724337        77.0028072964331        163.575327588418                       1
        268.784219911269        50.3038791993203        8.79203278461139                       1
        80.2304707654143        81.3315271055108        128.575012892056                       1
        212.610704305802        82.5355300799838        169.948786378467                       1
         49.517319734992         72.868186407533        99.2749118085061                       1
        371.270884848654         72.369514643177        191.955351026081                       1
        212.055952795173         104.64526941581        79.4877592631667                       1
        180.449926404558        102.709480364386        106.942987069847                       1
        273.758136519765        42.7972664937496         120.17427322454                       1
       -5.83383839531955        37.3071784288207        74.9345728946615                       1
        3.72521056639674        45.0107259277045        125.660275395995                       1
        236.390696289511        56.5087071891544        18.1478852894265                       1
        196.260247307542        91.2100730186646        58.0699729581322                       1
        160.942220618061         42.929613156957        40.7097667938525                       1
        16.6497362315539        57.9927766781305        20.6550408325765                       1
        187.844081496024        109.624888179631        47.5344888820417                       1
        295.033326964987        74.5784235473112         114.73311209131                       1
        87.4736539696058        77.1693889755514        95.8036261218718                       1
        193.368209497476       -16.0777018132017        143.925538492907                       1
        178.827922907831        19.5609496180976        179.314706251678                       1
        49.7322477831959        60.9331067470464        18.4484419684418                       1
        273.780256039512        54.0434824845603        22.7303444391512                       1
         312.05316367948        68.5830456841482        150.717101502636                       1
        192.295497100161        69.6834208384155         140.48461794594                       1
        48.1982106219015        76.5161023590418        58.3023570256339                       1
        252.696963423903         90.512984009916        85.2219385740991                       1
        94.6387279588695         60.319327649237        153.375215239938                       1
        281.542457172216        42.2790615341193         131.62995213883                       1
        313.526923320389        50.5002714731906        154.816460219897                       1
        72.1254530210032        40.5165509734034        57.2887495320682                       1
        44.1857840234616        61.9135772166899        30.7824380886551                       1
      -0.373642015664703        44.4134242768629        15.3338145730072                       1
        45.4713926715804          76.42668021565        88.4942869292131                       1
        47.9618794478652        62.1170525464916        71.0205299749519                       1
        88.0194808947384        66.7635692300814         138.11612890695                       1
        155.929064851391        48.4720726788317         44.761753582064                       1
        199.702730133691        76.4153172800406        39.7819137482235                       1
        371.929841777307        80.2965490103966        57.1529325187784                       1
        256.196181325731         51.695269423233        135.015865847152                       1
        17.1482285854461        59.0841783938813        130.362531471223                       1
        240.203482429182        67.0233886031384        6.07264809086869                       1
         379.45218669823        76.6849359123829        96.5634768241514                       1
        60.6333237285816        12.9274983797813        93.1018337947019                       1
        189.382533719328        57.9207286643046        78.4395773511151                       1
         97.639627218193         57.844951299198        52.5585471387838                       1
         40.134888396914        65.6867382306263        80.8668250413591                       1
        299.361799653027        49.3561294772968        96.6251647840138                       1
        206.297025933015        79.6538930917101        123.275502658031                       1
        108.840745354961        52.4761702499727        14.7418697599592                       1
        223.672769229847        18.0538427085994          173.0054781686                       1
        224.792161374401        70.3455642399222        36.0840943240057                       1
        64.3102655384811        43.9441885367364        4.62305781249589                       1
        214.883959994995        52.5456000787757        31.1053070711696                       1
        49.4767642535192        54.4815586490162        83.2434290192257                       1
        88.1200641772861        57.6118092267751        42.3626069280833                       1
        337.361067464559        46.1537679039994        150.333363903571                       1
         241.42432092902        21.1777914441032        81.9062360208124                       1
        205.594866919155        33.4110385178913        12.7324173567314                       1
        157.795121571459        7.78690701328393        50.6699628106505                       1
        93.0477800043398        60.6006387667974         120.35290318731                       1
        375.065941719761        60.4037862027832        93.8896241850203                       1
        20.9339045054946        52.5106699815948          109.7160743656                       1
      -0.777322487901857        31.2532682207208        151.872219850034                       1
        266.098851259099        42.1111648735087        115.850459573918                       1
        278.548415620593        78.1768755045491        8.14435965470472                       1
        86.6495647538124        69.0938476241643        142.037304784204                       1
        210.284989933814        46.3733532577753        62.1883061366473                       1
        273.008241666743        45.8679433520326        56.2826442263962                       1
        157.808980116579        33.3994128036549        92.0090077628309                       1
        87.5418219441684         36.040642909001        26.1044362866024                       1
        30.0700791831582         56.828783489215        71.6864341906402                       1
        371.432234263127        54.2525203956391        122.392839639455                       1
        93.2780384023442        60.3205167568447        67.9970573775884                       1
        140.538480881072         43.413488922077        17.2701223088101                       1
        303.621901915953        9.36679927479851        21.5765467151465                       1
        1.75976794862426        50.6058311598498        80.1385555539999                       1
        40.9173536091216        24.9076626450625        72.3959952426923                       1
        172.507557629514        101.845258644748        14.1250263554841                       1
        147.769806924809        92.1850500083064        119.768009296441                       1
        250.845450789388        45.0412444990063        141.961306685945                       1
        96.4247350495497        16.1204765295503        108.631597394615                       1
          75.64281588201        25.6403289379823        60.3573873700245                       1
        260.651990590071         91.835283547174        109.258814227044                       1
        276.019544714184        40.5556511797553        119.587514801239                       1
        140.526688085566        24.2047179441507        25.4806785441874                       1
       0.467971765707667        63.5461010057286        25.6408191747148                       1
         290.36653698588        40.1576522270125        171.946955558602                       1
        297.018722225968        55.3186587730186       -2.80419874516998                       1
        324.937956038262        9.30567924459186        69.8126777248301                       1
        382.552817393615        78.8807482165606        10.9417374411969                       1
        246.099062852237        76.9866478212455        36.0611446632932                       1
        47.4844766658017        32.3684967034669        155.339903136147                       1
        24.7273633446201        60.1197571886624        102.944407236144                       1
        297.807395641308        32.4646231421254        87.2739554194582                       1
         59.923996796544        21.6609492974846        161.026521548886                       1
         94.956350505255        50.8739479915708        84.4520685822576                       1
        31.5261339064402        38.1288616733798        91.1339516789133                       1
        116.187321097218        46.5017469687157        49.0253929076237                       1
        232.582391749659        43.1844441453284        156.169894667166                       1
        77.1308428088801        37.8596225593423        139.187232052497                       1
        294.558172793387        33.6208297380143         113.17979930277                       1
        84.0705693653965        60.0829133185813        141.278699290949                       1
         278.12624242123        12.5182163118486        82.7164714799401                       1
        218.813304651856        63.8442372186878        42.5513468900805                       1
        104.264700817261        71.1779937250758        102.068526531477                       1
        170.691028663423        69.0621254034525        130.696182102128                       1
        295.522371614001        63.8848087490523        56.3237258046775                       1
        285.962111264048         63.450915445232        24.9277849346226                       1
        339.244585293211        24.0386833329543        73.7374519216501                       1
        130.933659436443        64.7990348127024        67.9577393287865                       1
        207.341156462166         98.952375735144        120.715723470707                       1
        248.863862527732        73.8021731443142        166.656723824221                       1
        99.0108722573979        71.8793712675705        58.4825507843176                       1
        63.0870239064517        35.3535835528829        90.5927822575125                       1
        263.947298327664        53.3896924442458         124.73873443079                       1
        20.1356314120185        30.3177006322606        118.342874857444                       1
        12.9519400676127        44.9778525866259        24.3476747894242                       1
        162.749520920521        79.1774349218877        140.931546713739                       1
        42.7241327300601        94.7589241810657        66.8377606588388                       1
        249.197405189298        76.2380840470276        98.6957259830309                       1
        77.1261987593955        73.8817770523298        108.655922483264                       1
        192.420492405146         94.004653003339        27.7336931394783                       1
        60.2701410416925        57.6581590468919        41.8083591236812                       1
        71.6445545682472        42.8033932097966        162.999135763705                       1
        32.8525008050355        80.9638443589955        78.7662352515674                       1
        209.629589750572        64.9122734469073         179.97500572373                       1
        41.8637086087695        72.1774190851573        144.983596321466                       1
        235.134613578494        63.5028621427553       -11.1917075909033                       1
        280.965789062732        75.6020574441148        107.053332796491                       1
        34.8512081950824        72.5384741218421        111.894800447319                       1
        34.0139332528895        55.0311988095956        107.116812944804                       1
        322.975824975943        46.2188264236594        135.212662680959                       1
        102.230263969364        73.7924426435435        37.2887582853239                       1
        21.4729100659507        72.8225304412207         27.996458070922                       1
        31.1435905965169        80.2034027213256        28.7366044058644                       1
         316.44479953959        39.5446092014646        94.8284268509426                       1
        227.191223722687        50.8413127496759        106.481659867051                       1
        206.819021573008        87.9438188085956        35.7926074940532                       1
        184.477820744611        40.2427972588657        140.008847883871                       1
        333.091531768404        57.6015488907725        66.7000215854171                       1
         256.68328826852        55.9313379479923        121.189797409439                       1
        161.080239670978        36.2158329516031        176.157027665267                       1
        19.2490992952493        70.1437646108233        169.825929352487                       1
        97.3922352532585         81.191916791788        89.4535851304943                       1
        224.478393746222        64.5879792104868        80.2311725922574                       1
        226.872787288461        63.6728801068022       -13.1392881476737                       1
        378.973615913177        72.7197038628226        118.866559964481                       1
        306.455129285542        25.0976581517091        16.7000736123114                       1
        108.264931356575        62.8812484191178        66.3400842994966                       1
        250.888881781723        42.6951585314096        81.1509708533417                       1
         88.310783938668        14.7336107036213        54.9002311000538                       1
        347.948309496433        86.9386051538738        49.7212256659133                       1
        132.225427394965        24.2466643821231        78.0316816834377                       1
        26.2445352661746          48.91389445288        122.591093814588                       1
        299.018179541815        43.5532682105117        51.9657519644708                       1
        45.1375045635034        10.3900841845278        160.591972299095                       1
        73.2759439932218        38.7612665654691         99.528215565023                       1
        110.684733349298        93.4160155201042        79.9025691494549                       1
        36.4518545600795        51.0611050171583        183.681007697487                       1
        218.281728124307         36.472378959048        117.391572024063                       1
        358.619195358017        23.3964934961694        40.9499563079421                       1
        358.462363943635        60.6190042053525        163.007701860554                       1
        263.105740122311        39.3985037599828        107.196256833976                       1
        221.735241744128        40.9239248438728        70.4877661226837                       1
        320.479672995369        92.2524554708176        141.939763056763                       1
        69.1729919790492        83.5396294144298         80.043359030585                       1
        44.2035735841683        60.1785630186753        115.670414265431                       1
         230.22150020536        85.3713899803058        30.5517142527458                       1
        271.228541772574        33.2897369653956        74.1642099069961                       1
        70.5563264203038         88.444165948844        117.830029316584                       1
        210.701376352382         81.769006951735        68.0599161010503                       1
         209.56562464709        53.0601514928117        128.378000308068                       1
        361.343768160394        69.0839191635371        90.2057674576624                       1
        174.216043999871        46.3829124737411        112.247382208019                       1
        265.851513627627        23.0180116192086        40.8183353605226                       1
        7.14782519515226        57.9610266773384        144.072948924844                       1
         351.39284860995         21.616135397357        150.181542233389                       1
        31.6023464966201        39.1936345221969        91.1372248170304                       1
        20.2323221336034        59.4480642917426        177.627826624306                       1
        252.653298158304        11.1947376523961        32.4262654698517                       1
        196.584941568753        101.731883897342        118.808935603996                       1
        265.749377051399        28.0018093133269        118.592734598417                       1
          55.56810786948        92.4307275439496        162.585510569642                       1
        8.41690653896568        36.0510807703655        142.481329140228                       1
         30.545507464326        70.7807839738759        108.425396402027                       1
        199.299029828779         54.945547560697        5.79177539387572                       1
        20.6634032589581        27.0060399579751         113.37156585045                       1
        201.039619379017         72.819198558467        77.1470152672582                       1
        203.142148263693        84.4026435249162        43.3715406037231                       1
         305.86706079336         62.826976785159        80.5665313250797                       1
        181.702794731725        78.8262802659968        63.1954836133716                       1
        178.063531339959        49.6504540981096        143.946019130106                       1
        54.4444466305477        70.2792919803132        93.8558664305565                       1
        79.0979202686109          56.93026750503        5.04228979415636                       1
        77.8116887153099        94.7421124450114        77.8097849573979                       1
        40.1486124367804        35.5587552819834        123.733339644984                       1
        63.8895856329925        82.6554934291797        85.3000912994573                       1
         37.729661463598        12.1854844719547        95.2303447886262                       1
        286.699626189909        56.8311176746534        96.1148878429261                       1
        54.1363764968396        29.9128400576963        29.1508940078628                       1
        216.567351901191        65.6389011865263        70.7078542747008                       1
        286.789385316564        53.4916107248054        122.215332104031                       1
        286.705848522195        57.3816640505485        7.73108529972262                       1
        72.9898087554658        45.2886904856994        145.719571294987                       1
        350.266879625498        93.3201754602888        129.265696242778                       1
        63.0353319537355        62.8942933768308        77.6466653514002                       1
        25.8406290199874        74.5686331313118        113.679088240636                       1
        264.756827116635        22.6209719387011        80.2159509167524                       1
        174.655693963115       -3.93121292922119         68.580761122277                       1
        351.985874482551        12.0706019376137        147.748708908409                       1
        238.906587263363        46.6274535076746        170.822323299619                       1
        37.0255698987781         66.281154920416        92.2311765502543                       1
        292.492370657326        67.6300220700249        115.392323872496                       1
        65.8986556653325        65.7349148903233        136.076638285843                       1
        80.6637510096447        46.2771235210512        83.4233613630542                       1
        33.8165608570677        70.1317332945771         175.76011053521                       1
        318.259482401013        20.7957271334072        27.4714980477716                       1
        225.139273329843        49.5199217817471        187.257183400278                       1
        248.636800269308        51.7354020281351        17.2226491134833                       1
         275.77715010188        15.7336965619346        133.149686955778                       1
        51.6458496666339        83.2571621003085        37.4976353674903                       1
        201.891508285043        15.1630595836308        13.4486113158045                       1
        63.8690704970263        60.3194934021893        57.2458795707746                       1
        278.239510481551        43.2245819371292        144.058787589232                       1
        23.5400163058038        38.2726541293853        100.986964776102                       1
        328.066607687048        43.8565857904795         22.091166350979                       1
        48.5187562703541        27.2394298991165        174.641084108548                       1
        222.129385280493         20.362507888586        111.259646110026                       1
         289.71634800306        53.3702077971195        111.854674601013                       1
        164.909055779916        56.7514437155477        54.6575151861927                       1
        189.766640520461        96.8607278281447        29.0498251809146                       1
        114.250846650634        61.4783945479763        24.6220707857804                       1
        249.349589464096        59.1457265333534        132.152012625443                       1
        114.489026406257         28.068096795998        108.954474142199                       1
        263.663083446299        22.3508474046886        74.0942339146631                       1
        195.706069915861        52.8471929194575         117.27170353724                       1
        182.152341542009        50.4092530911368        151.670345179319                       1
        274.572564281912        17.3215395119292        133.025887790985                       1
        222.646518573734        14.7689376374332         16.499361265516                       1
        360.217153519163        68.5557967117152        50.6695057932644                       1
        48.6404906887903        78.1544708445156        129.479595450991                       1
        9.22266923690851        39.6625669689487       -0.33558171537106                       1
        64.9436924890898        55.1575470861521        157.822959117351                       1
        364.256456119556        66.9768201896427        134.392747429483                       1
         115.88494972831        63.8035351122216        56.3278455313329                       1
        212.405786825052         72.785746453601        11.8550348815534                       1
        313.349130179183        38.6733105311279        26.3879859154077                       1
        139.079658021673        72.3540254759135        58.1566856141045                       1
        218.732065187581        30.3527776508729         12.891140895271                       1
        74.7862792003685        29.0617440109271       -2.37110222592023                       1
          36.46564753057        45.9527437071392        34.4059996649306                       1
        96.5257965854891        38.7138771336377        96.7808671563274                       1
        18.7390349640392        54.2676390176446        91.7690738212735                       1
        211.079808035279          72.54723441393        135.028743489141                       1
         333.13060339804        34.6442025771722        173.236676410959                       1
        125.168974680146        28.7274192347763        166.973940761442                       1
        140.842743320672        85.5868804171786        97.8059389400321                       1
        274.541677121958        30.4653905725327        141.451043048708                       1
        356.330854498982        45.9926539491748         37.082425772636                       1
        335.750326632276         41.019348650067        58.3704135554971                       1
        57.3916263608987        23.0650961036252         93.803648311872                       1
        85.4195490164587        61.8441689407029        97.8435484745562                       1
        363.882338118225        68.9788156999224        124.259127052105                       1
         90.633568946899        25.5703639856317        77.0634397303315                       1
        273.865301300531        67.6500595716498         88.485322105969                       1
         277.65834280805         99.163261583746        57.0287960822008                       1
        42.2240248337272        31.0611061460729        110.587160670653                       1
        41.2016111698864        61.1374318803868       -10.1719709281557                       1
        60.6446750623167        60.0390313591064        151.874321505361                       1
        348.496917854722        78.8632015641699        135.128302982206                       1
        310.517714258893        17.7681066752143        25.4623786047224                       1
        136.280979104641      -0.259223118632728         58.309064108048                       1
        55.2332235530454        98.8794699219547        100.026673132489                       1
        159.672495203311        7.24901395906096        77.7193692449575                       1
        240.130728004458        87.8943393074815        45.7852567949219                       1
        145.734162368248        11.9345901069589        72.1842979351446                       1
        110.775624582425        88.2751292419104        88.4616910649914                       1
        342.608882139327        56.6833853211804        179.388558264991                       1
        60.1188493154825        69.2917536949493        73.3879718140187                       1
        382.918332819618        84.2496642584751        111.875069974284                       1
        195.562429721596        60.6933908039244        44.7257882663992                       1
        204.788822019119        71.1895747786188        60.3653919406606                       1
        333.366759232541        84.7355826377125        116.929159891932                       1
        120.900968993239        12.0747178145162         109.79035999099                       1
        194.342185559712        86.3835514975645        133.395219037611                       1
        360.749949779103        28.3454237273254        135.728860112604                       1
        237.941793823567        103.150828833478        51.7306473569817                       1
        41.7449782989979        52.7960892193714        102.186129834108                       1
        42.7174017995603         47.948779340568        167.773243109595                       1
        24.7866364465262        55.2435279822646        43.5115721793226                       1
        288.721885292625        8.09648790802534        76.1813806773701                       1
        311.145215131244        49.8042708777457         184.14763849018                       1
        330.321593579061        69.1387562843774        98.7916928171607                       1
        153.873990684664        57.6382199692878        56.6247553962815                       1
        228.773623987507        53.4257438284686        4.71142705214943                       1
        227.989336949426        72.5790078021374        51.9021153537764                       1
        296.696124682496        33.4789247281926        60.3935573544047                       1
        74.7872502325531        50.0807471047982        69.7887730099399                       1
        326.116049000936        57.1492991584695       -23.4626216826779                       1
        29.4646503192856         14.101215020184        13.8650409212293                       1
        232.118369470386        33.3061812183384        141.003515764281                       1
        366.723565001634        40.0732080209486        105.089967403455                       1
        128.074343125492        51.9638392071762        59.8971260866121                       1
        309.929287341888        47.4813487738048        128.112948739487                       1
         30.312232348771        54.9531544376401          4.244735011921                       1
        267.149467343345        53.1979511737883        40.4403883206061                       1
        77.1295742615484        35.0207703610939        47.2889082063677                       1
         175.15241523557       -8.79031514582713        128.425225625163                       1
        78.0792335522349        29.6777843010087        157.300678176579                       1
        353.204360929864        50.1441936375943         132.60570648156                       1
        207.038683597022        101.856258231094        88.7790131199892                       1
        219.322839295511        88.1628919627484        68.5100359212013                       1
        317.435100744862        46.4005010914543        86.9979658767394                       1
         32.507106346516        44.4870770635836        31.4114823829999                       1
        240.918447027143        28.9952859631628        115.273260823822                       1
        304.854935642885        30.7694733155472        139.203534869721                       1
        202.162799007154        43.9077003531794         29.390926879203                       1
        106.315846639201        32.1213733818083        197.704855406658                       1
        275.513977085222        55.8407001173107        107.720152258057                       1
        308.871608469888        43.6002636453385        106.553894024701                       1
        174.916329751646         88.733143017459         27.707268821538                       1
         34.413912809417        65.4887377023655        156.718102288366                       1
        258.909705832154        69.0175945062554        163.354503414169                       1
        12.3787469797734        19.2262281818081        138.062727774574                       1
        371.961250742406         42.377964185682        33.8889528671665                       1
        17.8614671817114        67.3541965031213         98.095991755199                       1
        118.802787001062        41.1900719306624        17.0060197256834                       1
        -5.2995485716635        22.6151221789035        21.1675159496713                       1
        266.751134543588        91.2159885663464        182.631924149632                       1
        220.995417686313        42.3588473392303       -7.46769976369238                       1
        230.250239032953         57.527592861132         124.56470369166                       1
        318.365776157138        22.9732189614355        169.953608434824                       1
        337.624001402714        13.4390853391706        4.39103251119923                       1
        16.7158370885344         95.449305342695        41.3123800695972                       1
        118.300552966274       -27.6373584078512        102.042832514671                       1
         204.09553505346        23.2412655129776        16.7926596157312                       1
         139.92681234123        61.1106605483507        48.5242395299679                       1
        123.821854930846        73.9247302803267        57.9864115133363                       1
        125.593861515732        59.2187624296669        36.9723573672045                       1
        24.8567790599227         68.205821328845        40.9945414215419                       1
        103.444056668066        45.4351271653006         120.52583709914                       1
        264.241685748346        63.6433494590034        143.422299358135                       1
        260.941751604396        52.9662178002277        173.556513400668                       1
        98.4084177331918        21.4442651972466        123.470026840239                       1
        181.461170931963        70.5411220862661        154.705255007478                       1
        49.5276389869671         43.875538463867        102.467333420061                       1
        103.950949031695       -9.55561314746808        14.0811272636499                       1
        118.190015866728         77.439144702777        102.208590138541                       1
        67.6354569246833        72.2848092666899        147.258252916795                       1
        120.894832258324        29.0168501675062         122.07682207553                       1
        107.421124080816        72.7768744240328        159.923019642888                       1
        276.328345295212        38.6734663677422        29.6369544127601                       1
         44.288884407146        23.3697885853626        85.6644863930682                       1
         25.643001774938        64.8226300026855        21.0766114732901                       1
        226.524001427841        96.1793829814041        21.4885410994787                       1
        193.560217544066        65.3879283817129        165.561530660261                       1
        38.7372016935618        50.0537068724794        71.4458958295757                       1
        111.955736731253        70.2136224376648          52.39046527082                       1
        226.650540789668        111.077002456074        85.2762167386369                       1
        189.434311068021        40.4044873947581         88.168747023786                       1
        40.4598050760326        31.5188062941282        16.2401418783739                       1
        246.324718921329        72.9920359767855        27.3671145395009                       1
        49.6492139514743        41.7963987360822        161.430979925224                       1
        272.075933243728        79.4388051194406        104.616606757717                       1
        42.2104785153324         88.077738122327       -3.36564482805008                       1
         18.583068835677        24.7167159988407         41.815452196732                       1
        254.282114268184        54.3674258261891        147.171273693198                       1
        82.4713134322316         19.727943724546        41.9926273564501                       1
        197.470821973505         75.871558852748        98.7382848821333                       1
        271.189645809227        31.5051594176587        98.1612058505205                       1
         97.738785719147        50.0922895422907        60.4153553645148                       1
        137.873960061774        92.2272613266503        174.987969175845                       1
        27.9778471679562        50.0009465789694        105.845371924657                       1
        335.471941820912        71.0693670866709        180.211801730047                       1
        172.197999884859        21.2652999403414        62.3242243725814                       1
        297.280866631919        36.2498173420061         71.313221306697                       1
        201.060562400996         88.669348540704        153.994357563251                       1
        28.6563333267772        60.8655236521951        30.6836573497824                       1
        179.659774708252        65.6640930259399        45.4648689742882                       1
        45.1801297308094        49.4379779412306        145.191619405613                       1
        98.2989532708889        79.6004715341436        137.515873161045                       1
        208.646605524587        82.2508697234876        105.532713111613                       1
        258.623610138563        35.8895746761513        39.1254682622395                       1
        223.207411763549        62.9073398148302        96.7767222961743                       1
        50.0762396877547        45.1341217783426        90.7655863321683                       1
        55.4456322445047        53.6337709210244        -2.6849840412607                       1
        317.665407891954        34.0675983805579        67.0545805908204                       1
        299.272106732108        47.5725032661973        43.5382043063612                       1
        241.144824237637        62.0722027551744        44.2105298022459                       1
        200.689095334303         101.14885707705        100.624554778809                       1
         143.54960869255        7.61925509373852        151.757580006569                       1
         359.20079398534        46.0370171666379        91.1971600570675                       1
        17.3395124934628        35.9330726356947         50.844007126361                       1
        255.498320071105        74.0661817471716        145.096903577561                       1
        235.812334641206        45.4101302148956        169.845192146375                       1
        70.8353226710636        56.7708684040935        91.2816616562412                       1
        125.587985621654        72.7664548194501        182.840009341502                       1
        160.295997161668        70.5834243552217        117.473098079865                       1
        321.124038291759        57.6673914230202        108.415735576558                       1
        4.54208158903446        55.9358721430747        39.2213529346282                       1
        46.4321682666309        75.3391948092803        103.974169750524                       1
        24.3517782848027        34.5344376759527        181.354421181102                       1
        328.736594661211        39.6880062584574          184.2667249111                       1
        93.8497016151856         66.739979355253        54.9332460125142                       1
         140.52516196872        55.0543609421022        53.3100076999807                       1
        279.961498385312        53.2653295411255        105.345121655036                       1
        252.535357942795        74.0192556327745        89.5137786562449                       1
        68.2714832416391         53.745675108501         58.607281378575                       1
        73.0475289428895        71.1732381364927        118.342150614682                       1
        235.687699919972        63.0257026222848        157.316881402472                       1
        204.189685512718        42.4321341552151        111.782759522318                       1
        268.754009329964        10.5961703339313        115.604435305174                       1
        286.383217182819        48.0623653061215        30.4632436985416                       1
          166.3043685262        18.3959247552112      -0.215234001573452                       1
        94.2043734570005        43.7938725560485        52.1843062082777                       1
        284.683696667081         39.887204970073        167.331883800951                       1
        214.179321013633        86.3212317692154        44.1875726916493                       1
        358.273732656336        79.8767667435826        167.385528410881                       1
        302.301678748857        53.2519830891802        145.285801690084                       1
        178.092637577385        36.7989543730361        51.1009353042738                       1
        376.633766297806        14.5787554775401        49.3054766782196                       1
        222.957929406524        73.7200610685292        46.1683192786869                       1
        19.9614412827531         37.062754049268        111.968423696157                       1
        5.47359374150599        88.4892750418836        59.5544678506113                       1
        159.559220744841        86.3065321603212        13.9517991643905                       1
        286.460729751685         24.984038048779         32.052756826962                       1
        118.953282623966        82.5922196561964        161.933549652194                       1
        152.070863547185        25.1775726668546        84.6214393691626                       1
        53.3032914771635        66.6074221880805        22.9689233126567                       1
         142.41593239432        34.8611612542304        54.7761001386815                       1
        126.658912075712        74.0238244782664        51.2864945009132                       1
         282.03787356709        59.8582494683352        10.4254962091841                       1
         49.698757093926        77.8894908387337        152.370881223789                       1
        81.3886686642714        59.7495027963955        50.3781561265978                       1
        198.699655646816        25.6313479891212        34.9523839793914                       1
        229.937061898165        85.6926537325308        34.6074306323292                       1
         160.02862605683          79.20016323377        33.7004905379136                       1
        6.20946210046026        44.4155271796956        135.112589833432                       1
        268.653582791516        69.4232829806709        63.1049789274974                       1
        75.7095301152019        16.1831428193703          18.76540628258                       1
        155.375130082768        87.5881942768752        24.3521779028166                       1
        145.309631554056        70.0845370524283        137.470764064741                       1
        348.531790993645         70.341591594258        6.50139153391665                       1
        106.183348887077        33.6615456049796        116.342835583628                       1
         14.326215255591        74.2840050491167        155.552238589751                       1
         40.219755722783        50.5756247936654        83.1282449516532                       1
        218.761492908891        74.6317274203703        152.169111243597                       1
        335.922815070867         39.133259243337        162.694512319362                       1
