TEXTURE AT STRAIN


B  100
        87.1003260901995        64.0696502035086        111.336894751695                       1
        5.08958673817745        47.7961873493231        76.7678962486755                       1
        89.2731766498319        27.9875120400671        111.904007347017                       1
        278.172390371542        121.796593314538        53.4529781350425                       1
        62.9040272228681        109.004996490529        117.041992718998                       1
        239.024840953539        88.5825109204048        57.1751251875332                       1
        60.6383220764664        55.2268813021553         141.58606759822                       1
        94.2888172560724        40.9242188136803        124.283377008655                       1
          99.16064363591       -46.7114810864428        60.4475137825556                       1
         280.10551369552        102.000713457369        224.420208731229                       1
        46.1296396824232        82.0261787655617        137.414551217451                       1
        250.480831482905        155.709737626101        31.6519684183337                       1
        106.993806081466        85.1136385285758        89.6643451311931                       1
       -32.3187309164708        31.7281418938546         47.141708021725                       1
        162.206150832333        53.6423199925581         45.052243794903                       1
        16.3521874989216        30.7828273425813        165.290755880436                       1
        101.262124166783        60.7016950286281        118.853033996606                       1
        264.027868911201        101.277415345021        56.7647351524038                       1
        296.882459990754        108.694929480106         53.846470303226                       1
         289.39105729598        28.1320289762758        74.8634840253468                       1
        127.055272133604        44.5796308078986         165.27529574658                       1
        49.8480418095684         98.000469774362        149.808040719842                       1
        294.514698632198        102.391516282407         63.926642418623                       1
        138.965497178824        110.993123760185        64.2383480692616                       1
        -27.658394661862        17.8771809297485        21.4608324225096                       1
        296.206345689293        123.809096250151        74.4782181321024                       1
       -47.2103967811932        42.0476864465213        65.8753285388094                       1
        119.058439422494         39.689040324216         93.470029815526                       1
        285.863665904412        62.3497483762059        70.0512246134489                       1
        62.8017379288947        13.9596975060049        143.010967019636                       1
        96.5158349659094        43.0988878340406        92.7186367225893                       1
        283.819826874604         94.137770871934        66.5207997886396                       1
        288.414850935367        126.811905990344        52.8224553587394                       1
        85.3789470612122        56.0551121152644        130.325649081419                       1
        50.7493705349966        118.210501709314        156.025059865873                       1
        116.861740003089        99.3394952877659        113.964103673405                       1
        277.233020080663        39.1261648868395        78.5178724862116                       1
        229.540730177732        77.6320818567594        50.3782871384667                       1
        107.517162011192        37.3111051033823        118.642409601733                       1
        289.515049125972       -66.7536705362384        103.841825882145                       1
        362.604728254489        136.238480794331        112.148422127816                       1
        125.310653375257        90.7798131310347        119.345973230894                       1
        117.467143846599       -29.9935183392464        48.5630766422006                       1
         105.93047425529        64.8166812088536        90.4143641733371                       1
       -29.7988763490539        49.5864474978254        34.6184738794241                       1
         27.653942526196        130.583218212639        193.021888373516                       1
        115.174481401468        61.0920055971525        3.81779520687123                       1
          93.71776888273        75.0664452814828        108.925275191999                       1
        58.8094579070643        36.7168791143987        261.285635286148                       1
        307.253142205389        24.6905427203505        71.3342926932652                       1
        60.3271346229574        118.556874158283        20.3248486537555                       1
        296.737883084749         100.05248059391        76.4129263406932                       1
        308.812065371808        27.8499118920268        72.1478588210892                       1
        29.7630056117056        40.5089182227498        47.5000402569617                       1
        263.227757326862        140.099280207244        50.5503883634924                       1
        91.4137755980078        54.4879749464729        109.635300065176                       1
        281.681027144399        106.788116267997        236.324881965682                       1
        74.1114574663175        66.4371620596548        128.626351484942                       1
        72.3546701734502        102.896874069793        91.5078138231113                       1
        285.768165789311         20.497568936902       -105.779966376801                       1
        89.3531789281105       -25.1385247671041        118.322060715781                       1
        332.834826124887        28.8235753646077        31.8396824386132                       1
        92.3949605662334        75.4739603563536        101.948140388593                       1
        248.501417321755        46.9065004488702        73.9135315203016                       1
        102.571623272334        55.5480915856223        175.847275553539                       1
        122.834157974228        22.4443396497627        96.2708994625508                       1
        261.791643502429        35.3415990678895       -76.3507017682493                       1
        278.885134244232        81.5251942532418        68.1310655102071                       1
        22.7622972597113        22.5107678704129        175.083482538736                       1
        260.995797399644        135.091936716747        33.2527436301488                       1
         261.12462075588         58.580689767988        90.1881870583214                       1
        115.012144387101         130.09184428795        97.8821133628304                       1
       -5.45348797294049        19.0784563187491        33.7855664830614                       1
         286.94111259495         37.460512477288        276.864599939644                       1
       -45.4590336215358        84.4834296571247        75.6007637430425                       1
        150.935472618078        -17.359205625932        225.871853366844                       1
        214.032517975338        82.3439334071816        44.1808306206944                       1
        126.974186470599        59.2599102452555        92.2853950771803                       1
       -27.7582678770253        4.09633756547804         216.88544266721                       1
        301.696465560841        43.6792728434979        64.7618679359349                       1
        270.958044428512         48.843077848833        161.606781566659                       1
        109.233240955088       -8.19363517346138        102.077633171275                       1
        105.241739342717        47.8042096912684        97.9422971974394                       1
        79.1623926648649        58.9786986051331        103.617754621645                       1
        273.868540519749        87.2568708585749        78.9117251984012                       1
        261.883009734179        85.1822544636187        58.1151404292669                       1
        307.658979015208        61.5781742410145         233.43807449409                       1
       -13.7361540223714        39.1495396567766        11.7135205605468                       1
        128.345490664483        76.3787142201379        103.484952314337                       1
        60.0422504464617        35.7972622119391        139.340396404778                       1
        264.318700497831        65.9448486362052        67.0695749175119                       1
        255.622776506629        130.375855634869        61.0930300847147                       1
        89.9437981417171        64.2735901277493        142.133727285776                       1
       -8.19339368056731        33.3727233777423        200.890395839436                       1
        218.762883547885        67.3456584433332        151.743493992092                       1
        153.789893101611        38.8281871168361        133.541081858268                       1
        258.903273877279        19.2624286535757        -69.448105928406                       1
        177.887353506547        49.6636923664261        108.409292755833                       1
        312.965862701029        41.3156754237131        43.4129714091481                       1
        293.734777876134        85.4400497995763         228.70472718544                       1
