TEXTURE AT STRAIN


B  200
        74.1076568384329        69.9123373064456        18.8160482419992                       1
       -6.49079352613199        91.8260463298411        155.402329016428                       1
        279.615130156301         7.4434951061969        63.3530298205247                       1
        177.950660441715        47.7692121728245        44.4734360137081                       1
        102.653885396996        55.4259809106625        83.7485210214728                       1
        289.589723654751        -22.918951736799       -33.3288033789006                       1
        158.383929815974        123.103860221013        262.101808264896                       1
       0.550274807891672        161.669891801961       -55.2803910551986                       1
        159.424147688795        72.4425438257222        131.686283626271                       1
       -50.5236101501807        29.4000867826865        52.3045072574834                       1
        99.8617144734209        32.8380254245978        79.5918189786734                       1
        79.5382905162934        29.1175780248042        130.129505321764                       1
         362.14960638266        65.3304379981731        31.7963997521191                       1
        120.519674223834        77.6218206647391        93.1250411122382                       1
        219.794311370576        12.3318220488097        79.5446436925594                       1
        303.555793663451        137.969711656695        105.601720391494                       1
        132.598310469935        54.5459062534219        138.410960076635                       1
        57.4130491121811        83.0373250856217        143.334210449479                       1
        119.290475674391        56.5641297859072        133.895427492324                       1
        299.774344035033       -30.5081228612069        92.5274332002399                       1
        191.355962814496        120.743827798463        139.268618340745                       1
        122.626607825447        73.7951441352743       -9.16461049990198                       1
        356.222423493024        19.2948828427646        -1.9598110818335                       1
        115.198176495763        19.9123969805997       -84.8636477202655                       1
        302.254673733488       -23.8174410503801        72.5834979974193                       1
        188.329700316973        13.8446617153729       -27.4812413938316                       1
        240.054991174923        53.0767941068485        98.9529568667975                       1
        244.800649817903        75.3796672667211        172.406974580395                       1
        216.031190510012        51.3150391959548        119.434362213989                       1
       -41.9827225128315        15.4447667478293        14.8725837907918                       1
        212.439746812635        125.344377230902        156.887230116081                       1
        245.426575491826       -23.5963572101034        123.447945112231                       1
        16.4604565688582        74.4385733171258        49.2132362373472                       1
        350.679992186001        65.6387126402964        50.3787541576062                       1
        119.062160106024        55.2133176291994        103.209130721477                       1
        74.9709730783022        48.0612149067067        87.6002400611046                       1
         154.05233316025        37.4791702375225        42.6462342608035                       1
        382.022150461515        23.1636439355478        156.101961365481                       1
        64.0351333534628        30.1385701292942        43.4782467701139                       1
        162.186402992876        13.5922281159797        199.243667504866                       1
        32.1535520628792        61.8359075271505        114.030308173879                       1
        100.094422290901        82.3974633538619        99.2746188391207                       1
        125.091550107344        26.7247046163554        63.3985659469569                       1
        91.3725795315103        71.4824456221643        148.559560119074                       1
        363.102170187836        73.4968608630475        153.970907706147                       1
        100.427735759426        44.3473241919565        79.5338263116597                       1
        57.7190599391735        66.0131812832437        128.896074116611                       1
        159.260227079688         53.057935270663        161.324526847991                       1
        102.590752709195        67.0575898283487        164.759651341252                       1
        40.1939415002172        78.5052173550804        135.122172205734                       1
          261.4671229732        -14.937531580205        91.8917564820763                       1
        79.3322474606173        71.6009052554421       -41.9052126277645                       1
        289.913332832026        61.5118316008875        122.344929882264                       1
        274.285345416815        121.100371318067        56.6900270903268                       1
        265.519772021415        54.4618386367431        98.3430303945465                       1
         150.28761719331        30.5891632016261        32.3346723887627                       1
        363.010073739907        50.7872935390477         98.089146924449                       1
        285.324345637332        104.882233967424        89.7695613183706                       1
        293.365740631769        90.4598882542202        121.863152881884                       1
        281.169035708212        128.903402132022        89.6454563059989                       1
        254.959686370567        61.1390416736148        55.2461437231004                       1
        62.3069102428697        60.3140687271625        103.469310080404                       1
        356.287186065277        42.7988005916507        79.6452357362718                       1
        90.9588458105073        78.7054418601049        21.5150510146155                       1
        102.563939659121        67.4287782243454         105.98007762121                       1
        176.340417627673        64.0712502007732        30.8891416495864                       1
        99.4055803110251        32.9449113008583         79.831242160831                       1
        216.876815104703         56.728892413656        61.8495996338496                       1
        291.392187000711        53.3353997905433        106.406916083201                       1
        382.666642830637         57.176720592268        103.806323322294                       1
        86.3325683514747        107.484885559122        71.5978186478292                       1
        289.862952283832        122.377649028597        186.183246860428                       1
        98.8707561063849         36.123001716827        100.878916050537                       1
        278.842472402084        67.8176321322541        88.6872965685256                       1
        213.723503265258        109.666258348032        139.757442862395                       1
        279.183731296252        148.619565295217        83.0640206466831                       1
        258.117680529265       -10.7974288531083        119.660272799617                       1
         284.09674215063        34.8458360243192          113.9282870458                       1
        47.1245216701244        55.1949600467343        122.793935346689                       1
        290.496168274966        88.2627054098544        200.967687247203                       1
        342.188869010385        74.2269017482183        173.319873955243                       1
        60.4428908673278        26.4482572386536         111.74639793456                       1
        139.145441565564        51.1117807515366          94.36579766295                       1
        51.3525198523124        44.7209046237904        118.582855787646                       1
        263.695508931771        93.4884321460488        101.677674428915                       1
        163.954306533844        117.546187472686        139.630063205957                       1
       -2.64683105211486       0.372780284534019        42.8498995269175                       1
        335.102971479859        102.731380734257         112.77332202646                       1
        96.1946828292928        47.5856831409375         110.18601651615                       1
        259.757995532786        67.0356285275057        153.054979090829                       1
        128.227438750691         41.133372860103        47.2389048329457                       1
        191.726420033994        95.8918620359214        10.2559144817603                       1
        84.7498136186873        43.3922271084562        95.9115858327199                       1
        -11.579512175824       -33.3592139798903        63.4123111279106                       1
        94.5407563533048        57.1690265375701        105.977149076757                       1
        298.309325336899        57.9395588711994        179.474106659777                       1
         130.50654403405        87.0287616720762        80.1071386694765                       1
        33.1828566702854         39.343282932649       -7.03092197821538                       1
        380.286821204506        16.0123505021476        142.252266045814                       1
         137.94687886275        39.2370122087206        77.3963988188874                       1
        109.794578720679        64.9296148851907         125.77093327015                       1
        239.184001419145        67.2521560978668        83.3369198322502                       1
        347.395208218938         82.495212951652        36.1221868300429                       1
        90.7722120977847        57.3743803900176          78.71673095956                       1
        76.5408771486863        63.5267149265093        108.697923140675                       1
        100.396952700292        41.8756422650912        125.544453623282                       1
        309.997730128305       -41.1141224321466        69.2085835945482                       1
        320.237253894767        93.3295563322456        184.516387896152                       1
        122.618145029699        63.1207770748282        89.8118108373398                       1
        146.380227803287        55.1311597383751        36.5713742811221                       1
        294.972735979306        129.634808299518        74.4883438808404                       1
        317.365679054955        53.9069056688762        27.9817182041752                       1
        122.835020509144        18.7467681394481        89.3466191785218                       1
        297.942349403591        70.7339483780748        61.2293897019911                       1
        276.915907647171        63.7174373391442        145.445687832043                       1
        270.470252348538       -34.2886309458923         116.48357271157                       1
        106.974222252151        50.8359974194825       -22.6446775656487                       1
        53.0186041053202        12.2213491461863        63.7092622489233                       1
       -31.2042481612707       -39.2139908414664        57.4331143415582                       1
        273.023847083781        78.7643536806918        61.5799090353916                       1
        255.872336567903        80.6163433110514        81.5209646315398                       1
          105.0974986266        76.4645437212307        76.8381986776118                       1
        334.900251709578        33.2690521701686        11.7094272320843                       1
        116.584560812508        25.2728535616449        77.8203292120128                       1
        317.932513528295        -27.041190654317        95.8190046544978                       1
        254.225342120213        127.640084418328        65.8713271912282                       1
        20.0262730463557        68.4127816731303        8.33283925877036                       1
       -15.2066430475896       -27.2682255270352        231.214431866917                       1
        112.470535461535        47.8135265791816        89.0853310191142                       1
        268.411077937193        110.681201549102        91.3695649862916                       1
        66.6230810153229        24.7393795375721       -68.7172391547357                       1
        282.735024684167        112.621838068586        74.0788994388146                       1
        41.7964077694877        27.6322666132441        156.281061430755                       1
        123.054156096556        25.5820302167714        221.952097129545                       1
        134.355587412047        64.5374193048414        105.603602908119                       1
        65.4441167189714        23.6055683596006        123.456838250177                       1
        74.0262274807242        84.5052361413606        63.5682535184771                       1
        65.0956652977781        40.4484503552687        143.026381337625                       1
        79.3594317286401          44.41754060918        102.857233474567                       1
       -34.1062689886625        66.4003874371151         61.413304976126                       1
        74.7179079861111        33.1936390697326        86.2882790549412                       1
        196.957391060791        58.3313694306529        35.3846072142168                       1
          145.2886150281        19.6981945969747        236.051915414738                       1
        310.809540702823        71.7943850995355        17.9085155242427                       1
         162.00209075899        9.34291092987101        34.9507509092468                       1
        259.707250227306       -10.8871696492724        118.114436706633                       1
        277.415270552754        48.0887787365337         133.56463761319                       1
        286.146489083706        77.5543085246117        100.977573857975                       1
         128.90685438283        51.2195074033324        59.4439994611983                       1
        152.882257817802        93.7564325707045        154.546734000323                       1
        295.254471753905        140.219741965501        82.7780023436049                       1
        78.5667402235062        27.6601157349393         110.45196221871                       1
        87.7647147502037        64.3117377596312         99.222932847147                       1
        329.887907144331        73.9135945410589         35.008840637882                       1
        98.6664775999417         11.607468940605        76.9970473458918                       1
        91.8128213109552        10.5443417720982        62.1555856609877                       1
         49.600428061689        41.1886729019782        142.414319365157                       1
        273.427003956048        144.813077948726        167.038545997937                       1
        299.737783924522        41.5624769282643        114.315044028615                       1
         274.53233288183        93.6901059424293        140.095459892588                       1
        114.374283714381          40.69316592699        133.643146578135                       1
        179.411435864964        104.412502362119        115.996041523107                       1
        141.305283616413        60.6074746505542        73.8647785209743                       1
        21.6629775839045        35.8235845107853        41.1346191939698                       1
        137.342344304457        71.2928379827413        151.422306831447                       1
        63.9090867705988        18.1835839513762       -32.3429692832425                       1
        310.200838380523        50.1261549751972        127.089724205262                       1
        96.8045998215121        47.5310087125185        105.750437355753                       1
        83.5810130744766        53.8326728151622        122.343724124784                       1
        143.363380837877        71.2765611246015        18.6242525384329                       1
        357.107311719628        27.6991502976402        9.74748525254207                       1
        129.586711960072        41.0827107655492        143.218638411457                       1
        115.236691628487        61.4376211498971        87.8832700573451                       1
         45.868737378418        110.668219641926        78.8740863007258                       1
         193.07211796272       -14.6359902304345        162.663831059595                       1
        376.951776425467        65.4569071833428         61.230640870597                       1
        119.991039723776        68.3774191562027        70.6687197450822                       1
        272.328594386082        16.2697764540416        82.0223678793209                       1
        84.8515364718952        53.4526792689118        3.86266746970678                       1
        14.0668675743863        48.3028215782953        23.0366838083546                       1
        93.8192395598327        93.9238837965496         90.606661151213                       1
        116.040242200225        74.4300827881703        110.520517840439                       1
         158.11504072855         53.573381917765        48.3332770183755                       1
         100.35618315907        31.0369502750407        95.9344491661894                       1
         125.94598531638        62.1778364392107        10.2026059670974                       1
        272.410356057873       -35.3682841831878        71.6652020835771                       1
         377.62059786418        5.48692156547023        165.242388830499                       1
        43.2585330959797        67.9996803769772        88.2473448917835                       1
       -28.8296878205533        14.6295551805391        39.7491237876662                       1
        357.454022241639        60.7725317950687        163.493360916437                       1
        286.333402416418       -14.4166947145336        170.678089632465                       1
        186.265339520501         48.056405068994        158.935633122765                       1
        71.4402774570544        47.1839670759924        102.061453441822                       1
         32.343417326703         27.761254429325       -28.2289671911117                       1
         109.27885412544        52.1214671796694        63.1507785778877                       1
        67.6884497406701        41.2550534228475        125.192631045516                       1
        294.597719452668        3.03507789312459        204.008191387982                       1
        123.478769045315        41.7361660853643        66.9781916348678                       1
        26.0145092023254        79.3073726647705        130.469754959755                       1
        207.035280997711         36.122178385203        21.5656348418258                       1
