TEXTURE AT STRAIN


B  50
        301.365787292845        45.2312782019788        163.482797030034                       1
        316.224023452406        60.6212713457574        19.9698450876964                       1
       -79.9937980506005        20.3292635290056        202.412900799352                       1
        311.887838596579         24.870737138362        2.25102011541213                       1
        294.004391916372        45.5116020476662        16.7058489761201                       1
       -31.4419460119736        59.9650665362337        -15.791128927374                       1
        271.042614457964        36.1208961994608        37.9433930133933                       1
        131.579265227347       -28.5285776736643        189.173437156226                       1
         88.848924987776        156.953086636333        130.949867411468                       1
        329.562786025753        44.4288004846634        -12.415204016509                       1
        385.692911308983         77.760246973857        110.638674211341                       1
        34.6124220388883         58.700730720624        137.598149806075                       1
       -44.4611169697901        214.953338860425       -10.3922551833804                       1
        173.459658510172       -28.6948667709814         143.00809648234                       1
        -20.293873709496        46.6616094795374       -15.5819059249402                       1
        287.264453979377        38.9710648552327        42.3113990389397                       1
        332.940918562574        57.6814784286574        181.786474063704                       1
        296.664202325008        56.6433588553315         28.687640336587                       1
         137.04132526625        113.940359408579        179.773265073819                       1
         156.91375871128        -15.798160581966        146.193131692586                       1
        26.8852725207401        63.9282484858886        125.605242781885                       1
       -51.9992567684513       -128.759794397295       -3.29446391417437                       1
        190.926863470688        115.819646222657        241.046843265746                       1
        273.855917121006         40.788988063832        197.586145561354                       1
        134.214616831881       -46.3699170487858        12.0843501834282                       1
        143.925772333903       -50.2418097828535        150.059376369172                       1
        143.170255138655       -12.9090645746336        177.948572318621                       1
        167.118668936177        131.740282116851        39.8202119704812                       1
        115.967149614547        -31.699921118525        185.850312206837                       1
        330.476462102507         32.923579942169        141.756989543374                       1
        71.5551129758527        43.5044833715231         41.378459673795                       1
        -30.126864151353        34.9444967330851        160.918655188041                       1
        49.5775593769923        58.4645112941421        112.018066763297                       1
        112.900542161808        141.855919239075        156.386769712127                       1
         490.40416426409        -24.112578504908        25.5731488680331                       1
        297.310420652078        28.0252908857394        168.097721136074                       1
        126.220980702023        118.310926641322        11.0949509401203                       1
        328.751712004328        83.3714567495281         124.32029792088                       1
        304.673446758907        45.9298835713738        176.275831144879                       1
        139.517350528217       -47.2113885066704       -14.7325231898572                       1
        117.649994592732        141.554932921973       -2.19151531496074                       1
         39.630730023422        76.0103287870589         125.39436297969                       1
        119.569860923537        118.290585690843        168.696889755654                       1
         135.46783673432        129.584523325278       -5.36490384037457                       1
        170.012110407222       -28.8025019858824       -18.7053393534287                       1
        157.030347420188       -38.3376686513499        1.40551566159527                       1
       -37.7912126919232        33.8745466300301        161.280615161157                       1
        313.785844497025        41.1989199025395        28.3319804149703                       1
        288.137132720354        53.0977977672271        4.05456870156322                       1
        99.6817971339299       -54.5351582648869        26.0543092062036                       1
