TEXTURE AT STRAIN


B  800
        127.218621761729        14.9050624558732        33.7999026044596                       1
         119.59420404729        81.4579527871787        62.9749417323996                       1
        195.591519286696        77.4171092285913        31.9013903447925                       1
        109.492260907494         97.251181663153        123.798636387196                       1
        254.334663595718        40.0283759686473        129.859999505593                       1
        8.77770168329813        60.7649727320952        165.699923658532                       1
        32.4632201556606        37.3262553635705         21.706015108604                       1
        174.771207095958        55.8018418655491        25.6487088820348                       1
         298.26685272437        71.6920204702428        118.756866978139                       1
        309.244392860574        13.7576318108172        114.485610150183                       1
        151.955617107657        51.1838518470494        133.874779711114                       1
        89.1256844447733        60.1054260854466        81.8980420761728                       1
        258.374761881027        82.5572323778461        171.861083724509                       1
        262.195218859163        78.7273040146752        132.090239448027                       1
        317.986907270805        70.4333934703984        84.6348422696489                       1
        313.050772489255        65.6447104784252        49.6183005855684                       1
        159.158226290056        55.3533432681336        144.610715662673                       1
        290.669620501956        47.5751679250039        133.258022809515                       1
        238.292128558311        63.4432378964689        134.244856437861                       1
        340.102001411239        102.471531220156        20.7711604826021                       1
        300.377379218839        64.9677458997976        157.032019761216                       1
        317.890409455735        9.59973771913014        103.220848535154                       1
        302.104364641864        47.7906051602711        63.5103137890586                       1
        71.2384962876862        14.1313992259702        19.1856877117774                       1
        69.5604318841581        64.7693637190253       -14.4935884598036                       1
        248.249630193781        71.1114809576628        134.230302040978                       1
        310.464582124966        81.4350410255414         78.747775961463                       1
        337.032710677065        42.6864468881209        35.5228524424823                       1
         286.92306701673        67.3119466260936        141.842023451793                       1
        23.3940503324464         21.087972554958        35.5823115501489                       1
        252.949569429942         94.654370694839        84.7156578505444                       1
        282.180928320633         56.554346072225        132.317653275744                       1
        347.559664711588        109.135408571694        159.238415498382                       1
        26.7039973798525        54.0893736887724        182.338034384823                       1
        42.4915957935205        49.0135017643085        28.4940854259619                       1
        267.119025253883        72.0146824915348        160.599224009937                       1
        138.069904669869        22.2676823434041        89.8649740214925                       1
        197.778720325548        38.6128319091119        163.571313385693                       1
        284.334338646604         76.349621761821        124.005007605242                       1
         366.38055335689         104.26798471914        163.500957477504                       1
        104.125517954944        45.8804180873309        96.0049414115046                       1
        167.103634202996        83.9242026382401        128.879170407888                       1
        359.931654821677        81.1300706832775        128.062440299779                       1
        50.1352189308579        64.6515646306105        19.7140878152798                       1
        83.5577077656762        56.5304814653362        26.9009433405282                       1
        306.854054839546        78.8740850493579        12.4844667028835                       1
        329.180710546262        10.4510320823012        77.4116185787387                       1
        104.178657139719        47.6890087516305        118.687528111154                       1
        2.59847879366452       -6.50243505384037        145.734392919956                       1
        243.832768345976        65.7602420251798        47.3241124991155                       1
        87.3661331478053        35.3970856467625        26.2015697558703                       1
         222.44722067637        51.2550226525591        62.2523678279819                       1
        332.057778364873        90.8571284797194         137.66840885858                       1
        275.439920653442        80.4964641045673         53.291745403247                       1
        21.9183152723903        62.4066455080383        191.156730292962                       1
        67.2809218648941        43.8620405299165        116.752080085531                       1
        105.455417745522          85.83650117991        122.315986209041                       1
        42.7163468614333        87.2536222933783        173.149732916827                       1
        214.194014225844        69.4614296935732         142.36124900505                       1
        23.4779384670931        114.000026248058        187.628183684172                       1
        156.900732830387        52.6941693171195        76.1974843929351                       1
        17.0665576709121        57.0408333907546        86.3874437609783                       1
        264.035526077165        77.2364299976046         158.72217633959                       1
        193.453690823218        13.2691848634283        147.650939891757                       1
         62.472854137507        81.4781336512717        143.298078968479                       1
        284.715132088489         18.216212039603        96.3959307819826                       1
        255.099878092062        63.4062139260842        65.5108770575325                       1
        265.751284912648        82.0121541899092        71.8623647477968                       1
        15.8113562775184        74.9798744596242         131.79956419996                       1
        120.684070761916        50.1113260357502        76.4010873645595                       1
        188.024428418002        47.2061553046992        28.6526966748586                       1
        188.274356035824        34.0917071217372         51.336293215472                       1
        39.6210811582995         55.291781913777        90.5406312953285                       1
        304.100076208252        70.9428373223061        175.506856004457                       1
        30.6369897692031        27.4938366705055       -2.99752887727129                       1
        330.831666726294        83.7224692830395         82.811395036407                       1
        186.277702319274         79.553865582881        95.2486751434665                       1
         150.21096700619        32.2736662472958        94.7636161129472                       1
        197.415449321132        36.3650418805217        29.7921545152548                       1
        238.924260755845        81.8090318126534        42.6058945273801                       1
        31.1811084662978        101.480284598281        165.674371438203                       1
        229.632186716312        83.5271410987026        77.0422302105491                       1
         265.08105639401        6.72327529566653         131.39930904586                       1
        281.441841536713        74.1210835702353        155.844790284416                       1
        89.4959513960833          25.71988720271        138.208460398393                       1
        330.293131173982        76.4715755419534        117.552260151328                       1
        325.831768282763        74.6225303494524        83.8292938954654                       1
        55.0748881940354        48.4349584404063        27.3146188091414                       1
        282.124403745534        44.3186828998225        177.889427863023                       1
        46.5508334165596        61.7633812995741        183.814682068575                       1
        16.6009784184244        65.2887265633869        25.1676552411323                       1
        166.558288284357         63.952032884975        111.510660220447                       1
        59.0094832569475         40.549471097214        71.9689558889317                       1
        317.451460336393        71.3450386935209         23.950216991873                       1
        147.031257400572         45.944953238104        120.343735530508                       1
        222.129442987822        70.0117691730115        61.0971317188486                       1
        267.418987933395        54.1818245854453        161.148581805445                       1
        98.7021242973712       -3.63426357052996        15.3997515272564                       1
        227.884528177792        17.8037452376796        176.562965562797                       1
        150.562876616671        58.7133076882235        102.380845595694                       1
        318.954613890163        20.9951963103739        93.3395097117364                       1
        323.592714918518        61.4748665206149        148.984332156544                       1
        128.612529576215        36.2822262207627        113.622009288076                       1
        319.837730365969        41.6603978433812        56.8663185822735                       1
        34.0061264161008        55.7483026562196        151.722759087527                       1
        58.1175105127876        52.1372923468087        60.8549037330091                       1
        46.4855457999951        10.4653441752533         116.82928916641                       1
        5.44318907611735         71.193037261533        137.025041505411                       1
        233.906370417071        64.9310805414802        26.2278552386189                       1
        324.115436950319        26.6778751135881        92.6308299669157                       1
        132.093467416462        80.6581859754257        69.9206789456324                       1
        10.0766376837794        36.1072505429404        58.4984558931662                       1
        342.332834801359         53.951616002636        148.283290146991                       1
        79.5660048715714        76.5625267112744        26.3392609543009                       1
        126.738323613674        49.7992608880835        109.518503290422                       1
        80.9873138993818        82.6392381818931        175.911809985819                       1
        345.977548765647        62.7948037781061        62.5151023569017                       1
        183.227658684166        54.1690258507155        187.517123595794                       1
         235.45240162918        47.3186396938065        16.8936479997472                       1
        142.147398145386        48.1378431951448        107.980243297914                       1
         222.27824302251        62.2163646605583         115.16438770814                       1
        78.1371245983534        59.1239920819509        59.8610653365552                       1
        14.7708492904724        39.6222980224153        177.010530098669                       1
        239.449351682747        13.9444445033492        17.1899743223785                       1
        156.279859178217        66.4389785998093        114.697892749926                       1
        109.434712414735        70.1639539105426        54.5107885746027                       1
        243.457636105759        90.2275506633909        102.394430333439                       1
        87.0256951563053        76.0282847316667        109.647244191364                       1
        87.1946070204434        95.5396590516188         170.20157768155                       1
         95.713947495162        87.2733185309434        18.4854383755407                       1
        81.6756059290366        60.5288192625376        35.7682514909735                       1
        224.253078260932        41.0506659324751        25.3145794218058                       1
        118.678489759734        37.7347083732842         103.59473583939                       1
        176.737383115923        50.4285991757741         72.987895112213                       1
         312.91328064762        82.7089138392038        90.2444352181677                       1
         181.76007705318        18.2119166627628        140.881179935429                       1
        9.93965618901426         22.224823906245        109.779423563236                       1
        213.599413454621        58.7872033226305         13.344424649333                       1
        342.822771951396        80.9017390828469        145.479446199475                       1
        91.2754559963541        15.7199571009425         118.34097301406                       1
        200.412379284963       -3.30487554361401        16.9691253889829                       1
        287.790240050659        84.2555210040946         105.72887472832                       1
        180.481008350726        64.3007554178377        187.371117910309                       1
        135.575156036322         55.323578588009        113.758956399715                       1
        125.933730550348        64.1294023783004        34.5870628436208                       1
        284.675309606506        53.4193178826717        7.85892538461209                       1
        129.198440435891        73.9650509794319        74.0491546308812                       1
        213.183946315069         26.678270898795         49.157070851326                       1
          71.48639856474       -13.1370187215039        164.349427783206                       1
        201.955684904114        32.3120417995276        55.8122206554093                       1
        -3.3652198186022        84.9290819985696        66.8245028533547                       1
        49.1009971010194        85.0909885296908        144.176198462519                       1
       -5.74312643545072        72.3295446021551        72.6538506227808                       1
        334.803020882225        99.4427352215075        102.448415476284                       1
        309.054332844977         70.171398352704        108.532348885841                       1
        233.114885548329         49.882177688319       -6.52008008861745                       1
        111.836778581313        35.0699676897001        134.117904991952                       1
        156.741519965978        43.2407291606813        72.9229179484116                       1
        293.782226088545        23.7752646303168        71.7028434314734                       1
         118.30013406476        55.4450218241645        121.492197030235                       1
        102.865359107097        58.7980006108683        37.6325527991025                       1
        226.314887770511        74.3717296475959        125.560259109968                       1
        172.729950395796        86.1505556710262        109.111419022383                       1
         192.92075838398        40.5351153697699        8.22241645328839                       1
        136.969821404812        77.2268722347179        17.2269631877338                       1
         122.69082095158        85.6769016837573        3.37114342492703                       1
        59.5853690376489        67.6680428217673        61.4745641926933                       1
        295.803539894436        78.4360442318733         109.74020262541                       1
        33.2303410580228        5.88129258568533        150.433735152339                       1
        184.869340418283        45.2334304703044        44.4457716760936                       1
        138.778102210486        78.8851981350804        114.265647359461                       1
        239.510446356592        68.9852435103121        54.8444431640366                       1
           248.085753398        85.5202410652388        57.5236539624783                       1
        26.1066793319128        91.1039361384369        193.643295997785                       1
        217.956746071372        34.8010008844522        181.589589070567                       1
        347.656253599128          63.05400441327        85.5551871683824                       1
        214.568000486425        37.5798679752762        23.6451028056163                       1
        201.642079708016        82.7308869209942         63.084830425907                       1
        321.162735123406         86.302946688868        105.877635788158                       1
          31.90795129942        43.5903372374486        154.618231983826                       1
        306.047278610109           10.5616450516        178.914258124038                       1
        137.478536063804        84.0348497382928        138.820203911835                       1
        105.385058539932        87.2284502756351        87.1616116659393                       1
        337.427225953392        83.9378805471349        116.009374254229                       1
        144.353522182797        73.9442652789658       -14.8179510769103                       1
        262.552833588612        62.2078147472456        154.662256414442                       1
        363.510161441161        30.0387955944768        47.3821685454309                       1
        94.2824089371359       -5.00017704950692        3.99263424322748                       1
        112.899570416442        58.2971102292427        70.0480312819751                       1
         339.00159859631        70.4448945027594        109.824516105764                       1
        56.0127804320852        103.527456611826        116.044204834628                       1
        82.4029448076265        86.1047881192526        146.664706033682                       1
        176.111876327134        53.5164935440744        54.2538432801751                       1
        138.399753322324        116.737519509474      -0.466186308859588                       1
        185.374524687958         47.097145211879        63.3750354886346                       1
        166.704013430964        74.7187508195415        94.3743006101147                       1
         164.04077605665         47.797395377163         39.127112568321                       1
         136.66182545395        59.4643253370566        114.789089691604                       1
        70.2607655010287        22.6937006827917        166.054262981564                       1
        139.313889011866         47.825981898816        96.9508499714888                       1
        193.591742997045        95.6144706315783        160.633436788584                       1
        270.307556241088        68.3369281565594        26.8295193717275                       1
       -6.79726855948202        56.6980899178997        43.3150502523624                       1
        16.4903633245572        65.5935890142709        21.6813701208977                       1
        236.230564517234        39.7835487620446        44.8226133370869                       1
        18.6140335131452        74.5446093035137        146.134748846621                       1
         332.83305599003        29.8007487576586        81.1491452874776                       1
        106.713948620659        7.80993484845596        111.520869820965                       1
        230.953923048119        53.8020746617647        70.3100924105877                       1
        178.247138416827        33.5095374557534        99.7147692727111                       1
        242.771050700584        60.6367966247785        87.6032159984904                       1
        350.351120579151        80.7955292575093        92.6249075516179                       1
        171.692211841698        27.4569951418876        65.5991356972747                       1
        235.968481874102        85.2038581073845        78.6528330763151                       1
        90.8835166625001         54.094294281481        16.0620564957575                       1
        266.102269819697        90.8303061721364        36.9246325247926                       1
        128.506648797823        61.1615703127685        73.4159310062488                       1
        265.470745738955        81.0345795471117         44.906459211349                       1
        131.612590714033        16.7538839728432        94.7792336587575                       1
        264.906614329751        42.3673341251607        176.166192708163                       1
        339.340549576858        22.0327329285976        46.2293383957929                       1
        191.650966383031        71.0926844582442        132.186035920723                       1
        81.9573644148077        60.9963042261704        122.608829121224                       1
        97.1634514406623        72.9152857715833        139.430777472433                       1
        250.333987305673        74.5537428948928        151.260553619463                       1
        277.062993898131        71.6544130812091        179.082768346595                       1
         316.16975765107         58.447091967633        71.1956431365623                       1
        105.021405949425        67.7627124140856        130.194494955165                       1
        170.808522697164        53.6548555704478        104.080703240361                       1
        93.3473911247771        74.2175875139399        72.5466498546351                       1
        151.149320277973        72.2432170253383        137.087659430464                       1
        194.466158081689        68.9797825060136         6.5066376275586                       1
        118.167461395996        53.3698901482353        129.845445074089                       1
        261.398156333391        39.0924121481342         154.34766564173                       1
         17.075033025987        76.5656187895805        2.66460765931916                       1
        244.098259940346        73.4285531952238        17.4784243469938                       1
         328.59511195756        84.6546323633166        95.8732672850709                       1
        180.579420577563         59.600622216153         51.105044822729                       1
        296.977427262645        64.3652328899363        115.138117244108                       1
          299.7929861648        68.3375056652489        140.433730930372                       1
         143.27050616443        61.6450583233426        152.118235529494                       1
        287.550683666655        57.3020172177821        167.438110773385                       1
        136.743517302761        39.6679669410703        82.1736346934669                       1
        71.5500392014865          42.21450101572       -22.6922552752465                       1
        319.876503530153        41.9955246745707        86.1872220472978                       1
        240.799451648601        79.9502044017287        115.950039026136                       1
        201.223755049593        20.5447398567022        6.70289782526753                       1
        119.398971392141        89.6869403654971         63.449723343995                       1
        112.666105770106        22.3629454229494        60.9946173893957                       1
        337.760800919268         79.685943058707         142.44060365328                       1
        294.289682974735        75.5538524651777        47.8137462576907                       1
        340.009178831977        69.0877140900762        135.832117840152                       1
         239.98975822845        64.7521167396008        118.774951243318                       1
        307.427961766387        77.1395337992547        162.282418568373                       1
        245.120577800752        46.9981560255128        142.828683190001                       1
        29.1828937543299        13.3685829848149        20.0880410103939                       1
        337.301975703507        30.0033837556829        20.6088854556806                       1
         245.45026701153        43.9889078945086        148.609821956702                       1
        147.939158470247         63.283625394631        30.6516758792637                       1
        190.441839996916        52.4904233684597        34.9806476132573                       1
        243.471761181273        32.2402037645484         94.825736429628                       1
         276.06147146864        38.9605394249749          139.8512161307                       1
        267.783938085317        73.6678347216468        143.988575061733                       1
        136.250185732996        39.2256113263457        97.2369991246261                       1
         347.39507623667        94.1993153454687        118.184159760639                       1
        100.353176611515        84.4713825605361        54.3023748736222                       1
        236.140072350035        31.4234063531134        176.047918204719                       1
        147.801859114716        14.6085034786459        62.3515735731437                       1
        170.457427229491        41.6553177008371        117.026801246412                       1
        146.389696348944         78.981373731468        1.23784411427148                       1
        39.1487053539812        77.4584612211791         146.84069396125                       1
        77.4091940207705        72.6219863445977        75.8991040137435                       1
        175.469423168509        8.24054820573502        85.5574797367691                       1
        339.653933147616        57.8363471229689        90.4120906261239                       1
        87.5101970871424        32.9921102632326        91.6430147664978                       1
        274.227135229425        84.6666488913207        149.568408947724                       1
        117.169278668682        36.9426738018428        78.1280200230046                       1
        318.566163373986        24.4201771368736        81.9785571530387                       1
        231.720623997246        32.6533372398635        158.601223872864                       1
        253.674752011173        22.5985152619314        93.9529626061289                       1
         337.65163691684        75.6695566565364        40.0554430699213                       1
        307.757760879578        76.4852618898781        154.639790884262                       1
        169.189472347823        70.0343706355338        144.142903154502                       1
       -6.18765325219053        33.5535188550337        74.6084950675494                       1
        250.040546276035        69.3497754325037        57.2853721631671                       1
         91.558175683149        69.1082147088123        90.7579707094424                       1
       -22.9239224098293        56.2440370047103        115.793785605817                       1
        252.120956967135        58.1746247299927        170.453455737938                       1
        312.607517710784        17.7445994368125        124.542978879815                       1
        162.086389049238        73.8228967724756        61.6454683704412                       1
        103.391091250103         65.735862648014        23.5281357362103                       1
        144.472421925623        74.6529967976153         52.111998234449                       1
        281.330013670115        16.2849694346784        119.955691789125                       1
        209.604112615511        66.3557824716804        28.3929977439829                       1
         246.05487048938         81.874464441164        6.31915982624901                       1
        11.3325197957685        81.8486986537249        112.152636709008                       1
        360.718539910957        96.1726839028249        28.7357237501566                       1
         133.91383961255        44.5122089703759        102.239610718983                       1
        168.578608170478        20.1182020668385        107.254004713751                       1
        202.226727305963        82.8436659034421        148.157495935143                       1
        225.130947284763        67.7578031076847      -0.242570576341744                       1
        165.500930237599        44.6618104430156        89.3454933322329                       1
        367.810599841273        98.2794731631793        127.861171258866                       1
        352.641668304815        36.7256962853971         127.52993423093                       1
        215.029210793317         24.455330625899        21.4025044528935                       1
        58.6120238056692        54.5728779537864        55.6615812492746                       1
        246.872652894426        33.6795302923384        166.084296195006                       1
        269.170284277348         32.504609284506         133.44366225222                       1
        325.188057847185        79.3924461595493        99.4902914450577                       1
        35.8267662460309        69.3509499336465        157.565757432786                       1
        124.920430713565        52.1608734994139        90.6418082753699                       1
        321.451440769573        21.0883590199305        75.5495364759627                       1
        302.273143642359        60.3559570006046         176.06609421466                       1
        192.820622697775        66.6152782779121        9.22244766106112                       1
        342.826790364594        45.3724718744646        167.691330206957                       1
        275.371893337315         49.495175258498         41.107096187478                       1
        260.869085010372        61.2241899152889        134.584171415551                       1
        335.351759641976        97.8881004240233        32.0140847307677                       1
        109.469936411016          32.23252844375        109.255739365517                       1
         205.25042490727        39.3888126611435        28.8629912074373                       1
        287.778791140495         38.252572174885        135.254132479264                       1
        172.666847946659        64.3630559624586         87.779552905842                       1
        94.9346801877682         21.135494824735        138.112360515342                       1
        65.7233618068905         61.254883213001        117.817174981133                       1
        95.6489221266258        44.1940038469686        130.080949359868                       1
         149.60479525464        54.9742970077285        47.4775069001027                       1
        95.7239249869534        57.8653059944603        150.918684157354                       1
        71.4577742091904        60.9502894541268        52.4297408260431                       1
        71.9424828693698        43.5548158309354        164.998270450142                       1
        158.681169972717        82.2058220621365        82.7604327968737                       1
        309.000165238224        38.7418628307847        126.370395414931                       1
        304.230672001707        60.8353084504764        6.18883325826324                       1
       -3.22459535789947        63.3168017658312        25.7665936411362                       1
        22.2016322974878        15.4653277141543         39.862057272477                       1
        210.312661983901        71.3678907246562        19.2919951032993                       1
        357.766974361783        56.7279743953349        71.7136468483519                       1
        110.214376759721        36.1157101069539        151.498379312663                       1
        136.616739250069        69.1674073044314         143.70465163643                       1
         229.90024729941        56.6181650878373        9.30426476988572                       1
        282.980918843856         72.339613618909        80.1253882669493                       1
        205.391226870419        97.4889909009343        111.130201392703                       1
        69.1948184968585        74.0439924119141        127.264006205089                       1
        180.071669489254        48.4765042741499        155.700650375548                       1
        210.214634598389        49.8967411933943        116.944823794943                       1
        177.140973047654        56.6279967439389        176.543879127189                       1
        322.897101746735        56.6126156496115        119.610283008499                       1
        191.850426929153        62.9063488811308        64.7584889090502                       1
        76.6885287289875        84.8875362272923        63.8156731328544                       1
        265.606964860805        90.6194941482346        96.1794682957995                       1
        4.75807907431969        91.1095198784836        89.3240095545599                       1
        187.215622444222        39.4398359059952        57.6147026380598                       1
        298.126222992535        21.2683703623749        91.5848163006928                       1
        261.551442952299        53.0973569518825         65.493941094247                       1
        177.133900237092        75.5875171405763        194.066828905295                       1
        353.431683494259        77.4125191854814        42.9319378198619                       1
        118.045223876649        82.7669669118608        78.7908437562853                       1
        250.686042604675        80.8328208857239        9.12849689527043                       1
        313.879421022699        60.7780710160562        97.9612850938213                       1
        6.18082413066543        52.2082902541231        46.1039751926188                       1
        160.936688780319        59.4704107959884        83.7388187797394                       1
        68.4050571759999        82.7808279816953        148.484361709109                       1
        136.054392623866        30.1901312756756         118.18875042824                       1
        154.629439067262        27.1726352335552        129.682419312138                       1
        368.935774689744        62.9998217735295        60.5455651051102                       1
        129.142413520676        39.8919322204516        20.4495396050733                       1
        151.701473760367        21.0792081876355        90.5107614540602                       1
        216.822012227855        68.5041324755209         99.800546015376                       1
        190.710251357465        64.6492647885062        79.7628649414253                       1
         352.25443499174        56.2175378901517        13.2710276315514                       1
        105.055917791923        109.750411323147        47.3534942901485                       1
        24.9507329577714        63.2376897568259        175.346430363766                       1
        162.161825094097        42.2775382675896        76.9152155854474                       1
         155.72805934761         46.195875353303         75.702879735484                       1
        47.2772711112886        77.3249568035224        46.1662952122966                       1
        12.0523240303911        44.3676487770889         102.45385573029                       1
        134.051255996191         47.136219090268        129.915660722875                       1
        279.992847836395         61.718781276344        57.3855517948363                       1
        307.689290251639         46.833086713397        109.409095046941                       1
        176.871831817121        58.9950742823478        71.9437880873479                       1
        74.2791071664518        51.0456969046377         32.337873566201                       1
        287.645737935263        24.6135035529176        114.470144201958                       1
        322.791045873853         65.621169498838         141.82989578119                       1
        315.241865880305        43.1085406964893        162.090692263391                       1
        28.0760348793154         76.996505962315         185.85345234294                       1
        126.582763478538        97.3969089616145         51.262029392549                       1
        163.712177622322        53.2315548442494        88.1908292438956                       1
        228.887733539422        66.5100623327196        51.2211661868535                       1
        249.871998911509        58.8622737192708        43.6287196061569                       1
        200.121412660825        59.1760102411267         19.184496721452                       1
        87.1773101442992        45.3330763292459         3.0622983926473                       1
        231.231731002972        24.4329636179302        148.158872729135                       1
         185.93192257398        50.7651396195065        15.7714096781475                       1
        127.988214912613        78.6645176879618         123.35472144271                       1
        83.9409532465433        64.7490540941197        152.569411990146                       1
        172.569539549233        71.3701550051269          39.39076091444                       1
        133.695951186783         64.136248968922         136.57990949106                       1
        87.1348006190979        76.9869802284802        153.877284007954                       1
        1.46141223265599        74.2920476853041        78.1645426164767                       1
        149.530625717529        74.9634343125036        69.0724385056282                       1
        283.657461617528        75.3838290204425        92.3913877540099                       1
        367.689773673721        49.0892694743396        188.033811178971                       1
        16.2527984991018        68.4924507396201         56.470020036261                       1
        201.727944685442        56.7002148389946        143.628804186641                       1
        150.873207631242          58.57505501708        82.0421486414886                       1
        332.903567651072        88.6402500386422        31.0465563538253                       1
        32.1954382993588        49.8801122393164        80.5584497880159                       1
        200.787964693599        86.7020720425087        182.394439970445                       1
        320.797924024677        77.9199465375109        138.932629393365                       1
        35.3950796686764        12.9719577266847        170.450793591615                       1
        94.6015553864676        85.3357054430841        163.120901662754                       1
        275.756518990481        28.1775536429296        84.8707848258192                       1
        35.5895825993185         72.596871650319        10.9726195195289                       1
        85.5648103209026        88.5882152038953        8.59531887702772                       1
        122.601578103243         41.058962619585        123.839448859485                       1
         282.55646434388        20.3081075759215        134.934223701587                       1
        315.676054982804        86.3216318152661       -6.14482719180931                       1
        96.1955983242914         50.482571291446        57.8921863849361                       1
        293.227586262929        73.1078036231755        67.4157809784242                       1
        69.3317650694844        73.3352322112309        -7.3826893680782                       1
        5.52775081393412        87.1486542722597        150.612793560315                       1
        229.029319285096        11.7503412760004        190.369185166907                       1
        199.038818981172        13.5663051580767        20.1374809893351                       1
        156.190081265518        65.8484793619222        96.2338181108526                       1
        267.026844243983        63.7949578399871      -0.862913823846423                       1
        294.824196162604        36.1186957937506        115.500830555946                       1
        310.465447381465       -7.54583983164876        111.881867689075                       1
        269.818620706576        54.6265775895627        137.312875330999                       1
        249.737033207222        56.1226661309733        167.076874448174                       1
        282.465780885943        76.6357128340785        141.664751810731                       1
        220.839356332065         60.432650467155         44.833061708042                       1
        304.941215886618        31.9990281938312        120.933446426915                       1
        79.7100791685171        32.8464314443926         117.88300602317                       1
        292.054108630825        55.1616172268405        127.780751977619                       1
        14.3225012614822        78.2668520150817        94.7549004173276                       1
        98.5901924847209        53.4577821750668        86.5803119369103                       1
        63.0285834705374        61.0816619932943        157.432801334574                       1
        331.942835610619        46.9376982330358        170.339548239071                       1
        346.348226591657        62.6948501283765        152.630727587596                       1
        269.551681459009        67.9998638590983        138.566654965346                       1
        134.554569971162        62.4241090328298        85.7232562209854                       1
        326.049657066151        111.535023379061        100.965693006973                       1
        104.066084600428        41.9469238570167        70.3323545987404                       1
        78.1332791584623        95.6082641596299        47.1405101639582                       1
        149.229131883556        64.3888496705373        79.8485313717409                       1
        167.697252755116        62.3122482286006         69.320151431226                       1
        186.992894604746        71.2518669106249        162.302125742394                       1
        264.992403724711         76.821246197549         10.426295378394                       1
        287.371892349992        51.2412596610489        147.484131983156                       1
        229.098621153634        73.6850316643047        99.7484362686844                       1
        105.891998272179        51.8047866703657         144.31927152131                       1
        165.228258754764        72.1289187139141        74.0127732431396                       1
        94.2589128195034        46.0441975818486        139.078712432147                       1
        304.950115774681        41.6684042738881        50.2538956019637                       1
        257.041258583757         74.525402538612        1.74210800261885                       1
       -15.5830479573843        57.9404919677628        131.381039074233                       1
        350.553456303288        18.6853820931898        91.0904413700931                       1
        316.489168667763        80.1417042877634         59.369558946082                       1
        151.497312417886        64.9109114308331        154.616673332161                       1
        348.476608777492        24.8958297984484        160.436430988566                       1
        297.685203528719        33.5756612750269           140.628056711                       1
        66.9006143616168        89.4963859892512        158.908096482836                       1
        145.323955065279        40.8828973335511        72.5847750720501                       1
        77.7220008968026        59.9177610128386        178.084842248418                       1
        21.2311269295434        14.3265998742929        39.2671376041065                       1
        262.381767048408        49.4979130676119        147.082934454491                       1
         223.40408722186        84.9160301858024        62.8878861826181                       1
        99.1632692029968        95.9781974323196        141.237398175918                       1
        168.605194764842        84.8021033225732        33.4103525306972                       1
        70.9000897074764        82.1900654876287        41.6121552952262                       1
        327.732003209476        20.1577888863694        42.5431257373225                       1
         243.81664390216        50.1521115580263        42.7207067614697                       1
        26.1479185199327        46.1827422281613        203.649893458516                       1
        116.217288059076         68.823673070079        26.6676041313168                       1
        270.552244715407         76.014504083592        74.6466940133635                       1
        28.8601343553524        93.2092055983359        141.292895421543                       1
        101.182613397363        67.7261556305621        135.067014122472                       1
        56.6270133018544         52.863704752931        15.5658060473046                       1
        176.483279045202        24.6982702694961        13.3665423150925                       1
        60.0871592128406        77.0445841993611        127.351639962578                       1
        237.683163335062        58.8107784754922        37.9052546455011                       1
        41.0955604807021         25.692381833152        156.857404044171                       1
        318.816201326629        63.0349394860436        157.631778483993                       1
        273.085950293009        64.8795283696496        17.0709711139832                       1
        292.396626597277        53.4773714923568        123.878409375401                       1
        333.906684783747        56.5881851670048        52.3690291769435                       1
        351.983250772765        42.9132284566776        44.4396382028075                       1
         293.51369486847        56.1492229407533        127.085614344657                       1
         9.5409301626919        58.4815427193206        17.4649890657115                       1
        324.098671725629        76.7863375764101        106.426110375027                       1
        271.864606260255        20.6073270193618        24.6508027826214                       1
        197.928189021557        48.8865617346971        4.64757027577306                       1
        237.252804347424        20.5488565240185        165.122602893001                       1
        309.115982137831        91.6762539290327          99.83821437853                       1
        12.6405480110315        61.3769865729714        24.8835451034357                       1
        111.537633536351        23.4334573002546        19.7056553195155                       1
        82.5036049155739        75.1642379146311        10.0542014036724                       1
        298.835411793849         80.250460483848        89.6750059425896                       1
        25.5171683481981        57.1371533622131        40.0645635026942                       1
        229.650888278747        16.3633013409653         143.74874045334                       1
        31.7557129199131        67.2597912039748        78.9676943564178                       1
        168.358201784758        19.1946556629316        77.8114495086252                       1
        282.162034830552        24.4280380600841        140.229004773151                       1
        218.977163353791        45.8562381879062       -4.15379252699559                       1
        285.601675860642        82.2729674073652        134.407188988296                       1
        209.116161250828        17.8506455488036        149.890573791398                       1
        245.567907671716        76.0562630213704        35.8551000628678                       1
        199.836548360578         29.447644777564        134.231175907655                       1
        186.899706598987        66.0709871487713        25.0588850069498                       1
        123.581895711375        65.6972542113018        111.249049255365                       1
        336.750235624531         56.551499261973        79.8669783364877                       1
        45.1802900898839        33.4202284185033        21.2170763845085                       1
         316.23881407079        59.0707109552761        109.551922942781                       1
        71.5384448434368          71.26862989827        4.03482393682167                       1
        84.2060876580121        48.1846353712468        82.7352904868898                       1
        316.654809221753        72.0044808116936        153.242238359634                       1
        261.788937656424        33.2387674096864        137.041018602382                       1
        250.930742390672        70.2301275657941        27.7799644560838                       1
        312.190133478898        31.7787044375875        51.6139453822093                       1
        -15.575169499514        48.3382776753982        78.7671579871834                       1
        117.153137747512        60.8236856128643        85.7572919283437                       1
        241.058159660027        93.1308803739199        22.1025996807566                       1
        283.297779467779        56.8798893667042        18.7565860853352                       1
        37.0424285519788        55.1253155060902        159.145721271223                       1
         -23.36329170969        39.3618523643754        53.3831958035228                       1
       -12.8625059834533        40.6376885383784        93.7113648776088                       1
        6.29375683701347        47.8136200366476        45.3837746291073                       1
        203.079970222383        56.9958095616081        44.0426796312297                       1
        233.784795831146        36.6205212438306        8.04377292376557                       1
        323.334201880335        100.321955858709        120.244403521636                       1
        363.700322435554        46.2235969203039        167.617444898342                       1
        184.791793539223         85.308845196552        80.1914690894513                       1
        97.1612195444779        84.9632886886258        72.7993331273189                       1
        288.160022820676        17.9330364121393        115.068954178896                       1
        80.4685022240999        68.3125535798827        66.2972317158323                       1
        219.978476603293        50.4916140729547        183.604759552439                       1
        31.8279079898123        45.4739428792842        139.538974486732                       1
        141.959917849133        58.7804161529893        59.5593565202856                       1
        309.672824911127        40.1637971594108        82.6901485619501                       1
        130.311978495854        32.5377304597222        130.155606869628                       1
        14.7204251190648        59.7902874851313        147.921253268206                       1
        256.450341283496        74.2087813231241        32.4804795843441                       1
        273.615124869408        82.7628661434603        27.5482774591179                       1
        234.044908194716        6.67979442618915        152.294880646545                       1
        179.989393851255        54.9307322225949        86.6149655291576                       1
        266.133382460246        73.4233243972297        19.9706527094506                       1
        215.889553462754        42.7822823818992        72.2402938627215                       1
        138.527295297708        84.0572761904065        29.9274262310598                       1
        251.273476162214        40.8162955244116        179.934873695477                       1
        20.3628659069977         91.377127803959        160.233702395677                       1
        31.2008442057559        3.98811554296585         135.22762145535                       1
        114.250795401855        73.8936305826113        81.6829288169906                       1
        101.314342169566        83.5815258324989         49.978754227446                       1
        264.923241692907         60.160134476539        140.031329554538                       1
        318.106638816339        53.2078770246887        4.69906080544687                       1
        132.993614431491        68.0725437023998        104.005622614654                       1
        160.093969667936        37.7137941904614        81.8835073125995                       1
        357.372320292602        67.9173045196184        154.791955829389                       1
        166.393871045305        45.6381566758009         45.321077032426                       1
         373.17462547596        54.5933864344326          187.1791606068                       1
        129.614717266712        75.4132840268905        63.7168419052649                       1
        102.813544353392        71.0597387365307        91.1542264574878                       1
         54.064917227742        109.065919539707        108.678053067097                       1
        347.339980759042        62.8866857619043        83.9988417294093                       1
        66.6537014126276        91.5192183859956        157.409670246755                       1
        -4.2400044862609        46.7305856878165        143.643930474048                       1
        103.915152114675        94.0965513042429        46.2504169358052                       1
        125.263467750782        63.6131002824251        162.740627149956                       1
        216.372207128384        37.2529673117325        184.020567666197                       1
        358.222669558501        71.9633167357452        50.1887293056438                       1
         107.74723619875        58.7426175379615        155.028527048788                       1
        77.1861245683343        47.5714029351812        47.0116186158029                       1
        300.107110664002         59.362305572677        165.410289951897                       1
        246.837446018701         59.706017004515        139.312693831498                       1
        202.025745433502        33.0790480060018      -0.521394593488741                       1
        165.893332983768        95.6275476482859        25.7594862658532                       1
        179.467943625225        54.4964712346853        47.5748139007301                       1
        53.6916538004247        69.4363905481108        181.858405748366                       1
        115.818266281963        51.9682126692314        157.707153474854                       1
        166.649633782381         33.510308962317        36.4493747101076                       1
        311.127361308642        55.5355531547743         139.39761705716                       1
        302.019895249398        62.2929727067549        145.827963756842                       1
        219.663706823556        56.6169370348693        162.957228454865                       1
        5.50025884761934        73.6365613756429        13.0678593149885                       1
        145.035160264337        55.5902101477431        168.583009110272                       1
        141.008545722528        64.0502992072073        91.7250225365538                       1
        358.791857238465        22.4891198551725        52.4861442483684                       1
        86.6353447154238        84.5512150108999        136.818676559421                       1
        317.949676401478        64.2998208801522        67.2042073457004                       1
        271.674863107054        37.5152099829207        118.426816822064                       1
        60.5637591411948        11.3758919406125        68.5423499134315                       1
        308.413724533454        55.2046116787293        119.115708264707                       1
        54.0489459126311        31.3945190741752        121.960240555231                       1
        156.122114218367        43.7925667223412        70.3267948132462                       1
        98.7447895113135        40.5852845146702        157.618142087429                       1
        324.592789911079        42.4253118511737        24.2549455006763                       1
        57.5020400597314        67.0881763503173        28.5049303343785                       1
         249.02062590606        75.9681485587508        80.9033783010187                       1
        202.879778494711         46.105294027455        24.6535450967175                       1
        136.374881267376        53.4054180043252        103.235090171143                       1
        290.919573829486        11.2025467275135         138.52772887955                       1
         269.06064997756        22.0362578955502        123.083701012781                       1
        276.451384765186        65.7524207374832        149.604389026315                       1
        340.302007902245        83.2957667215485         84.161895771726                       1
        133.399184479778        52.4313692117492        119.339793222515                       1
        201.715230736535        53.6250569754695        19.8019202123262                       1
        58.5438803367883         103.98689988913        47.8558689516282                       1
        309.593373416048        79.8687129242558        142.459386143474                       1
        33.1384559312054        59.4378163786832         25.461437069616                       1
        193.099199068927        56.4826735306761        173.176306621862                       1
        93.9048555497164        74.5250491592342        76.5947189216384                       1
        36.7819026414789         47.958639945934        170.318011514131                       1
        38.4715661426216        69.9014948961708        139.325246656975                       1
        59.3216254479447        27.0912944180935       -9.36168809990058                       1
        12.5459538807293        105.460168431142        154.661085066919                       1
        26.2237475651824        58.5852917968615        63.0239332451235                       1
        143.232115144764        88.4172995915461        54.5295484665284                       1
         251.54665280807         86.864294968458        70.7161549371671                       1
        179.314610250256        33.7785566819414        44.6586808268032                       1
        330.179724457669        67.4938748692097         95.886477640085                       1
         123.20140054837        49.9423548878515        58.9567008509472                       1
        261.894099838603         71.685488458601        176.844748372073                       1
        111.321868978916        62.3095510522501        134.316614881439                       1
        269.054159603345        65.0284898176487        119.341589009073                       1
        270.658507532573        86.4426826764299        119.676674757512                       1
        169.747378641028        61.4103537739448        37.2337689256208                       1
        227.807983804932        23.4623714778751        46.0078834095683                       1
        300.122901799629        93.8680000608902        73.6612809774561                       1
        100.811520493088        69.7288277713537        25.2415133802315                       1
         171.43566773162         73.584562017336        49.4126100869371                       1
        255.960758240594        55.1071716661283        117.367493082903                       1
        158.313539006255        69.6977414659554        170.115930468125                       1
        87.2956058640695        59.6028671854679        143.485650149929                       1
        333.693238111407          69.78392045323        77.9546160680778                       1
        305.755480271343        103.763098262393        134.036839473831                       1
        347.275135503265        35.7703595384962        59.6316005142045                       1
        280.817900915036       -1.72932411677557        129.841466825889                       1
        206.807989781766        23.7281616290378        91.0422665435931                       1
        251.649702098314        87.3139667414652        42.2743956991777                       1
        182.115782834308        66.8432183737768        125.650314137221                       1
        131.925339306356       -8.92486880743305        88.2023061309619                       1
         37.188056943787        37.1194976632795        152.112080651426                       1
        315.896289127337       -3.11687759486222         100.33526050675                       1
        327.902324781619        68.6466878917521        58.1127177304152                       1
        356.450372243422        62.4996477682323         92.661205596198                       1
         116.53099507938        59.2242083278726        110.189723944196                       1
        254.106750987336        75.3215498029981        116.407060336564                       1
        270.127670271758        59.6579570555886        8.00474615848824                       1
        109.661246613933        49.7322049212513        10.9518971437703                       1
        194.503116193397        54.9406247740308        19.1308958129624                       1
        184.665306994999        72.3669102335373        54.0071199860307                       1
        346.595466192404        87.8975316260516        128.642148278594                       1
        179.459731072109        71.0390200220776        108.482666125595                       1
        167.163129750034        41.4676290848277        47.4392823234427                       1
         352.59192222692        68.2214162958293        138.491278672756                       1
        129.397621901674        65.3768347396857         22.213273346859                       1
        344.659113976083        25.1877379038157        85.3087719348253                       1
        26.6240358964383        72.6438738491787        40.6346719155286                       1
         314.77409886943        94.0149792188864       -7.11341225433176                       1
        116.715637299961        92.0238891617662        38.0007710110904                       1
        199.675584328546        47.4737959230307        97.8706185726292                       1
        240.760841541096        44.0576038258008        157.426051744204                       1
         124.80684473108        20.6409918900644         132.85230625772                       1
         147.92042835842        98.4513475822063         16.982477070673                       1
        187.759026280232        40.8635284756314        47.5315940965845                       1
         161.72207478291        38.4326014447828        32.6668271351613                       1
        1.14696494269429         59.291967518539        35.6940642449905                       1
        166.211124767034        84.1721487348055        96.4410821866506                       1
        81.9171238291119        87.8668243144606        160.385692954768                       1
        254.208354693809        54.2143709250101        23.5681271584512                       1
        98.5757178985705        55.4226094353126        8.17800366230101                       1
        49.5812674546117        35.5622882009908        11.2268353840443                       1
        59.1931862898585       -11.4086955380543        72.3706667464955                       1
        45.9649286638452        93.8977864956343        160.061979056242                       1
        345.238935365871         74.594918354848        90.7402095112096                       1
        12.5523434008275        59.8216869717345        129.829250808518                       1
        109.796002975799        56.5367279537448        113.710824375387                       1
        114.644851489619        74.0753916781458        145.808450772974                       1
        102.508024258816        65.6881370983193          66.01926770406                       1
        261.395014064899        64.0285767125088         46.541455510809                       1
        226.821593546885        70.4050608461447        33.3903403306133                       1
        157.912850924698        59.0134912416918        60.5138336024325                       1
        179.462054570586        61.2121791556202        184.426947852881                       1
        63.4035723099026        53.1320981653248         163.07117800866                       1
        206.747605816258        54.2036685330549        32.6942989369277                       1
        163.086629923503        18.0264658027004        56.7411167291128                       1
        193.036816477688        57.5848423432527        35.8781045027737                       1
        21.4270811604147        50.3494651824079        160.953174491617                       1
        371.000008204281        41.7028016480142        47.8142215779532                       1
        152.663311897199        83.1032311439756        84.2974599357144                       1
        341.006888592956        46.4013043492425        124.222992460892                       1
        299.338010221608        63.6063803211105        137.282789552344                       1
        200.963213603538        61.5795600735715        134.093099196059                       1
        50.5343829250822         49.635680027114        143.511398932735                       1
        146.913449453584        77.1585382914695        153.430028360597                       1
        168.559521661613       0.305284425897292        152.575270059743                       1
        316.207257482626        53.3158217227299        167.780256862806                       1
        327.653684068551        57.7350911797329       -20.6668833719747                       1
        19.1665531007097        31.9552880826948        113.801035433006                       1
        6.27705728116194        84.3258646724778        33.2425686066179                       1
        271.292895363845          49.66416421958        119.787337007988                       1
        342.918069764894        27.3582437188157        149.605123196658                       1
        82.4324899697746        84.8901981006902           101.040905306                       1
        183.913735059995        74.9677114410473        69.4354223212253                       1
        204.205655760097        102.072220214723        49.0824878471823                       1
        222.166796136045        56.8318339189013        162.342927554347                       1
        29.1564455973468        64.0995441339525        136.822504100153                       1
        262.063720127433        24.5367572058715        141.531290752467                       1
        201.934483669642        63.5944266186562        174.963300936212                       1
        212.714214149471        17.0881963900334        13.8548489152971                       1
        255.396667843395        77.2889096326706        15.0598916129455                       1
        329.016477622725        63.7773945669087        163.001187534512                       1
        91.9637079799671        41.3008762990152        160.686626887693                       1
        298.312578754989        40.6232040947536        111.988988260432                       1
        198.860379206184        66.0272728594926         109.58153609253                       1
        363.995262288386        73.7327612294534        34.5449772494892                       1
        156.140024223877         59.017353298914        61.6922667395023                       1
        206.718351199225        74.7748048809642        157.076108785709                       1
        277.596846660184        71.6996634462867        13.8382523873962                       1
        321.628690177316        95.5745158125874        136.522490593599                       1
        248.750692305708        24.5732486046356       -2.20938395872075                       1
        60.6448894883929        74.6429727332701        87.5509552135825                       1
        212.370156189238        49.2417024264928        48.0147899251825                       1
        112.339480167143        20.0518715358516        138.856961015912                       1
        121.151427274651        45.2552526378061        133.908347229588                       1
        267.231059829746        52.8532047606571        36.7233114245712                       1
        279.431033059558        38.0996878501001        96.4250521813735                       1
          119.5218831153        80.3311494097934        126.201586572514                       1
        107.720734849245        90.1368602321116        61.8657103019006                       1
       -10.3975415602017        72.8283198152831        62.6357798339692                       1
        216.872137352801        48.5445742953138        39.0158452949497                       1
        94.9898730534935        67.7146661090004        58.8469641742307                       1
        182.378124125307        87.4692130996289        124.512103481479                       1
        231.587306021485        22.7706760932806        197.438400311386                       1
        261.512208790314        76.8880968227186        62.3871909403781                       1
        51.5587178301538        57.3050385385228        49.3672398199721                       1
        120.818274752102        72.1429912728007        144.010321941847                       1
        337.680853346983        62.3068064981988        103.356359474549                       1
        255.575064289772        72.0265352187765        171.118677013027                       1
        293.388911123353        67.6909082149499        131.086857600147                       1
        17.2498154412681        29.6724819257229        20.9068061318615                       1
        304.787986788677         85.782854156891        117.341922904228                       1
        190.863903922311        34.2164687854858        76.7087242319109                       1
        321.957723915385        79.8098863792333        133.084690371844                       1
        36.5962798630017        101.309198342302        8.91934697591866                       1
        211.726694722479        71.5162855333958        4.74986064603014                       1
        353.985876913633        -9.1707617069616         141.43406537046                       1
        88.1427781732238         62.931526161959        130.947821619992                       1
        331.355479234832        45.4281633745331        8.11893015710702                       1
        269.255621335126        28.5877472720096        151.401127355711                       1
        76.7449797870098          26.15743956211        171.515644990259                       1
        296.656715847153        11.3580031822764        57.2286526625644                       1
        107.139006587317        75.4818270328516        126.496270241232                       1
        156.471681339895        28.1658393469635        72.1734534387683                       1
        251.314394665729        62.0866068976254        186.196774583736                       1
        -1.3943161168863        46.3097282341351       -26.4224899050001                       1
        101.093169809562        46.7168253767489        104.127607468162                       1
        179.017891882652         26.234588178114        76.9990750343267                       1
        203.584061771154         76.244886150783        158.951924830073                       1
        280.262315802376        65.2558632436014        116.633973438156                       1
        233.801659709731        57.7460568415276        140.309041875279                       1
        19.0717969731202        43.8417167823367        25.2931662778806                       1
        354.246890145572        19.8926359777023        28.4006930056003                       1
        291.637066164259        95.8228695830775        76.5820605553017                       1
        212.288735660239        59.8042926527788        5.69664491099804                       1
         126.72301540296        69.2064026648734        128.578845769378                       1
        131.008349545118        95.8212936907712        52.1307781831586                       1
        315.847039640277        28.5253459788106        124.392736436253                       1
        358.784064766948        45.2659398000371        140.824745386597                       1
        48.6518422740607        63.3131122634185         130.50884031066                       1
        7.56747329504675        63.6972786431534       -2.93412411695833                       1
        78.0372662404108        69.8584032652856        15.8699471020479                       1
        376.201079822385        40.1573937379973        49.5830366483427                       1
        140.924277885248           35.6687056905        66.2134582003686                       1
        27.9148177854469         52.551086852457        44.7547375336672                       1
        249.205603467866        60.4081974504716        152.502100109885                       1
        331.066688571034        43.2842465326056        73.0611815001407                       1
         14.346402177322        36.8558256391532        19.3567400560702                       1
        280.155853333633        63.5869420620032        142.626204043584                       1
        293.333806707037        74.4722266776664        152.605976283171                       1
        337.386377445701        67.9300625815377        86.1437902733308                       1
        77.4282879460525        53.1894432872584        72.8599756684777                       1
        330.860785897215        71.8640698663811        70.2279393798339                       1
        135.760131173355        57.1988866267125        135.178859572103                       1
        360.872631102947        51.5755856683943        28.4472106245367                       1
        24.3958290592317        109.798171978546        175.542501415482                       1
        238.025922821847        20.5177786959686        164.816949840334                       1
        323.935106135513        89.4712541784977        120.759386843626                       1
        44.7599270249261        44.0297904736162        163.581094171469                       1
        164.403390767361        62.1168974532804        131.671040836866                       1
        361.213103572615        54.5878428634074        70.6190074132882                       1
        119.360782446962        59.2373429444901        140.407256506039                       1
        200.457887827437        60.1262950720857        161.623269076203                       1
        173.656334514521          69.13785762044         129.10351035203                       1
        21.6015243272748        16.7332245583301        55.6980090768724                       1
         176.44443330733        19.8881401251507        124.501894904271                       1
        191.607156720607        77.0983619623497        169.228225187428                       1
        304.474435448759        78.2403784867033        107.472683775832                       1
        330.962305878983        52.6355664727634        35.9138207376551                       1
        40.1823245205391        63.2033498388931        64.7374896513258                       1
        71.1358562172937        44.0142549927077        136.551748949697                       1
