TEXTURE AT STRAIN


B  200
        115.427094586512        117.822381984701        33.6384688433844                       1
        203.801470881162        77.3191850293797        115.859169318256                       1
        72.4456790732684        41.7176715536657        86.6999269615146                       1
        171.965066223759        81.4451734964869        182.593530904594                       1
        104.713016053364         77.295177696083        73.9953405800766                       1
         274.97512282911          48.40923952073        137.019689210817                       1
         329.58263876505       -41.1897057991877        85.9091522203545                       1
        77.4273348558972        74.4392722131171        84.3947721480902                       1
        35.4149427492963        97.8712243404199        103.370396017814                       1
        183.209975864485        60.6863614549006         195.68812828337                       1
        337.333047113131        22.5322502467616        32.6976661979403                       1
         214.51511260294        58.2026533297019        95.7022632219795                       1
        128.893066084407        31.8947451174513       -60.8861593476983                       1
        169.661960843212        41.0089654147569        186.761647936143                       1
        145.047833751207         75.074274234495        57.3921684864939                       1
        267.594143336327         53.200331085686        119.515241001471                       1
       -11.7339139255131        111.641071663284        135.060880144016                       1
        170.215525688116        61.3794007056395        144.911566633153                       1
        275.264461731706        67.1542357353533        130.118144515714                       1
        72.4195849177315        53.3194384612656       -21.2758808459622                       1
        162.241745762033        58.9618702456162        74.7505441156183                       1
      -0.439055088592145        81.0060368076364        83.5029144795449                       1
        116.085683212799        153.800374307848        124.484581970059                       1
        154.696441279903        57.2694516205367        49.1374878105955                       1
        194.699045218312         55.624104375261        186.929386061731                       1
        109.503626260372        51.9465697048407        58.8092834628654                       1
       -11.8650042967549        -32.214375705342        85.2803562388053                       1
        137.127530361348        54.5366072828541        79.9276402171517                       1
       -12.1323575907126       -22.1695232217562        80.3791614319313                       1
         306.01665623455        71.4060972822143         140.94606468776                       1
       -20.8455384019275        58.5814477066122        11.8897364877528                       1
        119.058137717132        47.8629165006583       -35.7533669572215                       1
        147.192580189495        62.8023548482345        67.3942692930292                       1
        164.606954989879        79.0604185072527        66.3230745999577                       1
        42.8737859811013        6.30683650660044        140.696899863643                       1
        38.5512849823864        30.8412619334071        77.9839679918193                       1
        339.666760487934       -47.4986847877473        58.5605357019854                       1
        44.2233126754639        20.1172326592789       -35.2199501283143                       1
        253.614029057357        89.3376425210497         80.986422432739                       1
        163.605879850371        73.2430718436851         96.383634804516                       1
        237.875004732187        45.7993730491448        90.8784132097055                       1
        177.576308713288        35.0082974912197        188.135252906178                       1
        97.5542763044268        121.982987411973        59.6657793445139                       1
        106.085925177404        63.3550327674722        9.92463631783709                       1
        165.489490872121        65.2992599183249        55.2239146635724                       1
        143.918229197148         74.884218225175        71.3734600451143                       1
        190.793205651064        52.5850535379735        170.188167217866                       1
        161.797799779613        39.6661241406109        182.708928012234                       1
        90.3031065006863         92.079776481429        42.3215495102177                       1
         207.78059094148        71.3453838105613        55.4672458585991                       1
        306.588633141162         93.912930844591        133.173979625762                       1
        321.164487054539        43.5574919657401        214.328301608456                       1
        185.070979749974        58.9309162563429        178.595593879576                       1
        169.244132623315        51.2767205586069         86.328291898597                       1
        152.666349589168        18.0899114554712        201.993734867121                       1
        211.996375377154         76.394502058717        133.029630854886                       1
        287.854542337199        54.4236577258846        136.166607694619                       1
        91.0946499277395        41.4736338083942        66.6807175278484                       1
        341.441283816084        -52.776209729298         38.443072106275                       1
        268.681600240344        67.5416273350789         104.77571328462                       1
         62.215921089132        39.0745077108529       -33.3379413545258                       1
        279.427315021373        18.3886926143175        99.6441027819036                       1
        205.655717012714        48.3237454049549        40.5382342059766                       1
        146.692471408779        83.0493344533838        84.6187185336921                       1
        182.037284962214        38.4258140538034        145.177202958861                       1
        55.3359448301508        45.2220698803059        72.3477076831849                       1
        114.367633645155        36.1945227640757        64.6497183819164                       1
        278.372173526253       -17.2417087822211       -36.5934663147306                       1
        64.5305839614311        54.2640822253272        106.594624442813                       1
        78.5760029789381        33.5821308355633        59.3479620033343                       1
       -11.2132204425335       -48.8146303355393        68.4586574252863                       1
        157.534293006014        59.0996750794536        100.054890255832                       1
        -2.2729009459241       -45.1069840456857        56.4690082426015                       1
        198.645253633825        84.7017970731211        71.1358917488267                       1
        30.2921327664673       -19.1909643389339        173.908419461009                       1
        100.423707067988        95.4160723880343        61.4862867269815                       1
         150.42800601019        76.5500555610435        32.1706363212378                       1
        179.131667486626        111.102585791243        161.581490720384                       1
        13.4167316210999        58.2366263933141        100.028122693836                       1
        96.9932384715916         108.77440131549        39.4213652882449                       1
        160.476676188988        43.0994484520266       -18.8612094981862                       1
        192.105253761113        45.3845536572068        194.585841500931                       1
        174.134292368689        66.6303062432987        81.9012763888556                       1
        178.400222142748        54.9222056054592        33.0513477820602                       1
         296.96203178653        39.5176608365526        70.9920628504042                       1
         141.99468843869        53.3735685513097         122.02042812181                       1
        154.570975017699        32.3272786457385        223.279562779611                       1
        101.249728953159        42.1133722925982       -32.3149010752001                       1
        213.051159626505        23.3435415881262        227.853469762154                       1
        112.465334705174        34.2758785464565       -59.8249799763746                       1
        88.6773771538986        81.3367424839572    -0.00627576154158765                       1
        209.171802654313        35.6431593628369        197.426812760604                       1
        87.0128074970025        50.8078248849836        56.0949005496293                       1
        169.779006836329         52.708597024323        70.7035801861567                       1
        176.943853242177        28.1119199214877         36.981388428222                       1
        8.49529033112228        116.018008316483        119.301138219604                       1
        346.562686123254        79.9133468424961        187.100998160235                       1
        110.271437580251        86.0422796176368        49.6636138853897                       1
        330.530627174808       -30.6389759510186        78.5826718216817                       1
        88.9513866768481        55.1492188830448         82.601255804047                       1
        252.597606052149        57.1241588465896        134.082968449785                       1
        139.045276199036        92.7932052687847        36.8804016963757                       1
        174.646396615698        66.5763637814359        56.4890417084511                       1
        82.8031999058506         19.679758445559        83.2244519438081                       1
        194.403012919422         69.806764666539        200.461363299474                       1
       -37.7037081254161        44.9646961620969        111.565200526276                       1
        191.245315939069         72.898064527353        156.073449096489                       1
        179.546393740926        72.0818502252481       -8.25755828542124                       1
        62.3422422036072        90.9417536711305        55.5894543385024                       1
         95.291734917468        66.0760234768833        63.5308695924647                       1
        140.972219728559        53.8139839945983        53.2645368385616                       1
        292.514744449519       -27.8445367782762        41.2056255323554                       1
         349.75016643394        52.9211467291356        103.743482562158                       1
        146.226523934824        37.5553391849441        120.177481240773                       1
        242.556548960956        25.5163112533155        104.025319555173                       1
        406.979133556081        108.142726002485       -59.8029034837577                       1
        153.771843923939        63.8329827164931        86.2843317336029                       1
        331.437342025848        75.0244341398806        49.8212525044601                       1
        268.218784959439        38.5568065082756       -24.1860267787877                       1
        97.5938194734561        64.0534326138985        81.0660211641316                       1
        261.914347683913        38.8982658959653        89.7385102012851                       1
        81.3784595313793        62.8181413087221        73.9126211870172                       1
        294.964408170453        71.2385864549019         118.92532637977                       1
        135.232647129422        39.0391589597067        73.2177761415941                       1
        207.489883702614        49.4852824056644        197.916058176826                       1
        258.994672267622         79.103663157862        133.473248091022                       1
        230.123690151069        54.6325131525301        15.3989625084425                       1
        184.488776032807        84.2963332336585         191.66498076015                       1
        189.856264250799        42.5477833272414         68.586277847419                       1
        323.050327435863       -44.8734863208472           102.838075356                       1
        225.084196124397        40.0882322930107        126.409125980885                       1
        10.9870191911434       -50.1582316734981        36.3727359787815                       1
         13.985037679155       -35.4327595916515        158.937840470773                       1
        179.395609485413        88.4710093178956        164.909438313538                       1
        216.018958813461        39.0183864372928        154.297587977561                       1
        307.671191308424       -50.5334871900679        117.935570952804                       1
        312.194855369985    -0.00118164966347214        116.721621831575                       1
        177.911566896017        56.0120532525359        161.612351723918                       1
        403.765042020512        36.0399053167115        43.3884244271669                       1
         282.56225444725        99.6158325314076        153.503289616318                       1
        159.658996781261        68.9825467763254        73.7469798515196                       1
         168.09778295409        71.7254001184981         21.487675091235                       1
        99.2877518604185        96.8535645651654       -13.5736358250165                       1
        25.0346931138047       -44.6723365626033       -2.70759637867578                       1
        290.955269887429         -16.02028219046        -99.972389757975                       1
        310.820617614874        109.139371717383        98.6423002007425                       1
        187.374205156667        34.0799497631925        50.5962095793947                       1
        68.4713160572142        35.3201611083827        115.130646608297                       1
        11.6674929789485        39.4702246572517        89.2901138758258                       1
         160.80906841839        92.3788503581079        144.723621726042                       1
        326.505890658159        111.973794268228        129.319790620053                       1
        257.927283342683       -28.0965273201689        98.5202049606574                       1
       -42.0314533171639       -28.6655005307678        218.409518765798                       1
        161.657451952483        83.2694912683934        57.6704343618991                       1
        310.549362009047        56.4426612015725        107.514916674061                       1
        233.154568289986        71.0512677104223        125.233907340286                       1
        90.0223451867324        94.3909251412316         119.10326317272                       1
        159.666727865222        47.4990591129392        238.560765977452                       1
       -2.65508182278268        130.793946712472        -38.252080613415                       1
        199.584229563785        97.1779091861131        156.184391492189                       1
        257.324678085417        70.2568017395467        145.885316912136                       1
        89.1470468913989        44.3357148343928        89.5006948328989                       1
        261.363856758208        95.2067922769368        113.274834257323                       1
        195.451712559044         26.068060416639        168.246055585574                       1
        271.995451795604        102.602704082754        95.1319714800443                       1
        153.365798939109        59.0933908061671        63.5972103230202                       1
        241.380308462423        105.789390253943        106.857206982892                       1
        170.471544659808        14.1422726068017        166.090921016765                       1
        85.1890059416561        23.7175705964449       -6.34344651922132                       1
        219.176049761749        64.1588851138565        112.355869550254                       1
        141.415827584761        117.218964435206        66.5014319641912                       1
        70.7228747514961        74.3980694972959        107.667156174297                       1
        148.513408076149        64.9344548078775        89.6643064433061                       1
        11.6606185863647        106.474250668804        182.579279666816                       1
        83.5779127281889        71.4970517328927        140.595019430073                       1
        188.829019611024        62.3987776203047        42.8931491549297                       1
        203.817624585206        59.2164966293567        148.554534852255                       1
        69.2085080945618        174.024240987555        54.8208157055786                       1
        298.196156343895        44.1254291535639        135.176637274392                       1
        308.461001509851        109.970988105895        124.613959373513                       1
        37.9794254316023        47.9742195163887        66.9807840768004                       1
        0.63109807899294        101.657665372262        120.729798708062                       1
        503.628318175201        17.4301177414536       -61.7911597383379                       1
        106.293471650638         110.29790639283        70.0941540986161                       1
        115.712018017035         61.697285226492        22.4395626276183                       1
        112.639397463518        142.164034145314        59.4403123605947                       1
        394.401747061819         19.630294431615        58.0256290602452                       1
        144.791241964718        47.0160292038248        88.9839512471906                       1
        58.1123871658626        58.0576262983877        88.6524502171031                       1
        134.342251072779        58.1102152769135        93.8511693870549                       1
        301.183345983619        56.4531781628315        117.572387387168                       1
        248.404985634378        120.400092331952        54.9714911716718                       1
         221.10809868521        57.7486561140421         135.49901456284                       1
        289.401606474409        53.6777595110384        112.691919177917                       1
        43.8748114082385        90.1386132577743        61.3887269677415                       1
        112.148434154224        99.6934414679278        47.5251532924938                       1
        156.615621569859        85.0852154087756        107.750826869446                       1
        208.067461241508        61.9527069245139        37.2426771492321                       1
        204.927696277564        63.1035298469318        178.901710359567                       1
         82.274545298026         59.750539914946        103.148189055544                       1
