TEXTURE AT STRAIN


B  50
        95.9523333368659        103.907772750069       -35.8289730026694                       1
        108.304279642488       -57.4377002234034        190.288812271073                       1
        261.569930059358        79.6474540551679        26.7604601552604                       1
        83.1388013326164       -46.5456667261759        23.5245033344264                       1
       -101.292770969266        95.3087677250332       -25.3893786530845                       1
        98.9439253793679        103.056443073844        167.142225376924                       1
        39.0837199957518        37.4315075816507        206.688841539708                       1
        108.684542698533       -83.4059369770664        207.048171540126                       1
        45.2328470298314        46.2009989962265        84.3225715570886                       1
        225.160859657759        149.002440732138        177.201180934432                       1
        246.840411845772         237.85098772533        -42.770194586757                       1
        62.5895693399089        98.4249982116744         154.74811827527                       1
        257.881523315868        65.2801132636381        28.7075829654296                       1
        259.914545197915        76.4440096724757        13.6870203344233                       1
        111.816162711161        -67.022899755638        22.4683717704289                       1
        76.3267619412152       -95.2905495137757        38.4748630770177                       1
        267.335469382994        80.6418886881752        238.083619973271                       1
        68.6564378739501        115.968295356763        155.753602192323                       1
        291.379636203053          143.3280805559        131.751276543202                       1
        266.487109093018        79.7799348881522        42.2875900131616                       1
        267.934114007704        59.3249867849615        212.548171911547                       1
        262.191082129941        49.9655752048307        43.7273249077255                       1
       -88.4272031842223        133.993148602111        104.870383255986                       1
       -9.00088868665811        54.2285716644971       -14.8415366649153                       1
        271.423656630402         61.840148680466        10.9242485944916                       1
        73.7513663979943       -22.0508479066481        109.024437341783                       1
        75.8065039950306         34.189318774809         72.190385184655                       1
        191.880807111766        115.146500521044        32.2522015155382                       1
        275.068994300509        89.0846799264334        41.7988324944594                       1
        62.1600882666033        45.1063467538189        180.975651191216                       1
        32.0123506948615        65.3533532450389        145.043142465331                       1
        2.49622514017483        87.8265273286935        40.2855312715614                       1
        71.7091747470569        93.4852367540357        126.414488295098                       1
        270.681925355123        90.7463309048674        206.097101363956                       1
        91.9123961617658        116.180161509303       -51.6688168136981                       1
        76.6556082424277        100.465801867066        144.738084249686                       1
        285.293112468857        72.2459142054876        222.036239424105                       1
        272.329867595545          62.38776302038        24.8996615517483                       1
       -1.86381016784008        66.9506049527005        177.541708116303                       1
        251.230192167082        136.932553447299       -12.1763860798787                       1
        276.569323907597        253.127167041057       -25.9729634724767                       1
        102.901723064162       -55.8107158020305        216.324401402363                       1
        103.157438832293       -43.4223251160915        22.1350410955163                       1
        63.6791807233066        105.168299224702        138.041362704431                       1
       -96.5566250268588        68.3061567662506        44.1586611850376                       1
        74.6596061217769        111.936616002014        127.336306734274                       1
          18.71086745794        47.9197106982469        137.982013398804                       1
        313.119562632141        126.349839501714        64.9660440828065                       1
        198.149254966671         105.90864919973        17.4661019794561                       1
        12.5157603150878        53.8788358637776        159.650403823072                       1
