TEXTURE AT STRAIN


B  800
        138.436952685097        65.0476699241698         160.93213529987                       1
        8.46580286983028        60.9324131729065        89.4987448828226                       1
         162.82667135186        67.5118078580538        122.932675869149                       1
         280.17121139015        98.0537371755981        28.2667096416571                       1
        88.4520200220424        81.5028663785441        27.0252453585185                       1
        214.942840599003        78.7550470460049        19.2086395377533                       1
        348.363762440801        11.4697363472854        21.2095323362229                       1
        11.2724224505433        14.9233148084016        127.320857587575                       1
        280.223704778725        32.5548277899794        76.3049843620343                       1
        287.026067522548        54.1307882416961        154.059708681084                       1
        288.198575119717        64.3162450361019        151.287537096097                       1
        246.544494693395        54.4626355826192        39.4923721343855                       1
        350.285417976776        55.5066758686918        176.513900664637                       1
        82.5113854067574        86.0490629656287        69.6959974382346                       1
        157.019482540054        37.2615165370013        102.803874308809                       1
        150.856596430459        69.0640555595519        121.628647558115                       1
        138.830998710423        48.1453441035304        98.3907884513522                       1
        15.0022362487708        72.6918185754258        129.021958686846                       1
        163.749088726887        102.964460364293        51.2523406979776                       1
          25.56023981092        72.0103159024917       -8.97647274605952                       1
        304.275469064963        68.0052827076751        119.975862883541                       1
        130.721136043841        15.1631597509818         44.501451902524                       1
        24.2299399412486        53.1925062266894        67.2179627548521                       1
        36.0454717064494        72.3056384454195        87.2716663861522                       1
        188.189386254665        74.5337521184219        69.2559381772273                       1
        174.761203288504        99.0622129993657        64.6829248543166                       1
        48.3721502107582         62.265003167256        154.254446460017                       1
        259.620825316454        11.6716963487542        151.827054210134                       1
        289.995910764181        61.2056750263075          27.76112272736                       1
        269.909274931723        71.9672458960658         21.274368500317                       1
        196.234105644016         89.551710274093        124.103852989655                       1
        23.3728116812818          63.62223138359        47.2895690843492                       1
        130.725767398302        27.1712947073931        119.870059147579                       1
         165.45088273274         21.669728273798        17.3733191937546                       1
         7.2825117100734        66.1978497512318        118.870751681802                       1
        160.715414019879        89.8510775447692        35.4622538063351                       1
        111.183172505925        93.6442751453376        125.855348469241                       1
        9.81715031718896        37.7623182177485        100.778338986091                       1
        106.027341835868        68.3470301353456         20.179836378817                       1
         271.06756976842        17.9697062797715        84.1667747746005                       1
        223.667990203264        83.6479092732746        23.3007862669588                       1
        241.545876833055        81.7808038045971        182.913485577107                       1
        103.123040546726        73.6491473787354        17.8649641101854                       1
        103.964020558343        21.8398993092348        54.2009562489988                       1
        311.440787308612        38.0600449521815        156.195460612445                       1
        300.358375747706        91.8907671734841       -8.88654349730794                       1
        261.675216078765        82.3329502744019        156.548091907533                       1
        214.006935992408         21.969017300704        138.266830909685                       1
        136.873935936859        75.2228548002835        150.406658503019                       1
        278.334372701913        39.1689017025098        176.800092465586                       1
         272.81612309959        78.0926278627612        163.806649819825                       1
        323.764985606878        79.3896796573504        125.396755848068                       1
        18.8078013206605        49.9250970454764        88.1733801834816                       1
        254.302754766388        27.1271325675102        114.952585383109                       1
        288.305512076148        62.2853962007797         42.207309496838                       1
        79.9660270811094        81.9717256154795        9.38831290407768                       1
        101.007619586005        40.4047558293754        15.0441073496209                       1
        292.411035511067         57.660183506577        152.945485991105                       1
        250.020824931606         87.167832196536        38.8188739297091                       1
        10.5626014431067        59.1461629564581        50.8523089025601                       1
        306.244852742007        40.6039989071698        45.7594227608119                       1
         361.54357368536        72.2906955601169        113.333694486318                       1
        90.2406921321181        59.4878687640835         52.476692182885                       1
        307.069582691172        94.2976840398457        100.527706745748                       1
        236.485907709981         63.335405428839         6.8767411335554                       1
        84.9569729025293         68.622515919777        148.080210055961                       1
         88.544842404952        87.8538118373842        154.898137726179                       1
        68.8000102664918        80.1503178848291        92.7338158714583                       1
        282.923551029611        51.1770762704002         143.10753150278                       1
        276.139814006003        58.8828490223525         13.179948040076                       1
        126.506512981744        54.7726097241973        112.965391269692                       1
        140.311794011287        49.4799104577063        9.56616933188223                       1
        255.141172040615        93.6052112334746        11.7650059577232                       1
        332.008977856547        60.8106748840507        1.76465518104839                       1
        159.641693708825        27.4326884970888        151.281899522101                       1
        248.529541542749         64.405590490528        133.530766413774                       1
        121.816842703677         43.708318651927        155.060728285284                       1
        81.8178330746762        77.1513671511509        20.8698438104068                       1
        18.6522547808825         38.735389027802        161.034923702478                       1
        137.631814539111        16.0330249710244        52.2104455848545                       1
        354.325651641377        81.3886561924831        82.6240521834317                       1
        60.2983912266178        17.3128615960142        176.743567590884                       1
        273.308030118887        70.2326571031218        62.0256206942171                       1
        161.872237458903        52.1919120034356        114.261823461578                       1
          65.21539677425        53.4044541954738        19.9818086678979                       1
        2.25139668790686        66.0809027574979        73.2669558049926                       1
        36.5216764303975        32.9414387790939        26.0862153054066                       1
        23.6133122709834        80.3219714104139        105.100009145388                       1
        335.061872545639        31.4659757653227          95.85272182819                       1
        351.119848528263        84.5260883453238         130.98750653113                       1
        151.074778119904        76.1963864968579        11.0760505518007                       1
        141.060296190134         30.031240746245        18.3896786964528                       1
        20.6808896395818        70.5135057940544        158.645661488224                       1
        150.894671173482        55.1307737826028        85.4348397406323                       1
        184.050079078658        68.3214128158684        165.717119926064                       1
        323.988412152634        90.1008752863873        122.530090021408                       1
        154.834212473176        37.2743686593781         124.93080789726                       1
        283.884900403303        65.9486601585149        70.1575852593001                       1
        177.752854649401        81.3814713188063        160.484306326929                       1
        153.444911683733        46.2912068294283        75.5627277562491                       1
        313.665658165159         79.258500340603       -10.4836255724401                       1
        96.6826195777874        83.4907220307865        14.3682603596769                       1
        89.6294048665614        78.3902848957387        111.807145878627                       1
        264.547815771802        61.8569575823104        162.101727430579                       1
        124.063877774079        78.2086032243643        1.20316575586505                       1
        67.8141009441554        32.2012674112371        59.1762994077224                       1
         24.182196657593        82.4783108985399        77.5230238453915                       1
        170.810627788682        34.6115276708026        144.469895141887                       1
         11.778129883355        46.3857847434694        99.2903410739215                       1
        213.368185721773         98.992625611733        97.4560592455783                       1
        33.6262683165821        48.6354041734126        26.4130201513702                       1
        257.902911238536        69.1016170719918        139.001931722437                       1
        142.657971240919        79.6832443931347        65.4663812828107                       1
        274.458498837742        65.8617685879416      -0.736831066019328                       1
         140.51318734348        43.0525011921265        89.2183200479462                       1
        292.917908686515        77.0834320117804        152.166129262489                       1
        110.350654918429        61.2220440841876        182.057611678257                       1
        160.933192449888        61.1600795683087        88.8173385236897                       1
         235.57825275464         61.826921978069        27.8900615562102                       1
       -1.51323615530432        75.8319192397042         122.60736528117                       1
        48.8952354696958        42.3020677708847        86.8055444257174                       1
         310.76606286394         60.995931256517        108.799550594337                       1
        212.637148526229        40.7429973904551        162.160726904998                       1
        324.492992740924        21.2716680009074        109.226604621246                       1
        280.134375497072         88.822603538651        60.3695349563085                       1
        26.3613858805123        60.9360858326278        148.641719314348                       1
        186.626355266906        89.4813441678707        69.3487995069452                       1
        193.340624429065        32.9827432159991        163.435173919092                       1
        187.955245566075        41.2789038655794        47.6459588255688                       1
        115.940412572781        67.8059813435695        95.3224852383204                       1
        159.398305957418        69.6748618637239        99.7231539257893                       1
        182.573367177952        79.7338352208642        189.330247700112                       1
        86.4626579231664        61.0228487895872        67.0925382740988                       1
        100.007858194216        46.6155022682001        43.4372764525331                       1
        188.837968436656        72.4327665681959        -2.0649929145205                       1
        134.419469665919        35.9119322699494        159.253878182603                       1
         277.71126296324         67.242741770246        145.029428902689                       1
        208.494312318262        82.2096685178412        80.8738992984105                       1
        32.4373666653807        75.0087274596953          7.956741698351                       1
        194.763059119782        35.9626240720839        148.072240012213                       1
        154.994222124336        82.9511494775552        80.4338820976187                       1
        230.932683533662        91.2208446461011        153.512929652052                       1
        110.637442363692        58.5274266964281        29.7464137678129                       1
        112.386435567684         35.862893821414        29.9869811173307                       1
        297.481149914391        71.5084915535268        102.880012702762                       1
        44.1248866445523         23.775802900404        37.6138211461682                       1
        199.822899512825        84.4480209124294        168.280035278724                       1
        299.444780236561        14.9981019252725         157.23914399317                       1
        273.295240712737        85.7431159374006        75.2787483536698                       1
        321.591974559171        28.9904100723725        41.5849957877605                       1
        81.4042809490167        91.3914998337617        125.847698216556                       1
         261.90470598822         56.268846988686         53.925543326156                       1
        345.469528740657         65.163311213312        107.035136586793                       1
        92.6451342544022        60.6149426454635         25.859772813597                       1
        249.182671057794        23.9078561855219       -1.24687465202459                       1
         203.02996482797        44.1524514180122        54.8267601400548                       1
        68.6680702665582        72.4173737723379        36.5096813765765                       1
        163.636803484998        19.0803770435336        7.40534184989219                       1
        334.608673110028        50.9753436558211        102.495030901189                       1
        61.8106767012138       -4.80898760852773        74.5289734798622                       1
        88.8346267592949        73.6254266875097        37.0820106476161                       1
        46.4364387285582        94.9796954297181        58.3087220438132                       1
        261.555712195096        63.4958405554311        75.5886902901976                       1
        263.586559013587        81.3875266329904        44.5292138448754                       1
        216.933141554589        76.4438822152713         97.900974632625                       1
          84.14734956888        39.4737860806125        149.422358848567                       1
        42.0576411746131        59.4884944446505        54.0064561821141                       1
        243.858828035702        68.5497144452833        151.685320206649                       1
        159.511614405935        18.6511043623831        8.56021406100653                       1
        127.019372472114        82.2060570295859        44.2707364141631                       1
        145.342096753026        40.5567716907566         165.90185776136                       1
        108.492193963734        87.0994521710911        147.555695361095                       1
        358.188895794234         66.215594909094        99.6095062790087                       1
        3.27237507528661        58.1692654303161        107.295441991917                       1
        220.088949984236         3.2842185662777        132.581371790902                       1
        195.413127870739        69.8971293023874        81.7855832049338                       1
       -8.17761105482671        58.7735557580539        136.559189645324                       1
        241.568338511903        56.7867584352285        7.66834596559232                       1
        228.933161422939        65.2700664249255        95.7654405723541                       1
        3.16818725506305        27.3371119548394          59.85603277516                       1
        200.125950617866        68.5230435639492        34.6659686013892                       1
        232.987813645255        27.0835262908183        137.195023153461                       1
        314.043091457196        52.4719009952463        186.512763081793                       1
         297.28000817249         47.405027540415        41.7300008129827                       1
         253.35244495444        62.3321295549524       0.480765091891413                       1
        59.5675319416884        56.8361197111773        167.904464734066                       1
         89.344103988831        36.3225621299542        49.6136987665404                       1
       -3.60306697940557        118.004658154147        164.136185527622                       1
        293.427650171026        67.6793166307195        147.465711613633                       1
        245.855761905064        66.9178109946686        28.6345109628921                       1
        287.699211327938         38.996576294466        77.5911989238564                       1
        309.620604820302        64.1478925395733        119.667725656255                       1
        46.5308229267039        75.5949396842629        80.7560664804082                       1
        57.3711893621817          73.89607541556        12.8243339296507                       1
        107.890115426632        75.9381151842776        88.9814823232152                       1
        213.906471329726        9.37417510147541        135.539767195119                       1
        175.975892847778        79.9212639154032        91.6514492883407                       1
        338.138504633396        23.3934961666281        55.7234680979993                       1
        274.546933554346        83.2230547896405        186.980284468934                       1
        192.936532781663        87.7642285336156        52.2429613444533                       1
        226.259932867104        19.2381576003383        192.175994201138                       1
         70.938096040815        61.7992393003175        103.034266266724                       1
        4.30940434398549        91.7176427005391        61.4712359299113                       1
        228.079679847318        83.5102100755624        109.284066898784                       1
        167.199027884906         18.344123462951        112.074450140745                       1
        280.789950008592        51.9662265293732        124.682669898166                       1
       -2.23582447033087        19.9146301551943        122.987328514057                       1
        16.1706537281024        66.1365124871821        11.3045565016079                       1
        110.400692508098         76.660602405453        8.93910066161236                       1
        121.295382177308        61.7210995262899      0.0206036525568814                       1
         103.53322794079        100.997701974132        62.3085574481458                       1
         235.68781663247         80.713582894963        123.254776889932                       1
       -7.14145829734925        24.5974949877723      -0.386864565763594                       1
        60.1777071205042        72.2418877342924        69.8192665799436                       1
        165.620907223642        35.9034442201413        129.798196758002                       1
        137.780066126973        76.9967903204254        76.8689385908265                       1
        118.849372214302       -11.3072814130933        104.221527867347                       1
        206.243486793752        53.2002580824034        149.597221061329                       1
        212.098407503939        103.992470427058        52.6924733576026                       1
        129.459705174245        33.6994830490036         180.77423977513                       1
        16.1462210547269         79.275591413865        92.0852213569477                       1
         299.20023285187         77.504576985317        128.698044569504                       1
        165.795130049255        83.0065894711745        112.228924600322                       1
        119.655854581489        54.1399853660351        114.279496321234                       1
        3.36301843986329        40.2382376379791        177.876662257301                       1
        207.405759306813        43.3575028755263        138.118861835536                       1
        173.786765002272        44.3715096234497         66.577479926025                       1
        362.380856683184        63.5920077767402        120.553489523781                       1
        240.048691789814        32.7599976101342        77.6685911757972                       1
        101.296806897767        97.7138248630541        9.81037643050322                       1
        118.367262941803        71.0982644060427        74.4520342256512                       1
        339.375849248166        32.7052838973696        37.8255169807922                       1
        209.016823947559        23.8678374279031        92.4362796845491                       1
        182.923163907122        50.7890668058444        39.3436758236097                       1
        159.239617298583        49.4722668110895        10.0514066268813                       1
        39.5180533124812        28.9638177433192        85.2699652965216                       1
        61.1890069580041        66.5485759021075        79.9629610593728                       1
        358.366017205338        79.7386205225581        146.030242484045                       1
        339.905130847612        45.6967512204659        8.34081177804368                       1
        259.440424727188        80.2942105026873         142.68809246269                       1
         354.12202661814       -10.8232512515677        165.077362099492                       1
        320.684026475783        34.8013013832012        8.09514396467447                       1
        113.905337042909        10.2034367332098        84.1217745109197                       1
        77.1542451932483        26.1449537221875        62.7990668480364                       1
        174.133974375921        87.7704877034876         98.253311109221                       1
        33.5027532118645        31.8093579457915        13.7914520177272                       1
         212.96040186095        66.8970202371119        157.932848451501                       1
        223.803363121139        68.3267556855054        24.9971379514355                       1
        304.250918821101        29.6326515366586         119.45928242298                       1
        19.7803612332124        62.4478346388108        167.138536449616                       1
        213.781967037667        59.0232414986027        130.201326398604                       1
        249.618336786986        89.1699095160236        84.9016000748932                       1
        355.413286667704        31.6478523095442        85.6077946893318                       1
        263.216469746385        78.3986498598225        144.607021141952                       1
        319.529258870862        30.0440023290412        101.328292857327                       1
        292.126604619204        91.7808026615763        136.011415796375                       1
        261.393249221624        80.9065332171464        125.864970317479                       1
        104.851579042311        60.7099028296989        152.821989868138                       1
        175.728648762184         74.389232613343        43.2496581424111                       1
        248.495107610262        64.6805516085086        131.667328130946                       1
        64.0419695170917        75.8558096726533         89.867130378927                       1
        299.552517685503        1.39770662717314        63.2636587340385                       1
        99.4966467262188        49.9277008952455        126.978518856008                       1
        45.6405212282392       -4.73927774494801        139.295360345281                       1
        220.989541458878        51.7703793717559        113.811785973481                       1
        125.556288783619        33.5362931584847        3.50936549314321                       1
        54.3683258642573       -5.67875798291684        115.043279829797                       1
        352.221280131032         57.020481566346        107.170604819256                       1
        151.386555933406        46.8871178641786         105.10275409712                       1
        57.2352326000934        78.9271091208821        127.231432941235                       1
        224.958068183373        44.3105273924574        13.1729012340335                       1
        276.734003297865        47.9858376859862        66.1445572947232                       1
        201.841735106363        58.5314932686628        160.190734679969                       1
        93.0294724845576        69.9198899042067        60.7651674104991                       1
        75.0190674002777        80.4493648552832        89.6297663820583                       1
        208.108211192124        89.0890928016925        97.0187391659944                       1
         170.50029627152        57.6506426459917        62.7460382643836                       1
         327.55137722922        57.5516805546751        156.120334146789                       1
        266.943067874684        34.7179918603238        13.8025753566075                       1
        109.916815490129        45.3168974733341        20.0915431366395                       1
         290.61198377457        30.0509599804175        87.2093093136751                       1
        80.8024449500556        67.1768939530138        67.0495788451306                       1
        223.943317200087        21.6214292802745        106.691241887702                       1
         341.49508996859        61.7748538622315        73.9581909375772                       1
        107.161982764677        13.0964340124791        121.672414936409                       1
        231.580446927643        78.5147980725559        75.8196956428807                       1
        134.925989058428        50.0095381127639        183.557008064697                       1
        131.701284279382        53.6696263290914        161.023391265926                       1
        248.998758799103        73.2420345036983        39.4945536645964                       1
        235.796980434883        61.9102181667748        150.250264873456                       1
        335.913215053663         87.282804648298        116.774848510652                       1
        207.238862146085        36.2121774931139        38.2975706741206                       1
        239.218352283006        75.2479547758111        86.9790843749865                       1
        340.664077385837        87.3900448641992        118.316022369152                       1
        283.191600303774        27.5612441565151        170.301835117839                       1
         171.11589273421        14.0983848687998        91.3717018985646                       1
        311.192211503707        14.9576067618003         114.88689384904                       1
        89.3036348557325        26.6568632377799        160.692215275852                       1
        80.9395962418099        58.2551514654607        33.4326527556955                       1
        203.255135918369        27.2131284207988        45.2135240559783                       1
        367.188662317917        56.7655727716237        185.629398958344                       1
        115.903011887324        40.1002808504461        140.813813791633                       1
          114.2322442803        58.0361834046599        62.1289642403924                       1
        225.729201593042        83.1960297683558        158.082655277191                       1
        307.366670201235         95.483790127489        93.9621676199573                       1
        183.248588209805        63.6296010496809        54.2719817910696                       1
        250.076059038675        49.0739226230542        124.493877954749                       1
        145.675904093438        56.3534155719898        110.674094484659                       1
        337.344866420393        48.1225371516213        43.7129065626547                       1
        202.502689300861        29.1115304158713         58.343780010844                       1
        265.230232272508        45.4332753035786        172.464363392258                       1
        26.0847414976357        55.3623669805841        118.318185635527                       1
        237.484510221124        72.9875702940926        101.173183384606                       1
        202.096504065786        12.1025730142718        52.5792870960405                       1
        322.746974457243        32.5371074608586        129.053738369319                       1
        30.2635222873964        51.2642767252597        43.1196082274418                       1
        196.037724648499        38.8017873198809        115.807243637035                       1
        73.3317111019511        43.7766163545391        20.8169906331705                       1
        344.583694972912        74.7551604786766        84.5288213885664                       1
        62.9591954041137        54.5006603352593        98.8005436323243                       1
        93.3690876740791        45.2858153621372        166.249502604745                       1
        346.263236446608        64.5495924228307        117.072752087191                       1
         236.31585207119        46.1786216523771        35.5562758042928                       1
        335.509331453476        45.5516485922911        108.609630558445                       1
        152.123054973601        65.8047751452021        54.2888573037251                       1
        134.367142167284        74.7462688566044        106.554817130093                       1
        195.189777725496        58.3608263705816        16.7746759818118                       1
        105.229191664104        34.6352937515309        131.128232143789                       1
         231.78623662465         66.924346435917        18.3256776617463                       1
         88.454221078317        54.6015105896777        119.817081022996                       1
        259.625173665546        83.6465886823061        67.3664155033762                       1
        136.772700863217        53.5494505803611        83.3878785179221                       1
        349.214554004433        42.1781748455408        101.391717760523                       1
        237.816083314127        62.0081364081126        137.077453963369                       1
         311.90054224149        19.4955860263592        105.505464543788                       1
        220.157878555526        72.9151562579615        38.9854756921826                       1
        268.073222063093        47.9812774186136        26.9954927976936                       1
        260.171264310529        29.2312439471103         58.072676871822                       1
        125.674034429397        65.4953672423195        76.9009148978838                       1
        311.512711842568        40.9904454034702        107.398833763719                       1
        255.083705861019        75.5136202306562        19.7303671092106                       1
        109.549989853574        23.3116498910428        163.469301708302                       1
        143.413296639943        51.2573613761381        115.759327725164                       1
        152.079608038064        88.2424642502593        25.2824241991511                       1
        16.2591363713599        47.3146049235974        109.514264702964                       1
        357.112030111709         59.691182441806        34.3846682671972                       1
        280.792055045334        83.2880994931293        38.2396296320364                       1
        351.903489027859        84.3865581528806        95.8123274697251                       1
        152.110627185983        73.8998363209758        23.7927304719918                       1
        152.356023357634        63.7364199435125        72.6405197080955                       1
        240.964459392496        74.0425322489568         69.624896162694                       1
        117.348916159084        55.9437495157453        132.815217394408                       1
        320.604931152986        77.6524494773594        85.7092132763093                       1
        280.637897697184       -7.96302683184655        18.5169448849214                       1
         277.89682601136        17.4382499571588        27.6829420638156                       1
        311.170692087073        77.4593596228091        109.387339113007                       1
        214.464041772126        56.8188576752922        30.6258282222118                       1
        276.358545831778        91.5752036509406        53.7879601502868                       1
         131.91507739687        35.5392857696701        139.048767188251                       1
        289.385758552829        61.9908993930411        125.607013100996                       1
        305.110177956766        50.1728767613727        127.254376675911                       1
        75.0210603855454        59.7658896205602        136.635094227063                       1
        332.750943435627        71.7312283341728        112.037698015373                       1
        212.283910737658        42.0981423252893         9.4402953926923                       1
         209.04389734887        86.9735879180089        126.844451932627                       1
         27.853373404712        15.8506694923739        1.16378515249535                       1
         210.74452617631         66.184106949343         101.43452778976                       1
        85.6219346870482        27.0707311697995        156.151493299365                       1
        247.272764748547        42.4437398184223       -11.1346316304643                       1
        147.832571946869        89.7321022583453        158.986271125572                       1
        151.303714280737         43.510860333223        94.4436261614906                       1
         54.240323721847        62.5933418919071        88.9339778381768                       1
        24.0259768974594         89.789844380339        182.540789464294                       1
        155.926059926018        58.1630213163115        90.7641811223107                       1
        108.756802091923        79.5922921808292        36.4957839935451                       1
        139.073718848857        21.3056505043138        117.094179563016                       1
        271.464872265992        52.6997338095207        143.854427958452                       1
        170.074590124097        46.9955084115057        173.528047459074                       1
        106.567719250568        86.7716913999863        179.679096138609                       1
        38.3959976697551        53.1598085459866        161.575187330254                       1
        108.994129824813        91.4977007455068        29.6806627485955                       1
        279.643850033596        83.9334804603844        154.274075820266                       1
        318.613272355696        60.2197499318128       -10.5876503770958                       1
        166.610467523092        102.218962922143          81.91139918441                       1
        78.7651245622112        79.8322990713864        77.5135680896957                       1
         95.774424971251        78.8010863866245        166.928197766174                       1
        44.5997974452467        59.4834193956549        122.215181508655                       1
        3.73934433160297        77.6033844893213        80.0678245174294                       1
        256.936618889715         70.735061677907        11.0738327696154                       1
        322.453472317557        56.3313443066745        97.5955149393045                       1
        134.922194000448        45.3698454057734        172.254510429357                       1
        63.0963645502412        47.0350764093212        134.966715394582                       1
        304.521267856617         35.084471052295        129.603322766487                       1
         62.443715336964        39.2830070629187        157.839026886354                       1
        315.920235509336        65.2208800490206        133.420306808645                       1
        13.6949409196108        89.0476966188201        99.0696582874073                       1
        344.817265959061        11.8025261838601        99.7759772225442                       1
        332.657954044787        51.6486467770851        34.3293078671787                       1
        174.076554257712        68.7938942664363        26.0614544621163                       1
        198.893344796441       -16.0648431805141        30.8206072502551                       1
        22.2195741203113        19.9697502511719        99.1070632772728                       1
        174.364904104478        81.6411767364832        55.9157948953918                       1
        241.026897850685        58.1797092070521        81.7866233022853                       1
        176.208586058776          84.19142899561        14.1942334260674                       1
        290.828739455175        81.8665823354838         36.210139859178                       1
        220.842807249612        44.4012996867461         105.52767853152                       1
        141.354844449722        30.3729641653572        147.196287525634                       1
          262.3011893106        51.7065834367134        11.5055256402381                       1
        286.256358605414        22.1069839726332        46.9234136626021                       1
         123.89626318033        42.2830236863515         32.975783109969                       1
        169.595679817437        83.8121320348679          62.46102391005                       1
         57.624263252699        24.8207506818277        33.0387194002399                       1
        227.225026233692        42.9212796878326        33.6987311173765                       1
        115.207971128827        75.4372985975821        132.927500212108                       1
        157.032304870325         31.280059791968        15.5475537789098                       1
        63.8331850738206        21.4061088820344        160.389381660043                       1
        67.0874849567448        44.7904520528376        70.5396090411838                       1
        241.157125494168        84.3463334722274        142.478902411474                       1
        268.232922904025       -5.34126770247035        60.7701756003736                       1
        309.803184513027         78.547192283186        136.769065987022                       1
        223.006759318349        53.0301620200387        45.5277506821656                       1
        36.2812509675805        101.511545253765        178.300426408939                       1
        329.681730352022        70.7593338126605        124.411992032909                       1
        27.5899514119492        80.7006826255666        120.606698083208                       1
        167.043964502802        70.2126458273572        192.674442721243                       1
        235.567398883855        44.0211621787648        173.395214955874                       1
        110.243550411334        78.6087673051733        44.7001620359938                       1
        334.223411508306        78.7168521380666        81.4913536990593                       1
        168.002029555085        32.4345112431228        114.389824997296                       1
        73.1076396994518        64.6599116148005        19.2230074605215                       1
        374.749417445799         58.675734621453        28.1619166087213                       1
        208.980225638908        26.4062368982966        119.092971625183                       1
        355.986935939553        50.8482427596014        45.3301815800712                       1
        305.682587667205        18.1025434917446        36.9800369878644                       1
        131.545002046443        69.6262194010693        91.9762224445116                       1
        121.413402187921        33.6942712599537        164.161733982255                       1
        122.012293529067        49.1461196904323        22.8474528234832                       1
        163.519791427911        91.4849585173274        25.7503848222859                       1
        71.2879800347649        46.4211399089154        51.5796572032141                       1
        94.7111340737101        13.3168739237479        119.798893647194                       1
        156.921629940842        76.1503582276473        70.2586736684482                       1
        322.720049763555        95.8527141714951        86.3786517738777                       1
        15.7547170290941        77.7016228552876        115.219064350947                       1
         347.72622566688        87.8729670629317        109.200886292919                       1
        223.982016066802        28.2002964062085         35.094498936103                       1
        31.2046139494003        56.2241710585097         178.22122809344                       1
        144.673351495666        58.9009212254512        67.4255450010266                       1
        3.94623115419742         87.500302765142        38.2544096018185                       1
        193.272769706146        18.7933586943906       -5.49372420664056                       1
        79.7777888163224        38.0692932560773        32.5319130602852                       1
        14.8944482459694        79.9515288599187        70.3144421873009                       1
        99.6046600121266        61.4494072433851        79.9498976880526                       1
        42.6537628529799        70.3349361259007        176.496631829459                       1
        164.308317758919        59.7829530276185        184.137147780659                       1
        163.263378126639        22.3819790968767        131.992248686044                       1
         352.94486521185         46.106199135261        156.443338955728                       1
        321.430270812838        85.7005614614454        43.5368150188633                       1
         132.59273353259        92.0244117587542        28.0965281077332                       1
        115.694876699987        31.5158895235643        115.234149887015                       1
        100.785216038544        46.6239123850273        32.5593312156616                       1
        256.470317525446        15.5698635204575        179.695926437971                       1
        189.194433667702        96.0933558020265        177.983456500072                       1
        317.392865421444        66.9419221840345        121.394876714077                       1
        326.320948009422        65.6234974723065         148.95036302501                       1
        177.861599098816        48.2725045646951        173.204998187764                       1
        23.7001392585429        67.1123713756101        171.061337191789                       1
        187.831855359337         97.330160389847         12.919658793382                       1
        345.607710632376        80.9086450080607        24.9425725560964                       1
        272.685003323254        70.3359276617838        126.235583667704                       1
        46.1712633319904        35.4630869699576        15.7708763689034                       1
        41.2056678266653        55.5807069646539        74.2062285301512                       1
        296.588873160005        75.9549747064628        166.061879858345                       1
        231.813709984003        44.4150027942077        135.689636389322                       1
        193.793225885188        47.7006148296469       -16.9652843595463                       1
        292.818937352961        98.5130266579486        60.9728491238253                       1
        345.778507920318        68.9459795230514        90.8236991585107                       1
        163.413417112022        59.9764759825126        167.981089241742                       1
        247.058748261822         88.039837567515        115.072807499475                       1
        245.653941858503         27.346869988865        99.1739379332209                       1
        128.626807145091        41.3997961974212        122.227920895904                       1
        144.269797048685        30.1016268929343        182.461904028327                       1
         222.30287944668        64.2029983528952        82.1755226005979                       1
        87.4906331487967        22.8291341925522        82.5685095580403                       1
        354.761211964332        73.1223085200294        137.157215420981                       1
        125.291770738504        55.0532956108237        136.520359469895                       1
        32.1716407282569        81.8824838839137        18.9620314411653                       1
        55.1635201317425        25.1227089942008        127.390476569713                       1
          204.7388728989        78.1386494943774        78.1455273163991                       1
        259.967709696599        58.1139635980685        154.991142306869                       1
        92.7913277702462        63.8258470227262        184.469492206689                       1
        345.407339958758        79.8068936077195        120.229285838847                       1
        31.6017575052298        78.3109942246562        101.632120459688                       1
        223.646892727086       -13.2314903674653        88.0612816006363                       1
        238.318952647011        35.4252488597047        147.125621463944                       1
        115.145948134614         46.867541769641        126.990051276723                       1
        163.748391539673        78.9817240240224        43.4236213041892                       1
         235.75075679537        73.0855079344365        34.7466625277303                       1
        76.1749933985303        48.0421446674452        53.9669522012531                       1
        248.688822002683        51.1263089924503        14.9226028406969                       1
        310.350769360375        66.6906004530821        133.292024619307                       1
         279.15212859635        42.0508647443019        146.969559258949                       1
        218.133001199758        83.3090418784056         110.48619383496                       1
        324.085464438993        45.6365215965774        131.662348510626                       1
        39.8842331008508        -11.389494196885        146.429134488892                       1
        180.049790762386        75.6118040768139        67.3451522345595                       1
        147.244244118285        56.9647007916447         91.656873748601                       1
        168.008823631124        65.7064870057595        9.20443418993848                       1
        302.389175709794        48.1905605835917        120.821335212606                       1
        63.3459461133553        14.4149672638251        37.4797384459126                       1
        198.254176039429        89.1854944753093        67.8860216481462                       1
         176.97218271696        63.8977082319469          178.2399798777                       1
        262.272572462531        42.3804916129497        171.417182986967                       1
       -4.98024470637004        55.2346656137153        172.300662345427                       1
        3.41764516125179        72.8532548925215         153.38275179615                       1
        231.602907590502        64.5089585165983        110.563929139248                       1
        181.976006205731         75.556941098461        145.793883414972                       1
        91.1649629151579        87.5622398387056        39.3606949097668                       1
        38.3102715724827        59.3492236522755        93.4715646445535                       1
        316.057428211715        82.5575350692992        115.465805271203                       1
         198.16167967591         72.650324014567         11.403956172333                       1
        103.560829286671        23.5155776925521        158.667629262152                       1
        270.588879698006        63.9152772279129        138.965776461448                       1
        76.9733972096752        37.1262453663502        93.4976514278842                       1
        84.4338209516461        37.0455878197215        37.2782892575997                       1
        143.858448017996        73.7881048190081         71.765754566579                       1
        251.051430639603        68.7189144298855        59.4648819901385                       1
       -13.3066955244993        30.9099791602715        71.3721568585568                       1
        135.455025628892        59.9229920244611        146.324663425127                       1
        252.181191919139        71.1314114544593        116.606937570816                       1
        263.671027530702        82.6392971790346        48.9865573875212                       1
        93.4278672899775        84.9192350865954        75.9692802686002                       1
        85.8768458155166        77.3928116816993        130.415201487412                       1
        334.391257795408        72.6283488013175        153.228746827909                       1
        341.806055111575        70.8021907634149        12.1033606838408                       1
        38.8966931518669        35.0641162093635          36.38932115565                       1
        251.957320952277        31.3663884109201        173.278954854872                       1
        333.109652472756        89.3944304775823        82.1818554683854                       1
        298.722854210876        74.8653192803998         155.58767851792                       1
       -1.39343843064281        41.7129302135119         71.587400315577                       1
        340.489753527537        60.4851298920711        117.783466036389                       1
        304.557763143988        55.8689069807345        141.364700508254                       1
         257.12670069819        107.234167322824        103.807106587404                       1
        121.150864189331        64.7585507485964        41.4457976183185                       1
        261.598535598361        73.9617055850942        174.956681460535                       1
        256.308078344137        61.1521892329369        132.069727888596                       1
        330.652850922717        60.2524216551518        2.62050402179684                       1
         69.368356435937        97.0179853900429        12.3158663863051                       1
        17.7546117834155        41.3346871702635        73.5773293962759                       1
        210.253072258749        56.8243753454909        24.8723775032486                       1
        142.833676043391        83.3898174087079        37.3868490040818                       1
        96.6601555435332        49.8715807486087        69.7972327277722                       1
        156.426175582577        71.2555652067837        68.8615523655059                       1
        198.713186326693        87.4633489054012        91.7455552801043                       1
        298.997634691343        82.1983104678989        88.6431091234559                       1
         73.672563964892       -27.2003875656545        182.303412766571                       1
        47.6947121703493        11.9567230033299        132.304419503334                       1
        172.781620619012        37.0224472241749        97.6764518259985                       1
        189.847394712941        71.4198154786527        45.0263571159147                       1
        182.517411629483        94.1314279081461        70.9341500902972                       1
        277.998931520327        64.3765828936973        157.137294345145                       1
        319.676870041108        49.0077114238736        140.429301575748                       1
        210.864582698479        78.3988862013531        110.941891746172                       1
        32.3855711706966         64.050342997401         64.248529060184                       1
        280.665476378964       -13.3100364157711        137.883514171443                       1
        306.975797701264         86.544787518473        42.4106178921221                       1
        227.184062548188        1.90555811431418        176.078330614486                       1
        317.836167277011        71.1745679777188        144.450594791653                       1
        291.279255155376        64.0788787525483        139.611585208437                       1
        -1.1154808154676        53.1642079497023        83.9134713805864                       1
         130.25730873382        64.9439058138482        14.2542404201416                       1
        139.606155910397        61.0578268554285        118.018929534035                       1
        297.372614843918        49.1753044809243         97.699727144791                       1
        139.890447903495         68.512860618015        126.794422058208                       1
        259.422990481427        57.3266907862304        172.754967497815                       1
        216.003396664957         58.374120840738        103.957497775833                       1
        67.2920208949279        81.3653181187889         20.103207744715                       1
        311.221479661439        40.7563929354027        152.184389859649                       1
        270.386277559847        13.2818215058872        58.7892956861038                       1
        234.179701797438        55.1311546315079        133.951666652028                       1
        277.094581286128          87.00043491191        34.3851111978766                       1
         178.22852693143        79.5290009821666        79.4693104023532                       1
        301.553514926435        73.4787468124844        154.476029955388                       1
         272.52570282376         69.784849436123        41.1064543000257                       1
        100.941365384393          68.91357657102        41.0967695229301                       1
        138.482519129088         67.589087199903        49.2153235369031                       1
        334.974869102073        68.0429357152433        53.4229620615232                       1
        350.573908680476        12.7011235827718        34.7095656828328                       1
        274.317984899647        73.8051197307776        151.569301241804                       1
        49.7393620596421        77.3591621784288        63.2440843166243                       1
        190.540652086969        26.1574775921884         146.64080488886                       1
        92.2683481666531        50.3760904747274        62.5616484570819                       1
        77.6590795613383        88.7799768465631        99.8072064251765                       1
       -11.7639544327984         70.016705066007        101.958208833413                       1
        190.258474023679        15.2700224841315         9.4254675880424                       1
        58.8088540952232        54.3875918242936        36.3785872127711                       1
         327.81908965201        65.1532489899697        100.488302513216                       1
        161.939065361399        80.6525457113018        81.6491663190854                       1
        128.999227343087        29.8952927605316        98.1284057809772                       1
        149.396835362537        51.0828487638668        130.825803083818                       1
        240.894917556433         47.086622107265        148.350188899225                       1
         180.61251369336        45.8658508926963        158.844057088935                       1
        252.524474059672        78.4825234575634       -2.58763591563564                       1
        324.168275848594        26.0970067639058        81.4603821157312                       1
         178.16122651473        49.5996221036759        190.438031766545                       1
         182.37217580384       -9.44541778540934        157.361395331459                       1
        331.468089894627        37.1699820944712         12.711813482322                       1
         44.225593603533        87.9780621490979         92.565565348296                       1
        219.289147359665        46.3444024811616        88.3675358348925                       1
        135.925631596006          23.12108356106        111.454236694362                       1
        299.159350585851        78.3106767697896        22.9208682313151                       1
        343.704206783224        62.2446623223797         64.294487060362                       1
         294.68703028493         85.680431892733         75.149662880525                       1
        59.8648224558863        95.8219729689528        161.005305763411                       1
         266.33771082883        33.4275952535703        180.606770631425                       1
        18.9079683707013        64.8136830956821        28.7986357120654                       1
        323.911391227644        48.2005179546606        108.980237115759                       1
        229.145335942171        76.9545002296816        143.065330215359                       1
        117.554298736586        89.6375348149453        28.5938517447512                       1
        264.067187365567        74.9476786515439        7.99996722024264                       1
        297.618166659054        30.8915888139405        42.8543705111866                       1
        251.714709673747        48.3199261787702        25.8989128834105                       1
        242.301076266001        39.0957644558689        52.0938510028151                       1
        155.759009504279        62.4907395700333        184.845757728145                       1
        24.9245620986037        71.3060436428171        12.6367859786801                       1
        37.5488401360662         57.693539232751          154.8744121353                       1
         155.14939171663        17.0613031730444        127.714962625921                       1
         337.84817931623        74.4946913555465        142.788497892063                       1
        282.791063533668        111.996945108978        50.3594199658767                       1
        40.3806533178986        5.77102788253831        69.3879837384192                       1
         281.50176298363        26.2615651886203         184.21364912698                       1
        249.653473768099        76.2843786220533         127.05708431764                       1
        133.083459235667        19.0300852569784        160.810337261589                       1
        297.834128383588        57.6748507760339        159.211728703735                       1
        77.6735716284053        79.7190962775678        145.325584462149                       1
        9.67473269871786        54.6481760149299        19.9191348489587                       1
        197.301762650415        80.2488797863973        42.0716719048647                       1
         172.32214818297         32.514124971356        74.7248735390593                       1
        364.640588935448        46.9191388525991        92.7688207194771                       1
        326.283654136285        81.4485550973028        133.186713286638                       1
        297.172194213804        24.1430838944393        17.0771589102038                       1
        291.066733525601        70.0671008567157        170.500788376776                       1
        335.964897276771        72.9347154635693        133.325572460094                       1
        263.283845372001        29.4971039786145          10.86173556982                       1
        116.802751236943        16.1606347584367        35.7632832285219                       1
        335.274063498457        45.9860658865632        168.642234258213                       1
        168.594240581048        80.3170511491752        14.0880259259282                       1
        257.564325498672        68.3492097404029        68.6616991788449                       1
        239.390954628774        44.1448537661927        74.1292672745593                       1
        50.5495547800948        46.5461583373638        107.414661907256                       1
        218.382080800636        67.3664434453768        132.468656889187                       1
        203.778733195475        73.4301763701584       -1.76732885291431                       1
        8.54814494011438        41.1733063694039        129.976477910112                       1
        233.663482116697        30.9857715712265        22.6269580811736                       1
        173.222013352821        65.6737579895386        72.2145486818942                       1
        217.393646706343        69.2129983901012        18.4984303057979                       1
        167.829406797063        87.5339510990112        172.470240943539                       1
        318.954273677685        67.7434073389614        72.9344107128617                       1
        346.152791444155        42.5320881822014        124.536129228562                       1
        44.4725468495826         46.234931398599        75.4541862714199                       1
        116.545281785461        48.8647296135919        180.683854195934                       1
       -8.53013802385764        77.1184297781662        158.146786171391                       1
        219.423363115521         95.883966333752        121.459580214245                       1
        159.420002361287        38.6327372105229        171.539515696792                       1
        238.783388287205        91.6253514228764        77.5300698015842                       1
        104.192476987942        98.6780460956117        161.666608679465                       1
        349.955377477043        63.6232225498334        88.8814944555228                       1
        125.159103866312        82.6488516474015        52.5992032601478                       1
        161.342000204401        91.9683076991457        135.279657230566                       1
        160.629672844218        31.8453665579876        108.890376536133                       1
        148.113401955387        9.04285455447798        94.1854525098597                       1
        284.824535259247        43.4503219661134          163.9600515577                       1
        21.0357905515763        29.7955315904378        93.8039490993829                       1
        13.7839265413113        73.6846362542754        128.345824545406                       1
        310.203370348757        53.1314387932455        135.031411359626                       1
        215.487130492628        88.5790839539554        147.909386851511                       1
        201.737441358404        54.5895054401654        46.6002532937213                       1
        49.0656680384363        76.4575808327042        39.0579145724183                       1
        325.913706698405          80.75671214821        97.3115003833196                       1
         2.8717777989756        74.8744949725261        96.4971126474378                       1
        83.9443188568656        92.8858732739629        175.202145885999                       1
        340.678374634036        50.1399650173783        83.1381440423457                       1
        183.804544919254        90.5422905710898         85.607070106306                       1
        185.279335834007        84.1700662260341        37.1892018194773                       1
        166.785998060291        75.2010703253172        53.9406957155323                       1
        125.508613318424        78.9400013991849        39.3215057685924                       1
         194.70640083889        58.4114589696219        172.380410145509                       1
        140.885576374929        66.5050816480673        89.7555591803501                       1
        48.1650776693138        58.3351002731651        132.981343590817                       1
        60.8092528126182        59.3208598536822        84.4312649913934                       1
        301.140474170758         59.672549773487        74.9301159790568                       1
        94.0132971577909        53.4150818611343        197.486608415705                       1
        151.337470538572        48.4031073217589        -4.0795790410677                       1
        274.494705353936        95.3180347141781        165.198931367526                       1
        17.3096949365111        76.7925262707756        152.310940909734                       1
        280.562791934321        79.3867067670923        40.1592722691998                       1
        326.884360634246        66.3596788375282        131.711589991217                       1
        194.382049256397         70.617071787161        72.2265965573137                       1
        244.353879834134         85.319560413857         108.06261828139                       1
        271.226811258723        62.4911457144669        173.250955421192                       1
        48.2699192027213        65.4859673306719        93.5717480493754                       1
        73.7998864229894        64.2357439780243        85.7984769508061                       1
        16.1206294929528        63.4872397385911        93.3248202778802                       1
        20.3994101976637        46.2277765835774        176.835174065192                       1
         310.20745746695        57.1969750693846        37.0307947900271                       1
        15.6451060859053        48.3637739026473        148.136761837655                       1
        267.383302131589        46.7369280448574        126.995877669764                       1
         161.13108629083        70.5733527697754        74.1735707309326                       1
        188.240496046342         60.937592432385        23.3173394543101                       1
        39.4032828286012        39.3681708531427        136.972527673842                       1
        307.899882746855        74.3045248616145        130.032487293703                       1
        92.4691828927107        28.3672913862736        15.9085645374854                       1
        176.729953480514        22.5028547904236        137.024128802164                       1
        12.3095279267704        32.1399746337619        148.064667618189                       1
        64.8062909166304        77.7915855082644         86.138240705225                       1
        220.135021391852        29.9292413381852        145.295370119528                       1
        195.876503876092        82.2725384975669        99.9642170315929                       1
        231.729272281484        50.0991661804957        21.3875432355124                       1
        112.587421795411        71.5258322349935        20.8580030980484                       1
        361.252949430778        26.3831049442854        54.7323960087157                       1
        301.593194886195        40.2027029093618         147.34553063841                       1
        326.090961804919        18.8944272408714        153.924181429572                       1
        102.191976362769        76.2682005452233        62.1242129566321                       1
        109.199046501906        101.151861782476        44.5389614540602                       1
        329.208910793826        42.2100324917998        114.234476576159                       1
        107.131397549584        38.2418847796608        181.124581179903                       1
        350.772346633835        58.2399476244282        22.6673360615024                       1
        244.059537730931        87.9846937388977         132.29897623404                       1
        95.7294709481873        73.2087051194378        27.7159876035445                       1
        171.748396640669        50.5500788689416        85.2183926002374                       1
        40.5900553347138        64.4472029669084        17.5160914904003                       1
        17.9509201702001        83.6651890402972        43.2285302703072                       1
        364.029416291091        76.4249793986603        187.984153918953                       1
        274.286520778354        71.3815751544935        141.521592907074                       1
        1.86025006250301        79.7979837487578       -2.67186403920681                       1
        172.499070019958        89.0035026298636        104.158252508874                       1
        9.86469905446246        55.8418000758456        87.4033365866252                       1
         54.755773223783        37.6921160366442        60.1788306339176                       1
         102.92703970201        60.3319185722619        47.1273040353728                       1
        110.422542531763        22.4265005780026        4.02377508209474                       1
        6.18482811598654         71.181767163951        95.0650292956041                       1
        99.8193096891759        82.8715098711961        37.2207896091878                       1
        280.492225759319        82.3341071265359        153.344422000946                       1
        224.471478695883        58.1136353046727        30.9331589843907                       1
        254.158839109377        47.1896176377283        172.282224362691                       1
         118.36320784121        83.3654865817027        19.3719641647451                       1
        304.464209264613        65.8528069863387        117.246359950273                       1
        259.000564906939        15.0031469362933        118.593657772099                       1
        36.2436170450723        69.4541964721949        148.358566378676                       1
        347.021575603597        44.5099178597592        18.1390285317039                       1
        263.404890646829         83.222234869557         25.323522665349                       1
        130.920118606328        32.8277813054861        133.800076571952                       1
        275.257959624799        76.6483489139126        149.663179706592                       1
        20.6797784891553        63.0090169420195        144.972898195909                       1
        281.726044614476        65.0289686826027        160.750190282222                       1
        31.1869655928123        45.7756416615774        74.6895369504565                       1
         233.01200311218        67.2562829335487        122.324789792233                       1
        132.733886964383        66.7682625850861        90.3793845555258                       1
        253.257094711625        58.6795633601405        35.3303798458715                       1
        290.826593570355        43.8441808428079        165.455309101895                       1
        77.1795703299136        59.7040912732252        81.1752179894648                       1
        327.314459393062        57.4760335123652        114.450831282115                       1
        175.184464778949          62.36489441214        159.681722754585                       1
        3.10106982396979        75.1434640381424        108.618761173323                       1
         37.007322244458        84.1888932610263        162.712329368483                       1
        107.529783042501          40.12927962965        162.219392538497                       1
        46.1643974416861        75.8220147608161        118.277303573449                       1
        364.707975150267         97.590507408575        188.780843628892                       1
        133.924337183564        43.7339373632194        155.442145755228                       1
        326.574320323516        49.5328811060658        69.8358168250725                       1
        269.675779703852        90.9634890487427        178.287501622614                       1
        311.119309453001         52.515661187508        129.976252310711                       1
        119.024707398803         56.256344519975        162.453685991792                       1
        211.557582168053        66.5484118133643        171.650360960351                       1
        188.877485687562        54.7281013685823        8.67851528608159                       1
        217.270407880371        16.1274811831704        136.987879233785                       1
        90.6382079976986        71.6719287900708        88.6634518172666                       1
        119.890359188134        61.9455309346974        39.8371832922398                       1
        223.929072379536        19.1838152507469       -8.31167652366647                       1
         97.816810554157        23.2931768357928        32.1725367271392                       1
        169.608182328805        58.7456740618462        79.8593436296897                       1
        25.0960265833786        66.8103571507307        112.826824417106                       1
        153.577972187824        77.4856910383575        95.8397164809918                       1
        155.619133633738        76.9836853594894         108.51940455123                       1
        50.4142680315473        85.5927977278374        51.8258246011071                       1
        11.8284132823956        88.6504489132354        201.211846595887                       1
        157.156152426984        48.5211233854636        163.687629131966                       1
        202.489508674551        76.5006492180832        145.200504675027                       1
        47.3998977790308        45.5516186339811        55.0921004972787                       1
        151.163962391861        91.3152676937004        84.5076729431889                       1
        196.201181323096        64.4995880191082        177.243657979883                       1
        286.635069238828        80.5110527395145        6.90615286918833                       1
        31.9338191314473         47.076935978873        72.5376710810925                       1
        5.41788436563564        67.5963262064606       -4.32171558859391                       1
         352.84576361821        34.1125946634126        121.997979757185                       1
        185.543884355887        27.6510907093437        12.1486198639891                       1
        132.482539319821        92.8585906726654        108.087197769337                       1
        352.634372734317        58.0576647982801        101.452717663621                       1
        205.679011907753       0.415022050597433        96.5854531707447                       1
        227.533592103447        60.8541352971311        108.134702677757                       1
        281.784773169878        14.8062381047863        81.5269946006376                       1
