TEXTURE AT STRAIN


B  800
        16.6966382509891        28.9019377904999        150.764970152973                       1
        254.024373453145        78.2670294174397         157.23349043831                       1
        3.53861016272155        43.6517472342432        98.5526666269633                       1
        140.353155250903        56.7263718107451        153.634276526565                       1
        163.718684194204        25.5088908333678        162.646708867352                       1
         157.23806635467        57.2877914118876         131.84652395064                       1
         331.06759897659        65.8520495733629        48.9446256188453                       1
        323.710785976818        88.2471489207847        120.371654043904                       1
        169.752829362156        82.9320243067374        44.9210976880388                       1
        227.974063896285        65.5668972266983        134.849017533177                       1
        169.352738021112        73.5875441723142        118.998237411233                       1
        169.390446806964        72.4187970777688        25.2536257762423                       1
        6.05735524067906         57.098679462633        62.8227182621996                       1
        15.5086896547133        67.3530217115215        150.305587986909                       1
        343.942571559289        87.5162519544224        183.129089631248                       1
        292.862369262096        10.7967382932458        56.8810922440823                       1
        134.273383209621        82.4269124152347        1.29318125144199                       1
         266.07722108601        13.4769289937092        13.0299383544368                       1
        334.886955037875        38.8844750395008        126.763455339079                       1
        323.072648359248        54.1028826951586        10.7998904288771                       1
        249.850586265903        94.0060191005336        121.263800185764                       1
        166.520607787039        67.8443631475648        34.5508444167435                       1
        38.5196446998211        83.1161328402218        46.7598977209362                       1
        316.656785780488        78.9179693854789        163.073933268208                       1
        -0.2699632210617         73.644157743288        28.2591079936986                       1
         42.696951279174        78.0888099739787        87.0117214853811                       1
        169.147077352887        55.3396405458772        78.2221224641952                       1
        35.2851682023666        73.9589936343849        97.8617932809649                       1
        232.339036596122        17.8415924273323        121.976311717112                       1
        327.299057394536        92.7245124385748        64.8532775140156                       1
        138.324673199132        71.0572042323749      -0.790359157321488                       1
        71.9233504699149        36.2097231321506        38.7265048430543                       1
        59.4351871771116        41.4652125886134        27.9135128226205                       1
        27.2115793497992        55.1601375042706        86.8445347253395                       1
        41.0772402114685        32.0066592826929        140.652532792434                       1
        264.444086555916        61.9577448438803        143.859902869161                       1
        244.605355792557        46.3117282970345        44.0765711491701                       1
          243.0375408069        14.9947913557948         7.4603700895568                       1
         251.05176536219        35.0632318279462        28.1690944174352                       1
        266.931711580562        61.2485051194901        94.2354994121657                       1
        31.9182117084247        66.0394853040873        159.579558072173                       1
        249.769404654254        38.4940717270272        50.9468582878514                       1
        118.295607961523        43.1886961808733         59.513225342304                       1
        90.5977358830075        81.1957455042325        101.169172183328                       1
        24.1318419801378        47.6027639142698        79.8014104579295                       1
        327.215801792426          3.617336761202         99.492220328086                       1
        100.301690379585        94.0435093797399        133.815510202423                       1
         112.11935225338        3.66332953619291        62.9515768606448                       1
        266.764215719523         37.789111502203        63.3287158852036                       1
        284.728570377872        47.6524601496119          129.3101687771                       1
        108.062452791454        35.4571620791309        92.5436272812011                       1
        43.7403515096614        75.9287732009846        33.1811884577757                       1
         106.05962429197        89.0489735306025        135.148614613423                       1
        159.891421886989        89.0494503357428         96.119886002133                       1
        157.564863299137        80.3421958784934         86.248495532857                       1
        224.357420960952        80.9809801986538        160.428296299493                       1
        11.1787994414102        78.1794990836775        34.0368721928265                       1
        172.367642127059        58.1794905263799        122.989395836807                       1
        148.935332576175        57.2915595516894        79.8662585768868                       1
        306.453113551063        16.3485922976704        31.5586437461233                       1
        136.916753473714        86.4326929721334        35.2667504651149                       1
        301.384132813742        35.5755106925402        123.537169206608                       1
        147.152327451027        78.2994190925109        141.838725317253                       1
        45.2390578950777         77.954353027237        135.099776699761                       1
        126.419534487265        67.8002628119789        183.994667971901                       1
         131.75904025593        51.0811558434219         145.84167019079                       1
        208.261151666526        84.5041059189844        27.8649203528579                       1
        142.686220122859        60.4078396110381        96.3179611697877                       1
        57.1973494993437        28.1624051530773        52.3722452100529                       1
         40.888103587012        66.3934596145883        68.7377560196776                       1
        323.192427237487        71.8920263118987        115.578458456105                       1
        108.228327281529         17.262190906337        124.634451353417                       1
        306.542253927004        51.6704669987257         28.321127654726                       1
        118.326928119859        70.1876612748389       -3.38473524729522                       1
        375.889947434524        65.4086180614497        167.402224899687                       1
        160.235130236552        64.0957489129242        100.449128851432                       1
       -1.41521575718602        68.1862221313408        46.2380753255119                       1
        142.910400552791        51.7261707230344        109.347255630984                       1
        254.135005128357        70.4635831486825        163.136045051092                       1
        17.3293249537954        65.7479038069137        53.8080356678906                       1
        44.3202071072374        74.2147165845323        67.0293920088931                       1
        244.022308100767        57.5600720734981        110.703742903041                       1
        28.4274036743798        74.7166868012958        140.293884384731                       1
        18.3715625627668        93.2648732024662        114.461802883993                       1
        34.5098334548673        64.6662031664315        27.5548930308662                       1
        73.6228937127935        100.015040306583        143.852055263309                       1
        279.605876093573        67.9324528684233        71.5009307412768                       1
        15.7068266100055        86.4485414932956        144.856637111101                       1
        147.273548792919        67.3200397810928        37.2649779177905                       1
        87.5077446323343        73.9773487864638        82.2324369022873                       1
        291.810052668905        68.7820266503829        16.7224341471771                       1
        143.545565095395        65.5687182680787        3.94678218399063                       1
        330.347839824761        78.8836773978747        161.338847042827                       1
        246.568221468078        65.5300011689178        161.568046219675                       1
        74.6052802347118        52.5397422094072        42.6440735285408                       1
        280.027301703855        79.0436997010073        139.571780577854                       1
        69.7741802591287        90.7053887112168        159.706271198273                       1
        343.365506097295        54.5862404307589        43.2145454189978                       1
        296.584696605555        18.3255036347236         145.79566552084                       1
        234.107681089332        44.6370168420073        115.802408739401                       1
        233.181743588895        60.9155299461364        68.1413066891525                       1
       -17.1197662345176        78.3490129916589        129.093906487348                       1
        190.036685157038        72.7261522194364        26.1798515624937                       1
        26.6898233441487        39.4339940229712        90.4661188676701                       1
        146.050072048915        110.402478223126        118.374782380636                       1
        158.751456218223        84.1515432227613        25.1957173137174                       1
         131.94928471627        27.6214462126263        61.7219026528861                       1
        44.4008763204505        19.4877421155849        5.34751750996408                       1
        227.977519700103        36.3617792394691        184.138700742222                       1
        254.970281637592        17.0579805995601        90.9227373430848                       1
        50.7938566324974        84.2873818979588        119.621631466689                       1
        169.461000964819         12.725049797419        164.773447566743                       1
         162.51918231417        82.5224334763475        132.707678927721                       1
         22.537044754329        63.8980416830463        126.673479883222                       1
        167.152952080437        83.9560624701269        10.5099524041243                       1
        110.986106172612        80.2271830491679        2.49502251452794                       1
        90.2120885927559        95.9274152185299         153.21542233976                       1
        224.376549796691        36.7683865105189        113.151969466644                       1
        39.7308071718297        11.1572710829999        134.545484536101                       1
        21.0506539359559        56.1218305735574        159.434402133958                       1
        266.988166757258        46.7528960779659         32.364686624437                       1
        80.9774791184078        94.1021538736987        13.3708614495632                       1
        174.610507451626        45.1087380644104        116.515131407058                       1
        109.660491215779        41.4152563343626        14.6330410422023                       1
        160.445570357933         80.815805762551        168.869011065795                       1
        300.172510910193        60.8000761946796        141.696442320216                       1
        341.475198824373        74.0197140843086        159.055182326708                       1
        182.510463190243        79.0247114954365        17.0882417404176                       1
        337.745678797263        65.2281800465055        7.64551838727815                       1
        64.5136473033092        53.6123418372942       -12.0585223628301                       1
        73.4933059276258        63.7731382775967        100.329817554128                       1
        120.030915699022        26.2956216436313       -5.75287174381678                       1
        181.729897166905        70.4775146458621       0.086454884060428                       1
        186.089624577464        98.2189600098192        175.273307093527                       1
        366.896738533781        55.8885723956231        46.6052262023889                       1
        149.394540527506        60.0264921348315         142.79816763188                       1
        80.0053441065305        51.4346659671156        119.427701102576                       1
        174.707856902451        39.2240729165305        35.2879204616213                       1
        235.030888045874        28.5958617616265        123.050271894346                       1
        102.464093764727        40.1969435927366        73.7092374518378                       1
        99.9871591763147        61.8112760313213        13.4274969149573                       1
        317.969686143902        47.1739085751109        99.4440968798034                       1
        100.459504383707        56.0647320850706         75.616370100718                       1
       -6.91121620755711        67.3305989306014       -21.6251335356151                       1
        221.461825010871        64.2201619831748        58.6316769270785                       1
        120.872185154851         59.226294496819        152.111037264919                       1
        200.866387953071        39.5018965024103        183.827537799977                       1
        238.763127349103         77.105909465226        167.231617861807                       1
        12.8495827519144        59.4533820171523        142.366320069688                       1
        200.137979789444        56.0890828849028        143.165671501964                       1
        141.046501561996        66.9119217598849         135.98064163718                       1
       -9.42841947772121        85.7501121407461        151.835126307304                       1
       -8.07995717243924        108.015863627096        74.3462350289477                       1
        239.918617206742        61.6265388177219        139.289957548354                       1
        346.720435069961        63.3825338437663        167.832772824441                       1
        340.817617665408        69.4743069148594        105.647958194194                       1
        174.127093156803        80.4411802508333        193.151572913281                       1
        14.3798488485226        40.5579140105026        41.2480138879575                       1
        311.036586691366        66.1452788520825        116.184769813064                       1
        148.227357464762        77.8861538192669        98.6293228436092                       1
       -3.48853759785665        87.5813630868065        35.1297369161067                       1
         84.138272387668        63.8629340649817        104.893920892628                       1
        9.59239424027086         39.853758949423        136.773921890803                       1
        143.922595855271        39.6506415796709        35.2891772754074                       1
        337.796641762488        61.1545954750957        14.3904517664164                       1
        200.192681737681        57.1404529351196        119.425473467639                       1
        287.136928627386        75.1054941851371        57.5747830030707                       1
        49.7470263602905        29.9275296206405       -11.6136245671501                       1
        313.102839847378        47.9997559347989        45.8820588440474                       1
        2.96613007120955        92.0787689107106        30.6564151449872                       1
        157.921024475685        73.6159390092898        45.9731359226296                       1
        327.241694035444        53.5806266539176        100.159186823053                       1
         307.12855003648        109.070502034067        151.054467596413                       1
        165.860279877288        55.2088153714413        180.412683588111                       1
         24.602473393738        72.6024168923711        56.6642670428837                       1
        128.215492832021        83.2640783327166        142.549798254657                       1
        17.5906322881515         54.515644235298        47.9529462049308                       1
        225.048136730454        68.1470948329967       -19.9252075132913                       1
        178.827725102316        74.5893101146859        153.223210983222                       1
       -1.23112945515995        78.8919406188555        165.074690130427                       1
        170.020669774957        62.9506841711032        66.2035587962717                       1
         137.50138284029        58.6995203934505        136.288532446632                       1
        57.5044946643752        43.6497559835539        71.6944981671395                       1
        27.0238189212206        15.7418186635302        161.573377374983                       1
        307.536470248767        64.8955456245881        108.731829350245                       1
        241.869156484733          92.35709593747        55.2065234463652                       1
        306.320993141639        74.0569480280311        6.35143851886293                       1
        63.2114081767703        48.4543768238499        38.4420636527906                       1
        6.95541139112121        49.2413382067709        171.252754517914                       1
        98.9700859102403        105.391099905655        166.464578408573                       1
        32.6384838018514         48.505410451092         43.100790640073                       1
        38.1150916434782        64.0623363228878        150.819777914643                       1
         355.15901497854        72.6839085834994        23.0101849649664                       1
       -3.26605120542333         23.681343560318        84.9171177175429                       1
        50.4152738186349        64.2688975743129        150.709866738679                       1
        107.976301976642        19.4321330768427        73.0763845240706                       1
        122.611037247732        67.8615444522587        163.679093799127                       1
        124.333405933494        92.3296317451357        148.736406934228                       1
        89.1135711766123        46.5776975395416        92.4771978520868                       1
        206.032893176769         67.832716819654        7.52944697495342                       1
        111.833816603673        77.3761854509473        133.532655312808                       1
        341.577100145478        63.4004013631222        137.173551350433                       1
         280.57449501003        59.0321289890649        9.21514437370039                       1
        272.777972668615        65.0669846513691        22.0052095426487                       1
        354.170478963293        43.7098651866441        68.2584753149889                       1
        6.59427849398915         56.659698839933        26.6150789371929                       1
        75.3107140300149        51.0815156653164        27.9647328910941                       1
         35.537359832458        27.8867198065426        61.1885398658559                       1
        71.6919734408374        47.0577456388187        11.0812731139067                       1
        187.535289420553        79.5606046232216        168.044500806636                       1
        331.998537762569        47.6948443044667        37.3216661895576                       1
         145.76740839314        81.4726301513952          48.97745442897                       1
        254.282826069158        65.0087063403046        32.4736424056375                       1
        28.8756022736561        54.9611543417461        153.484165443857                       1
        323.984891803435        25.2963548917356        36.3455201302748                       1
        66.4352272508618        60.9287946259879        138.853401685667                       1
        118.790047086022        61.6103166319699        177.962689725173                       1
        337.773205104612         43.651771602289        102.759279950977                       1
        162.515699158167        56.7663620868035        16.5302197841639                       1
        270.263103158624        56.9466393619025        36.2366038018188                       1
        289.468001722223        56.2624371563735        73.7886884990653                       1
        141.114610687892        56.7268387062657        161.646448241508                       1
        349.949149697568        51.4227934259256        31.8567705244483                       1
        134.639337593473        66.8128890702217         126.53761916933                       1
        304.268545361339        79.7035362131552        41.1202126425618                       1
        26.1741108750453         7.9084418968156        136.285913746569                       1
        319.634697497673         91.717160117787        177.077319270335                       1
        109.301686091915        79.5104902398854        191.948595838866                       1
        329.721401717774        9.93953908325448        182.623948339728                       1
        2.67827288921556        70.0060826156041         65.798553536153                       1
         116.40780129905        69.6612762557398        104.887159993998                       1
        187.502427190736        38.8396645864409        111.252812308426                       1
        275.293541991859        72.8639808808778         66.213804913662                       1
        195.217010758711        79.3358158809542        140.536482666829                       1
        220.478871725278        83.5048613853046        124.736154744505                       1
        61.6062007518572        34.6623478465584         116.00058876353                       1
         46.174737254797        43.5427211701997        8.74147838591144                       1
        352.516102466851        60.3275390006129        103.813336758005                       1
        319.222453084793        73.1520406228213         177.30724687371                       1
        192.241768239899        9.40210494528464        145.581713394377                       1
        204.251454037107        69.4785002470662        171.278668568519                       1
        4.15544133544115        80.8951637710093        131.264781781562                       1
        327.358579278092        105.981284515387        53.0859660729817                       1
        111.551867517398        71.0391269755759        35.0158777546161                       1
        54.1474445041907        73.1321907114374        17.8867765640426                       1
        79.0036905635324        28.2878922844878        127.277044109951                       1
        29.1133384250566        52.2907464702546        107.157122555864                       1
        327.370412256236        12.4930560398387        28.7807270553031                       1
        60.0754204282515        14.8054484825103        35.4226209034593                       1
        315.852893834248        41.4327861974811        27.8085133526277                       1
        68.5691969504435       -13.8327452705576        113.587479240306                       1
        60.1268810462994        64.6940817572438         56.406562036577                       1
        285.408234755803        58.1753028993267        135.109730322467                       1
          53.06061725872        57.2596148589116        7.84385535123791                       1
        138.632390781131        98.2448488636213        122.565256997151                       1
        274.663320438831        51.0232140508066        175.511456262362                       1
        345.805341181595        75.1239972254057        15.5536046717184                       1
        151.138841807206        93.7405002550704        1.15512459628562                       1
        224.917041140373        46.3363988503154        65.3572049318152                       1
        278.423501146799         47.269050293167        17.6263908228967                       1
        56.3423584303798        92.2189856696242        71.3142432916783                       1
        56.9162207443647         28.294370985671        110.095957672685                       1
        169.865466011205        13.2059262287083        183.586696641228                       1
        113.924323800586        89.9183893694383        15.6210686612725                       1
        90.2044297571464        85.3302215210934        139.884361085999                       1
        325.636119251055        64.8677110712701        124.081103904537                       1
         284.85001380992        38.4805316931512        9.41314411134139                       1
        158.441031481028        80.1036580628164        31.4555385958485                       1
        275.688682487393        30.9311848665413        39.4716731681257                       1
         214.57449085257        51.7341034839087        175.336289723442                       1
        5.97784142834037        18.5824517500964         107.25031650587                       1
        129.439132217897        78.7292112128127        158.411568594951                       1
        307.299470175366        73.2949231464898        178.466630615179                       1
         239.82980901735        78.5832750935899        149.568725848176                       1
        196.761721985877          24.90955960855        164.810719159633                       1
        342.321919869961        88.3195009708591        171.467384104775                       1
        19.3799365624892          101.2279186906        87.5987078939068                       1
         217.31079268963        91.7108510897352        38.0715496641258                       1
        151.430990118314        49.3843237619965        121.702299937169                       1
        349.193230308426        54.4919427955865        106.325173853778                       1
        93.1043588414529        81.9908202175179        4.93498331404252                       1
        253.178806078767        57.5544408159233       -6.15326698957395                       1
        16.4697216025437         54.197241294723        43.2077609346397                       1
        177.911138024153        77.3088821412454        148.754293829949                       1
        242.420720563218         70.679104340729         44.456680923861                       1
        71.2685119117708        45.9911737286688        99.2519536075837                       1
        314.846933925223        57.9637317351187        61.7308191999129                       1
        283.167425815838        27.7933761840902        110.359320766654                       1
        329.344626714552        101.698945307264         72.249841889409                       1
        74.7029479391439        95.4127568674673        75.9094042284113                       1
        226.887400046242        53.7869048635774        144.122527983936                       1
        296.852549582874        32.8170557869166        56.9004005955244                       1
        17.4864536607848        70.3061693819183        157.200591584448                       1
        153.952545730051         72.933093146914        108.735695042999                       1
        300.413191305197        69.1982538404426        58.8361948961545                       1
         130.03120915914        80.9834764965563        128.931171089249                       1
         136.41689034327        32.6160844130334        48.3009196847293                       1
        317.148879787126        60.3147013270471         118.86949428973                       1
        295.707182032986        51.7062419848655         37.151364480827                       1
        288.586030778761        51.5192840939099          113.5535665252                       1
       -12.1378909206029        80.3568568371304        141.271932693847                       1
        20.1750705502834        37.9444150663962        83.3751649592641                       1
        75.1721183558939        85.7418957107563        94.5662390285405                       1
        88.6767169616123        76.8220840337251        29.7379498458209                       1
       -2.84513353901293        35.2889194401313        117.029405523873                       1
        289.085637378851        66.1252171867897        5.28467223624772                       1
         208.22622086674        28.6849337226895        75.4594997011804                       1
        321.002572628843        75.8977135289063        27.1282705627102                       1
        204.979561640836        47.3035745206049        12.4806513534002                       1
        330.469792635179        91.3650941273164       -7.80028046912285                       1
        72.4965848497518        70.2654604542359        147.066752301398                       1
        109.593007417056         54.778805312094        22.5364821453175                       1
        177.436496559989        46.1344780032223           181.533430533                       1
        154.213877040836        57.9775790555867        52.6725951692228                       1
        134.716500949287         73.479298543062        82.8545341306441                       1
        276.073941163646        76.5945198080706        47.4893718097702                       1
        31.8028057299468        12.5269004047924        128.956134250792                       1
        79.7655492834327         62.245763572767        11.9027155803619                       1
        146.894822724714        71.6615640443749        23.9602015047993                       1
        118.888404989793        14.7783493216777        139.094000536826                       1
        133.690844627432        21.6160624120948         33.663527305944                       1
        343.905995294631        53.2841442711011        25.9633097578143                       1
        81.3554308224338        64.1039543438511        95.1192607432597                       1
        198.282619759652        28.7063650692293        149.318928509465                       1
        302.823594148966        44.7686406911102        91.8771027720825                       1
        270.983732946114        72.2164097061589        35.1352163180262                       1
        167.445708177387        18.8570940467323        69.2823778479063                       1
        180.791756457766        62.5863798226735        37.1890552923978                       1
        298.525133861301        73.3310713430883        168.418702355793                       1
        277.794598267025        52.5872060255756         44.891291683045                       1
        212.124750827445        97.0458947589483        50.2670715736522                       1
         138.23278031375        52.9444521369107          51.18245546426                       1
        106.753759494449       -1.02323581106618        62.5885589283105                       1
        133.372096203142        74.9803653205886        20.2696657583969                       1
        303.056834434558         52.699281682268         48.528594829098                       1
        23.0024747562476        47.2795492870032        64.2973275759491                       1
         151.70751919671        74.1780995412944        3.83610610003112                       1
        20.2107799750339        65.7970674030787         37.501390630304                       1
        106.020946138481        36.3872651056652        80.4464660167551                       1
        334.864812714241        81.8373665831119        161.907938620383                       1
        69.7807138983173        24.5582045005182        80.7581066890666                       1
         167.05403028897        12.6343322552279        15.4636593852775                       1
        23.7097407146099        43.9982320991255        70.5556152184883                       1
        128.582313967215        55.9565284215657        178.259821519812                       1
        264.476165624153        50.6848751330525        122.903996520465                       1
        163.920868517904        69.2978913653273        93.4450200253841                       1
        156.622366462391        73.9630030210956        85.1133980270882                       1
         187.24250594382         67.001294468123       -1.56589296951441                       1
         56.525106508429        89.7122778903065        45.7276363317608                       1
        306.051568784174        52.2915596103972        189.163959950201                       1
        268.346703022863        70.2392184367656        45.8060241647505                       1
        -3.4814119767602        76.9759411783164        148.786263670785                       1
        40.2068602903274         72.843290785046         125.42820946465                       1
        6.77474354595713        70.2580079385791        149.559947606566                       1
        190.343529191162        62.6345508606214        25.6199698822783                       1
        202.446382876046        76.5937863585186        14.4763500654033                       1
        133.817149627162        70.6167792057499        155.844930893348                       1
        333.927025110293        8.56514124805076        74.7942425494742                       1
        158.321430042404        81.5864601282334        26.7922707120733                       1
        262.714041136215        38.5501472740834        113.880810670412                       1
        289.013272291579        66.9142903610587        2.07601313268851                       1
        75.0476457577218        84.4349855130361        35.0201955362043                       1
        219.124285268198        55.6475247811906        171.599005257385                       1
        345.388817178375        85.0733747387974        28.7462886344276                       1
        155.898937009069        58.6514976266438        29.8507921191516                       1
        60.9140525490603         -20.23069206887        125.044387806212                       1
         257.36728633525        38.0581189281154        153.300789717527                       1
        207.038505603208        14.6630614399445        143.010463559218                       1
        119.190660444711        48.1319743638911        6.70412152866165                       1
        171.442124973753        86.1466139780818          165.5553383368                       1
        272.897759164678        66.6038047593986         130.40987598638                       1
        356.069663762447        79.6139054377874        1.05351680908807                       1
        247.621067278365           58.5493927011        49.7768651531579                       1
        134.119414129522        18.0088573131746        23.6933405111886                       1
        359.072644688702        55.2539348640257        79.2370025449252                       1
        145.587470100078        49.7928377865289        22.4366270032245                       1
        291.448741444289        75.8310573065556        184.798777387203                       1
        299.631071797236        63.3215424515812          105.0835965403                       1
        171.566819900364        110.978967462304        134.982131208708                       1
        241.796745219758       -5.93793459294987        45.5436357932616                       1
        164.728749014546        63.9672836127002        167.410232685719                       1
        153.014673129819        73.5288975371168        3.92980998408443                       1
        41.7692325629093        100.803117607226        33.6419425577104                       1
        245.232340303744        83.6307058159037      -0.581089625494855                       1
        152.970949358116        54.1241441070244        155.352777123982                       1
        365.394866074521        51.9851174071977        43.3423749617049                       1
        343.064791296796        68.2065843648259        34.2513808838173                       1
        171.503837109215        29.0772931685315        193.516186573093                       1
         156.26395412757        89.3860599073848         69.460216230308                       1
        67.2961138946712        38.8670039689926        92.0645056346076                       1
         177.66558904186        49.5038175274567         123.68831928877                       1
        1.29416795583105        36.5953609910174        88.6975217165483                       1
        255.674074188527         68.775853087565        22.9638126031488                       1
        91.4043570520677        84.0874960885117        92.5197292912509                       1
        306.579220740283        37.5593433402248        15.2827263075534                       1
          124.5872338377        44.7245702854505        161.340934130283                       1
        24.6881583733364        41.4392195431137        144.883649650981                       1
        152.772213393768        71.5875353078347        70.0258978165143                       1
         25.687432434373        52.5986004724653        61.7345336525412                       1
        304.318359058171        73.7198490760828        54.3765466135357                       1
        278.323610265546        54.9923704339626        80.3341019630354                       1
        159.872452325897        68.3251884034142         152.47469573697                       1
        165.596043319488        97.5403705426636        14.5848616726758                       1
        259.845337121438       -16.1736679718514        88.4244605967717                       1
        167.669645594921         76.115408346091        5.64046391615013                       1
        202.301998388011        10.7897398286982        95.2536389438793                       1
        144.490807802238        67.8932875195766         25.923301393695                       1
        12.6761359407917        54.6673863944674         89.198498520011                       1
        45.3272299857163        60.1311575828824        106.922714060304                       1
        140.433227382144         84.447252990249        161.566180114177                       1
        137.585435130714        60.7148206398378        110.719345783605                       1
        293.165202224111         58.599594870428        47.7615919884352                       1
        235.694286750885        76.6737586088206         126.76659990587                       1
        -1.5727390306712        56.0488945865711        35.6940724942128                       1
        112.140959088171        91.9326932179557        111.277031441421                       1
        107.119036848523         16.111709556942        52.3153070233191                       1
        245.724244009428        56.5776550871081        37.7143775274038                       1
         189.58365751336        30.8678006259323       -19.1973836512286                       1
        287.912782213501        50.1679549561385        91.9632277315639                       1
        323.951907849343        77.2038072868214         7.7999665802148                       1
        332.885639372163        87.1995449318179        168.578756640861                       1
        131.416720121783         73.601531564678        157.025209433163                       1
        63.3315381087344        69.8619691232805        102.410245684168                       1
        294.503114761664        61.6572469746166        171.005272766164                       1
        265.724413604093        28.6303341593975        81.6427871392847                       1
        137.634765485551         70.798281341182        170.020257332338                       1
        283.619808640068        107.868229189738         145.29177167073                       1
        168.771752842269         46.071318445473        143.797127638001                       1
        57.0891581927154        54.1792443868849        125.761761149728                       1
        203.174499401901        73.8044955477515        203.898187828393                       1
        334.905769508572        49.8376036372275        3.26073779297959                       1
         31.306153763773        58.8638361358194        136.861438174231                       1
        268.172895674257        56.1420148532315        25.8542244781886                       1
        54.3857032857888        76.8846967650917        138.615743868575                       1
         329.88660798921        33.9228694476473        131.349658505143                       1
        237.018424151966        30.6560804238777        96.6685759931501                       1
        265.740058732891         55.216242550703        14.9752788647307                       1
         167.58148225347        88.7946649047564        175.263006297608                       1
        139.131000525217        76.5619899533347        41.3232257198545                       1
        300.705208902814        75.9699677190556        33.0152648627141                       1
        334.605692169083         83.917142138203        16.6251582996194                       1
        169.910242103198        64.6364595756331        138.326905673905                       1
        205.182683158778        87.5328015795268         153.50272899026                       1
        283.377329408617        56.3206002115516        26.1101769149381                       1
        318.322071013344        84.2540378623872        107.691208948624                       1
        146.720638058302        55.6700778485373        70.1793162834171                       1
        16.4134689556687        19.2814546085082        78.1582756312318                       1
         84.634148941739        69.8337668826905        36.8602949966396                       1
        97.7792269280876        64.7119377418527        4.69005797626312                       1
        244.711556905731        58.9575945013912        119.990029253223                       1
        86.6137725410052        13.4828762696139        109.684902374135                       1
         110.31571935007        26.1935097078347        66.0494546711537                       1
        190.122959114693        99.2599151568021        179.338440985701                       1
        70.1312478694418       -1.32574766979592        92.3619555083483                       1
        60.4974352652872        54.0442657527075        130.372302584779                       1
        12.3386137491786        67.2259512257222        163.555950248373                       1
        329.791859407355        91.2088566975317        169.849052539062                       1
        235.845607950857        47.3890826728375        99.2433447337252                       1
        332.890304893212        61.0819760747439        89.9509647088661                       1
        258.078299442851        41.9259713607981        97.2254281403519                       1
        319.356656639277        54.7886801406542          95.08364568659                       1
        286.058303340418        60.6971571307468        118.580551278974                       1
         164.85637958845        63.6152434635263        17.4315633801638                       1
        139.747838737823        85.1102663459358         142.65997489763                       1
        231.778061997058        23.1523064064007        162.052491530221                       1
        10.8735302937754        83.3910554191575        43.0342285730173                       1
        2.27760869820407        42.7112294486027        161.185190473755                       1
        104.858327414909        61.4430315447789        46.6070118763274                       1
         3.2737369288492        40.2898680518356        155.010800477266                       1
         119.50021158273         57.369433947683        167.607550047338                       1
        264.208230984809        75.7599498678918        64.4853817608752                       1
         155.83644409317        55.5159052075331        88.8787205101016                       1
        18.8370027148956        18.6739504200059        153.195585462186                       1
        143.856461262301         71.903893631077        147.225187828507                       1
        96.0905773017711        15.9545346151627        120.497938287515                       1
        210.919098264582        50.7257603432685        158.904849030081                       1
        73.0300385065748         69.490946580255        112.886439489135                       1
        121.452842064607        47.5590025085184        102.794454193762                       1
         279.01636766201        45.3456749037277        62.9619985392584                       1
        141.019053879042        35.6536188948774        98.0798382762457                       1
        118.816132184039        71.6426272538129        13.9644972331238                       1
        220.625981707433        65.2757237252214        143.013302692524                       1
        48.5407439590025          60.20337599069         121.18316984559                       1
        88.1828185965278        57.9644609133732        110.555970099903                       1
       -15.8549056207897        63.6299039826122        149.342344000086                       1
        251.368617879743        72.8843249971071        120.337589505335                       1
        163.965163394357        85.9883009183303        108.788852417519                       1
        90.2667831549832        29.0891611745577        28.9147058293838                       1
         252.71351959061        102.635240783532        52.6708106795912                       1
        115.680592860272        11.8586443336274        33.6236981442152                       1
        3.59035139353904        74.5905265311067        66.4018243057097                       1
         87.074885249628        32.6978041179782        98.8570830455375                       1
        124.613269504215        60.0572749359239         21.996804812855                       1
        334.717884288148        37.6611786059305        138.043701637907                       1
        146.162210250342         88.968285396066        154.200728698884                       1
       -24.0431670836582         92.572590144114        13.2719757673428                       1
        45.8150083593919        48.3763062487963        54.7159497459566                       1
        171.719510764968        19.6800841985032        136.384483992743                       1
        265.085366073884        41.2974886963966        17.9700098555678                       1
        261.046122305277        16.6499669713828        119.634192124145                       1
        120.332038684383        76.2852702584757        171.571833642688                       1
        331.552233977795        94.7409910065178        98.0503079380526                       1
        35.2226683437587         65.494363346536        125.674278187387                       1
        314.583213233349        60.5751040999312         115.49331970993                       1
        356.444227769697         90.483654122935        174.346850834482                       1
        159.200779437921        62.8564713691904        117.440523007416                       1
       -7.24757758792877       -9.61582076097444        51.9730846028745                       1
       -9.35728306084053        68.5870998468282        149.299868873019                       1
        83.2213137204969        24.4469044932288        96.8732628762419                       1
        117.202526680745         53.416281947974         50.821185498832                       1
        119.683351282132        78.3462813926822        119.591731517577                       1
        159.787907362216        24.4738453254383        122.412707253766                       1
        348.680375288923        83.7874107798387        165.990635892186                       1
        92.1308974414549        55.8936300354492        58.3262736716791                       1
        242.364795343317        72.6829194075542        152.012696084891                       1
        81.1964658045735         13.705941018649         47.018178642046                       1
         89.358781981565        66.6180642929715        98.0746071680546                       1
        294.071893872068        64.0585083573354        165.838196768956                       1
        67.1447863188281        67.2041638009764        29.8464732849578                       1
        154.006882223262        43.8724047330494        132.529517241959                       1
        47.0461556629417        60.1642289473093        96.0226859514419                       1
        153.080649544601        78.7510432699427        124.208133604591                       1
        14.5327588784384         76.831391222755        191.121983875025                       1
        94.1573210504414        50.2845886774393        176.831645637947                       1
         301.07520785489        53.6298647502652         117.47104497681                       1
        262.040751552797        72.9647080169169        139.883100725645                       1
        174.864068020916        68.8132860110499       -4.50734135631273                       1
        278.989048683981        72.7553222931827        5.88056183269984                       1
        264.565113634177        85.1391122601606        185.770293295977                       1
        260.893862883031        75.5914118107114        134.277536975279                       1
        221.494654106533        65.3971441076636        129.089308757984                       1
        6.74642684463659        60.5948542887448         111.38492494161                       1
        163.436952939679        78.9509004855941       -7.51562082779741                       1
        46.9582372322338        97.5352158981369         174.95868074695                       1
        106.090290739211        72.7745076987376        102.841828569249                       1
        332.756692635066        79.7259436782998         94.782359247969                       1
        9.37810072668494         89.678787513591        39.9116556429132                       1
        8.43580861521007        77.2134066824848        17.1412737073051                       1
        334.781608269186         76.141389406937        70.3667987779258                       1
         154.91600667257        63.0589939089826        130.317096343662                       1
        58.1318385662407        53.4854231814479        29.7451787784573                       1
        188.369763479479        94.1182824708714        159.047973066847                       1
        205.000080244399        62.9298467060923        3.23064509883041                       1
        73.5928775987857        80.9905365723686        107.238831045004                       1
        312.531684465876        60.5817291745671        13.7721035281556                       1
       -8.28835757766666         51.551737184193        55.8914362332159                       1
        307.174469240264        87.9945647895721        171.133363425756                       1
        160.697608910904        75.8447504402139        153.523581921479                       1
        289.333919637408         38.246465017137        176.027955257545                       1
        84.2332356058644        71.7091748210358        24.6186146829747                       1
        145.320913504971        17.7809250998877        18.7426464484754                       1
        64.7435407708072        21.4771245349746        35.4668844652127                       1
        5.31056409572452        60.1841701232742        83.5200669407763                       1
        319.624553581747        87.5990789518509        158.891706728953                       1
        294.948666502737        68.2653123045851        65.3798463071322                       1
        108.209323164665        15.6429914074013        81.4209971490924                       1
         353.81540748213        14.7433285383827        103.018540117575                       1
        340.322604188655        52.4522244828769         165.00972724398                       1
        82.3508387981706        54.4354452965636        29.7079955832186                       1
        335.579345835041        78.2236422400768        147.306213602061                       1
        69.0435951755868        60.7213108911998        14.8780780508418                       1
        22.1008060059301        63.3998968685693        146.436051426245                       1
        231.634302063243        52.0392360798884         90.102175528081                       1
        251.947198580528        67.5794582686426        133.476849640716                       1
        175.637725432634        73.8685964002113        153.101544580173                       1
        165.689618654462        102.756474958231        79.3806220070296                       1
        171.536705126544        44.9156174668356        92.4323988235184                       1
        165.183237743189        44.9975984106805        27.3263549831676                       1
        165.413041726154        69.2752002386351        137.260186397808                       1
        242.635675877467        69.1707028205758        119.037278976783                       1
        189.619973960017        17.0626644644631        76.4890121313896                       1
        71.9425425371753        69.0372768603172        46.1920399380322                       1
        270.104631957628         67.453140081959        146.721574666993                       1
        172.192428381198        82.2391789218718        165.221638259466                       1
        289.864857330352        44.6403917852737        59.2768661529811                       1
         17.422115624674         71.011581917222        173.635001752167                       1
        313.680196563164        16.1154597182371        56.3133704575653                       1
        185.426505733031        86.1956205806456     -0.0975880018882683                       1
        29.2059586791467        50.9180843119707        27.8569714872182                       1
        165.684159188028        70.0923573684925        86.7545960046254                       1
        308.535779374397        43.7282509187154        125.707350509857                       1
        34.5071247127948        39.5371472459192        57.0926184661999                       1
        306.468482407283        83.1283906433981        127.914666340566                       1
        296.406386574785        40.1083037087354        116.252146643718                       1
       -7.12958408060019        66.5507823041484        38.1110435958991                       1
        150.634443959964        27.2847108105853        74.6430785533864                       1
         187.28652369012        60.9889645317949        152.523622834219                       1
        329.818883249459        69.6309968140713        172.462998079262                       1
        219.563333080376        91.5793492438821       -14.5683438701216                       1
       -10.0658440986302        77.8742249871594        185.254738257968                       1
        215.926303356238        14.5406680504886        138.643171841825                       1
        169.825945615733        44.0243202203633        27.7156742243136                       1
        289.271883142745        27.7602544855396        54.3863713888968                       1
        91.8664354717313          55.85597342091        15.8118223186906                       1
        137.386006124106         58.540716719112        123.684376244026                       1
        268.525883084461        54.9506050566032        64.5063728737791                       1
        187.726967643418        7.40298674481849        183.383709967826                       1
         28.556707044279        29.2035524399674        83.7741191949547                       1
        96.1931176613052          73.13548018515        149.600469783886                       1
        268.077304805401        45.4855639948634        159.421649364662                       1
         222.27039498942         43.753992889497        73.7991338581817                       1
        152.232856462684        83.2450496314833         33.863218173323                       1
        152.155134947018        78.7863685611286        159.578732848528                       1
        39.2003214852018        61.8430650704618        87.7789393760443                       1
        161.619651914956        44.3010026795513         123.89389488252                       1
        50.4268848829242        61.8174266682218        19.7554820762961                       1
        205.640660328847        42.1491974973157        119.116530047631                       1
        184.470083918814        32.8015282077401          174.0702704344                       1
        192.323368359759        40.7919983618249        155.691907516923                       1
        324.698940995632        89.3331003526351        151.926544042069                       1
       -4.61093703828572        66.6056420174679        84.6000682727095                       1
        160.477758204076        54.0293526295897        148.908025810235                       1
        105.475283197777        91.9915953341653         154.86495501696                       1
        53.5357411811049        39.8504173486761        38.3142039787505                       1
        253.955006184586        57.7147858521715         130.72791562769                       1
        56.0086956198214        75.7994162820146        162.019613014922                       1
        171.524269504895        22.3191065657296        17.2486257577663                       1
        185.854120191216        67.3438709770653        89.7443564492552                       1
        317.396494527031        84.5641393180976        38.1227644753158                       1
        26.2208239760567        77.3886118210558        150.620385591582                       1
        57.6977680555381        85.6849203791913        35.5300083369536                       1
         122.13384372815        84.8754867177955        62.0754632931042                       1
        210.058306705754          67.44573391559        82.3966563221792                       1
        150.524068456237        71.9559201587101        56.6388291939571                       1
       -4.13357738320883        91.6572983251672        45.7037511890993                       1
        130.871024447442        42.4985172116718        106.234100116965                       1
        243.497737117131        71.5883299688351        62.7694512022466                       1
        352.830930479069         50.938750463284        79.0381028122992                       1
        289.793854259356        87.0333180574361         59.046381433568                       1
        194.147301212939         24.986842690647        141.806305482338                       1
        33.8604896389549        33.1140449210508        148.946027411649                       1
        95.1488808783003        74.5626120090273        120.676168036357                       1
        93.5017719267021        43.1039592284596        70.7594562492915                       1
        33.3515084482183        70.9296839003031        72.1817786071433                       1
        3.55840923333532          70.47470882198        165.432740725505                       1
        141.594254463097        65.8469307721415        148.998559695655                       1
        374.097681880355         84.476659551437        164.856240828471                       1
        12.6548786672525        51.7437018416181        72.9809991558599                       1
        6.01242673763331         67.998090534478        137.227401241542                       1
        2.37496095338476        51.6978153009208       -9.82497215135717                       1
        268.857388226958        59.0763110735073       -3.22376264850036                       1
          5.536538367027        35.4557015738944        101.903254987489                       1
         58.961408493885        71.0113065275117        49.7776184148433                       1
        245.533647047895        50.1274447020412        192.832412208018                       1
        168.307120707423        68.6359237867869        83.1708209575963                       1
        214.496515766811        27.0528869126889        90.7722646703974                       1
        309.765439996517        92.1299903166878        131.900313507035                       1
        131.215242130374        70.8620982915842        106.977000346276                       1
        309.676438220971        89.4518928360734        157.818592150388                       1
        161.395551202671        33.3538445509658        2.01655968605863                       1
         20.608192894269        77.6584478124853        81.9416756471393                       1
         54.821102203703          64.18723859388        113.859768104137                       1
        182.473964263473        57.0693466526066         77.160820117497                       1
         37.658354388004        43.5186017311095         126.77258231614                       1
        99.7996993007243        89.0770596274747        177.095674042852                       1
        332.720884503038        80.5512330013029        17.9327467825965                       1
        182.387516219223        78.8501071025429        133.779950910513                       1
        268.208864112298         75.952575304393        126.248632642472                       1
        310.943862084868        65.4682421437761        93.3618241616811                       1
        288.258332664942        74.5044295211986        45.9201926628164                       1
        34.1760622050627          46.81123967324        137.442252189941                       1
        291.682186801639         20.592285342573        185.684573467894                       1
        124.792327862659        30.2323206809521        48.0831378411649                       1
        106.982512728355        57.0127095672163        160.177573211327                       1
         5.7769301465374        52.6419317734703        155.187530316853                       1
        273.642810818037        28.7735590770496        89.0726560939772                       1
        196.713997277402        47.3984622198607        111.289449468537                       1
        198.141959202893        25.9954444676727        124.494548775864                       1
        330.257409879549        70.2494503637707         101.82590538928                       1
        26.6576648280077        79.9124294994276        138.919419623597                       1
        161.450811613248        40.5531745499455        137.895545875951                       1
        53.6464989753448         71.252542097247        49.2331122844577                       1
        189.846102473077        62.8298681345103          7.363505497793                       1
        103.897530974808         73.366208264293        80.2517986814938                       1
        320.833414221874         56.146939746054        34.6184671615356                       1
        99.7837121145567        94.9092189488921        49.4406583189119                       1
        256.175335691529        54.9329055291499        51.8182253943267                       1
        263.396183163576        63.6861520708389        60.3643274802251                       1
         25.409427925305        63.9013513535488         114.90056724054                       1
        266.235704261431        65.5141429247616        131.754986914908                       1
        183.374219216227        28.3723222684162        45.6473157996993                       1
        91.4352822559456        36.8674750066715        187.069405250053                       1
        5.48902969565593        63.8742100783312         189.58867621694                       1
       -3.36667507493579        85.8730771669819        18.3788432148021                       1
        252.726442083072        83.0138946179229        68.2923259236023                       1
        157.110036138478        66.3897595117867        119.520294935151                       1
        134.545659222247        100.859716802898        109.359833011357                       1
         46.409922030866          48.15989537126        112.371536008398                       1
        200.897327007452        52.7821049111312        179.854998179785                       1
        295.200094757672        52.3789903275571       -3.71561420553219                       1
        185.354636292917        82.9509506503764        34.4671005172411                       1
        332.704591101085        34.1243489881853        74.6220102623432                       1
         310.38404123891        68.8751681055832        138.213729438832                       1
        109.164044591059        26.4102758328748        55.6352307209279                       1
        350.872097180647        28.6679660299974        181.014983820478                       1
        76.8790873602446        108.975699568907        2.97508216702293                       1
        156.326399215313        41.7897903672478        139.430265565177                       1
        136.237971023736        61.5679196315403        93.7060446346969                       1
        180.007627646893          66.89397814618        131.830463257828                       1
        135.461951282574        80.2478154884942        124.505726378645                       1
        289.192975131401         71.433072670011        14.5820127489271                       1
        271.309285453515        61.6033262268772        6.72537651225332                       1
         72.463107176995        73.9943918543484        168.647093659021                       1
        136.579770692329        42.0006896043025        164.729085371667                       1
        283.278738896646         73.332041840874        111.630557719438                       1
        169.889417046235        75.0962598803754        39.1698026513879                       1
        36.1267187511009        17.4387429316846        153.893285959266                       1
        177.272997984545        60.8883271625692        18.3742641896879                       1
        179.790201674765        51.7259829198019        96.4136041296087                       1
        158.517734787331        29.0244964971612        18.5750567942087                       1
        312.541043815687        66.2046793568776        43.7383812429348                       1
        225.936511444237         65.044523359033        63.1852018427389                       1
        258.792460019367        50.9596240377832        145.199174240234                       1
        350.018197998886        85.5525436316849        119.615200619778                       1
        104.509075349933         56.306478086505        93.4540488492673                       1
       -1.48886695840084       -17.1658658036358       -2.78237286850964                       1
        122.889267873631        84.3922707327549        17.1996944620398                       1
        28.2385425791117        83.4730636507048        124.536826359575                       1
        160.879568397995        61.2502524359332        153.214339353102                       1
         125.74251616734        26.9795506068418        11.5184856591091                       1
         67.280591185358        81.1519872410356        26.3681112012767                       1
        344.544029650722        21.1039098169361        117.726562282675                       1
        264.904681015286        85.8469837527157        142.642299438603                       1
         93.494405280578        6.27797824889059        61.8344491809854                       1
        304.191387040301         86.078602808464         152.34735404168                       1
        123.346210866905        56.4659190370014        120.149082366591                       1
        240.793141184775        26.8039953534732        54.0519664305463                       1
        320.590380239895        23.0125477680335        98.0833426339281                       1
        20.3759779499112        62.0248908032231       -9.45793069695416                       1
        31.4958213769532        58.4533715831719        17.8859975857834                       1
        328.843294959024        65.9298108560309         164.37665245373                       1
        145.606264511662        73.3416745316794        132.280993700555                       1
        114.923301792817        87.4957217446539        148.368037715384                       1
        300.125838158071       -11.7109727708432        42.6173963909344                       1
        7.59087856807045        79.9959822042388        52.1709818997954                       1
        153.252759023234         28.533804677998        140.815684913872                       1
        134.450930336574        81.3572125662595        173.505682086561                       1
        320.994486818282        98.6711715455893         164.29321445128                       1
        171.944586934665        61.2337999464341        157.310342322085                       1
        155.251967059403        23.6574857169225        17.7788245125347                       1
        285.871810748197        50.6932873826032        67.9141352999319                       1
        179.908909770979        49.6847612160187        133.845301782851                       1
        255.158375669873        50.4710933580572        164.102490987762                       1
        264.550342999185        94.4929542920501        157.337090354618                       1
        34.4632346372362        66.7787330909234        137.384004206106                       1
        26.1919106024685        63.0630085435024        21.0905458505385                       1
        293.628803081361        86.6305379880968        111.508745928589                       1
        184.640716326078        81.4721501640906        159.937785412776                       1
        17.3312184786608        86.0954236019351        136.200461058178                       1
        38.8772599619376         46.907620620713        73.6114928608482                       1
        90.9520121177542        93.7463661483558        126.415836158925                       1
        43.1416181851253         57.285317071596        38.6211143028307                       1
        123.644272143523        66.4931419188509        70.7929887091211                       1
        181.780505248846        4.14768706716673        86.7316783099235                       1
        92.9228654588951         -5.849049852904        95.1122706276161                       1
        237.714850576445        55.7062170694384        173.669405992486                       1
        240.117242683767        42.1457617353292        151.139868231557                       1
        190.229831408245        80.5272247160382        73.7389367331078                       1
        40.2235063724638        47.1309544825665         64.496734248859                       1
        22.7383399117992        75.1996993406182        44.2008088241829                       1
        233.404005419127        36.0287895875444        139.868555556057                       1
       -18.6335487462084        52.1681804273807        73.8399435592646                       1
        136.062570799424        34.5239241658219        44.4161922179058                       1
        218.372692913292        23.0607896009722        154.013738065581                       1
        226.846734776971        53.1590579545395        127.460012576705                       1
        177.922692370581        83.3836716543192        26.8439599482185                       1
        145.649412967679        45.4906569052831        128.129723179327                       1
        253.004457356846        49.0692605949949        94.0445030519722                       1
        231.072595919625       -3.11847549270264        124.433880647397                       1
        245.031158833432        57.0002938398724        73.0880929366361                       1
       -1.63764092006951        68.4452045969392        164.860831839401                       1
        299.290401091603         80.416672739938        122.755185717074                       1
        254.861939569384        18.1255047771539        65.2705820894824                       1
        184.733719316831        55.9619580555899        52.2159659237855                       1
        43.2246206920651        24.5527385026582        110.809599678031                       1
        207.042718467626        94.8262088761625        125.269096246594                       1
        25.3117241822276        74.9941448727352        123.158595011455                       1
         82.928139307166        28.0999501792466        80.2604951542793                       1
        11.0019541662532        61.8301101929795          29.02491309521                       1
        146.477194516579         41.230504857231        148.265017321203                       1
        265.817749140109        34.7936038909917        82.0468065205458                       1
        44.8716598957727        54.8458784119684        136.095453492282                       1
        102.606471128733        67.7571207193797        166.501120064848                       1
        171.083496893012        87.6462268139577        72.0007112589968                       1
         54.085132865957        84.7606387528154        31.6027244691784                       1
        219.778254662732        32.0954311495187        68.0909121855816                       1
        153.454554224217        63.9444687663765        108.191465878729                       1
        229.537811289254        11.9166583005813        103.688005406416                       1
        313.600505909974         81.379385472977        10.0093435519489                       1
        9.77541057630307         32.967859570089        60.2856512797891                       1
        329.486049889555        81.1551096334645        7.70365329683916                       1
       -11.3489729797806        93.4356335470309        84.5586509331226                       1
        186.491727837872        60.6043293807327         136.90254766553                       1
        285.968724542652        64.5999526876077        53.7392058161526                       1
        88.3879487825725        42.4034495021514        16.7909549936294                       1
        326.175525577083       -6.17713232348225        98.6039274832153                       1
        213.102878780041        82.6302807970996        50.3056155710964                       1
        199.975724369446        39.4055708044623        134.285148331727                       1
         232.45501803825        77.6684728833597        113.964634727358                       1
        231.884564795341         70.569989197694      -0.503103734852886                       1
