TEXTURE AT STRAIN


B  100
        297.088999966606        84.3972061065943        99.8082522739555                       1
        264.984470865911         67.715722367212        137.754247267665                       1
        311.190699362355        109.498847627255        174.295580794867                       1
        77.2674455603649        63.0519341971292        201.213429773756                       1
        279.800860687837        73.2928165048692        128.972530840586                       1
        202.067717581023        39.5549454395044        43.0575659186593                       1
        278.334806816855        86.6378111977887       -25.5602273276546                       1
        83.9887152301929        78.3344412581412        90.8813602093752                       1
        79.6221920121775        93.6672898853738        85.0486788256208                       1
         280.71732574505        86.5652699086122          81.67391170783                       1
         248.89855014964        5.02552857064836        52.1924096243043                       1
        219.680046724162         38.564332333947        10.6470945402686                       1
        104.786820369828        90.5443086142711        37.3052397366918                       1
        325.037055883499           28.8739477639        -46.397951459866                       1
       0.245080123105999        16.1347835689242        111.639508238324                       1
        45.5134856575277        67.8737252759348        86.2410390219081                       1
         34.673668778515        60.8991616322616        153.895345346525                       1
        252.478521808965        124.491449640162        182.916177292536                       1
        247.392526912932        97.7586937222982        95.6959526576327                       1
        244.937965925301        115.594292413118        17.2588745344339                       1
        55.9140816046705        88.7491021408823        114.779995630498                       1
        262.740181545291        83.6995144988243       -54.8258833285052                       1
        239.301666867083        77.7227113568928        96.0678699279691                       1
        274.825000109897        82.1028414026933        101.869371331536                       1
        67.6069873913569        100.773203204242        220.380304784595                       1
       -42.6547630766878        85.0823321209603        102.570051612493                       1
        99.0909774565458        114.151567562544        214.448106618541                       1
        292.928314500651        98.9257435057474        70.5787801273748                       1
        39.1779935142862        46.6994625002156        57.0121880794196                       1
        336.797720883426        38.5337535913433        71.6589334754732                       1
        299.467438064202        17.4189418346799       -9.57340546245904                       1
        259.342364527483        59.6744165505851       -13.6456755305967                       1
        188.789670853174        19.5070171012252        122.130671424963                       1
        15.4336753357372        67.2295742859061         177.03053102332                       1
        75.4645747555512        73.0854666908486        143.050454019702                       1
        267.524602932358        51.1622090764799       -34.3567528528754                       1
        293.424542849068        108.906564001833        154.089364969151                       1
        77.5396473593444        104.988034042937         79.790907698161                       1
        293.986619484918         106.94920212798        90.4043465826849                       1
        116.194404979128        53.7240410699632        17.9000191869151                       1
         137.77811292894       -47.6262399614507        97.5080956306416                       1
        279.432797360421         98.840061567229        91.2561914076882                       1
        90.4376294386139        63.1805960894154         177.01679781625                       1
        263.768281464942        86.4249244255899        85.3778389703348                       1
        73.0630725590698        46.8945111417003         153.52287858391                       1
        301.103846597599         117.45795745318        72.2294264245378                       1
        143.608910587577        17.4695411831259        251.613186731928                       1
        95.0391392069339        75.4983961255411        133.045680560305                       1
        67.6920106175763        88.8119909185158        106.323736728524                       1
        92.7251237249866        85.7370465457772        113.259344845237                       1
        172.539642889771        44.7491205607146        63.4968870330012                       1
        69.8703381971051         70.598266257614        117.405286537571                       1
        66.6737591550699        108.490731850981        98.8339354289439                       1
        265.536162732651        102.701604307233        81.1733177049449                       1
        142.182650762956        44.9882484921073         91.433806724499                       1
        254.904536548809        89.4689957059919         77.643940742736                       1
        68.7568612395323        99.2235992430868        85.1917247357096                       1
        228.978094972812        100.100307222202        81.6222160983181                       1
        60.3047750878975        85.6128916509029        90.6467999619165                       1
        162.508952929583        28.9431035600533        84.7861852881173                       1
        224.726619225091        50.0146706727142        19.5047691906128                       1
        271.951021380413        104.837467525627        27.6426034907901                       1
        269.868979282985         79.080282988884       -11.5621203035895                       1
        254.583553226613        70.7448133278652        -11.470521556967                       1
         195.52619422339        38.1225595721951        33.4479527375565                       1
        251.161377939188        97.4377834099234         202.37806617977                       1
        212.071228468141        55.3471169110376        45.7580111761699                       1
        310.209315816432        98.0700512655628        86.8261228483388                       1
        300.001687065798        91.0805047334234        83.3768922154704                       1
        285.864262963702        105.548533038294        109.254776121821                       1
        133.976740377661         66.693670640264        85.9764814167301                       1
       -13.0110425078276        146.993439729249        119.727082969017                       1
        264.093258519287        92.2885193497382        102.676453596824                       1
        250.111800169485        60.6096851639938       -31.5330164095223                       1
        246.280400492789        108.743522036741        82.2354996624757                       1
        243.071138392034        63.8610608336512         9.1308950501664                       1
        133.501029446739        59.4370149932038        21.7632580639431                       1
        85.7586267295221         63.941865378247        158.358926051528                       1
        254.890555764322        101.452194873314        5.95353541020889                       1
        235.876209756557          120.2759834655        136.197851084402                       1
       -20.2533313160531        84.4416569683398        105.291723173812                       1
        228.351953238855         116.25590971148        115.813346100286                       1
         266.96053278973        69.5563375654523        78.2667849492531                       1
        100.905833412274          60.31110375312        89.8224517680404                       1
        55.7622068262563        50.3369467337647        204.552446185999                       1
        262.419429888281        79.3670610043026        149.544921108044                       1
         262.78038868668        95.3957644511694       -15.1928857478476                       1
        69.9278284658057        95.8152242027205        66.7293989740731                       1
        58.7047041953618        73.6494435060184        74.3803191657517                       1
        235.095626327826         132.43685711479        179.194429646395                       1
        308.378287696963        101.520086636991         112.63140360829                       1
         242.10520567528        55.3360653926665       -6.77076318773248                       1
        81.4143868873259        111.784829925211        26.7221141557254                       1
        240.445986825393        75.9728949645186          161.4348875372                       1
        374.436052423923         126.24674048531        138.285464173646                       1
        28.2781292671069        58.1380724692579        81.4844882798148                       1
        198.626851259212        22.4460912743167         17.106306676336                       1
        49.2719404657159        110.826853982664        101.456487209724                       1
        32.9643774689547        75.2244545240834        70.3804455918021                       1
       -32.1471812671376        102.423122651093        114.186158561509                       1
