TEXTURE AT STRAIN


B  100
         185.97487906506        33.9845438186592        26.2253736637853                       1
        339.708794577983        46.5379504428456        69.2385794874343                       1
        111.649937150191        76.4574254119028        38.7226626595663                       1
        205.262806954521        43.8136584044057        23.0031825138535                       1
        414.625220240084         74.668153170044        56.2763210338926                       1
        288.068797482518        69.6959558428248        71.3887793932771                       1
        180.378808587103         52.183372945359        44.2283536127138                       1
        110.394008722053        97.2697123838916        34.6526877591728                       1
        362.399552926693        64.0735604848516        69.6744103958592                       1
         157.65797549044       -33.4373139732213        124.730654087442                       1
        288.101871192074         73.933220181028        155.534167526377                       1
        226.843212334389        77.2317654932784        13.4849529533634                       1
        278.719492314849        63.6782432488207       -32.4730652262388                       1
        291.128477448476        95.3187601978137         125.92783467657                       1
        40.7854704631653        74.1561007569073        162.055661317706                       1
        144.290463794644        125.487221279938        47.3804511383144                       1
        152.821391467662        93.8770467206346         33.082896599161                       1
        278.266008255824        91.1999835457342       -31.4636840836915                       1
        324.599843826898        76.0422872812895        137.650776225794                       1
        137.301748942513          51.75258452998          53.09444679452                       1
        164.255162636478       -55.8696072741445        153.529170776878                       1
        166.122395517091        100.679079393066        197.273173333381                       1
        162.019713372854         44.877484160643        44.5038106925612                       1
        347.786602360909         34.324896163071        92.0575754194587                       1
        291.882729860801         52.543440737439        52.1888881364304                       1
        398.942411852759        87.6262176411369         176.10413665141                       1
        317.625955829791        92.1641419521605       -24.5295664500388                       1
        146.041262835466        109.453885118646        207.664870882943                       1
        344.745604651171         71.675727809481        70.2024649641893                       1
        217.303713232598        93.4705759780661        27.0107608614006                       1
        145.586596301887        118.714763753792        25.5849897080196                       1
        271.015625731854        74.3225972126011        160.235118580417                       1
        323.324332195693        67.4062811374486       -9.66248352023837                       1
        304.401949193699        69.5513150906969        159.433100918896                       1
        120.055238233647        82.2183238701239         20.547493846589                       1
        364.247143193149        41.9291047569248        224.185185247515                       1
        360.233942854021        62.5857583324596        52.8744506413351                       1
        295.113163054011        79.9422007955165       -9.18060672468614                       1
         366.68635614999        85.7181318405065       -12.7590871529109                       1
        326.664269431181        51.7697053991724        116.451094166287                       1
        344.721451984221        57.8144111623403        132.559872360348                       1
         305.98389910258        108.061843238471        122.383150964012                       1
        104.260972847379        89.8102356837425         12.603644540651                       1
        278.765813560855        68.3387246250485        58.4054921514013                       1
        100.784547672667        118.157560655139        187.180464858245                       1
        126.913781275586        99.2865639964121        28.8199314415574                       1
        218.732961610845        117.698660662977        33.0381547648764                       1
        116.902231724045        130.463060169432        206.867771162806                       1
         411.70365540771        76.1750519713264        139.747889761088                       1
        334.258454955432        67.9030205228699        8.25989349763599                       1
        201.808566626905       -25.3224120216627        198.598501662576                       1
        293.535278312964        59.3803934811963        108.990914675793                       1
        262.992579890709        49.8026599879642         102.36092926387                       1
        98.3691156121404       -57.6915094842361       -79.2133807742105                       1
        285.812123319867         47.612660526691        76.3036306640808                       1
        133.106597629851        89.4773296136956        46.9337728661783                       1
        339.560974986728        117.791164145746        121.366048359352                       1
        4.87146182390091        61.0591520775754        86.9180539687649                       1
        303.226160106969        56.7368115549805         -14.23580662319                       1
        116.849084799384         58.754037906865        54.0621243055192                       1
       -30.2588817190853        41.7574010414395        273.590499401431                       1
        304.014636434519        62.8427315641878        123.108909519651                       1
        171.691748842398        129.060314661498        60.7155103825431                       1
        289.762239768682         78.046084887826         157.29556853371                       1
        312.932454204579        59.6773411598786         207.59397142167                       1
        379.000280989127        79.9871371348547       0.834451611844544                       1
        292.395384414634        63.9420969991551        148.226396707188                       1
        321.314159290173        52.2999424405443       -35.0632701664545                       1
        385.392596965526        93.8845984869626        169.811177408066                       1
       -10.0273512985398        44.9629165421761        135.174953354325                       1
        129.210793327035        95.9011729023439        189.999973263853                       1
     -0.0321213689557384        43.0406691155701        247.131893167088                       1
        307.715483586419        66.7086350665482       -40.2520624024284                       1
         196.88896143969         132.17774076114        69.7808516651431                       1
        304.240685943938        94.0402746609676         141.48735742558                       1
        259.524244106456        67.0552231268231        101.915991074133                       1
        382.920330422249        71.9974696210222        163.016223929114                       1
        344.175461799645        68.4814061616512        88.1190217189915                       1
        311.463083838122        77.2607637974347        146.773263944072                       1
        88.7386400696768        101.507460184458        102.342980720652                       1
        357.533592569071        74.6228677479431       0.798843825272008                       1
        99.7144741748426        98.5226682414123        44.6921995282162                       1
        268.175999393162        59.0672526943009        83.7466995635259                       1
        50.6979158521581        9.89907809875681        180.775751427743                       1
        123.384836915805        114.489116273703        128.347207676362                       1
        106.948846285148        114.221768829539        44.9585617212383                       1
        413.831881565285         89.778356703042        155.053032647617                       1
        347.800335349327        57.1114778313386        107.425353893981                       1
        279.765293427309        78.0463571613702        89.4847923276631                       1
        298.209139859406        87.4157457168733        153.999608768872                       1
          373.2807905414        57.0456000454538         100.07650477609                       1
        313.485010216879        47.3538437306043        41.6685033867957                       1
        307.815948002221        66.6892673401367       -40.2778585337047                       1
        184.204626418436       -26.8556106784579        237.761204976924                       1
        315.622178212132        108.727589001668        143.304387924385                       1
        296.230829881627        71.1128120958347        36.9761822119153                       1
        157.314096339728        118.531393412277        156.319077609861                       1
        297.180184564833        79.6728358099058        135.740393564395                       1
        297.169055854106        79.6424217346036        135.715755511198                       1
        312.856781283153        75.8384188256706       -23.7001178105451                       1
