TEXTURE AT STRAIN


B  800
        310.955238797882        76.1003731718895         2.0853255237022                       1
        123.517398082269        69.5981548752392         14.911519569859                       1
        200.013326943834        68.7932714493782        177.949371782285                       1
        132.800531773095        85.7341845404822        1.93616086529478                       1
        133.244243622401        80.8484800259386        125.957049335815                       1
        19.7052722267699        72.5914998296677        138.299798502342                       1
          89.24221629038        53.2649844543613        164.967636612974                       1
        287.422897587419        65.7275736056505        180.793686082073                       1
        139.271250859454        64.7515505971621        104.305604500616                       1
        188.154228288505        94.3199415165267        4.25146267927557                       1
        117.559237908398        61.7327356036916        154.129015420422                       1
        192.405185998011        71.4679496139601        10.2405152605163                       1
        257.636596723523         49.667876414147        131.632237736353                       1
        227.421815279875        54.9772763574879        183.793683820463                       1
        183.689537532211         76.155069532747        1.01568107776202                       1
        326.518054255866        85.4921251827578        90.3479443201889                       1
        299.444796548603        27.8953059631432        87.9315197230844                       1
        270.471517164765         52.184557136533        17.8664108060732                       1
        46.0943803958425        24.5351529964793        56.5758862368475                       1
        154.498228365699        30.9205819403379        151.608705678628                       1
        338.937032763154        76.4418923131711        190.168330512618                       1
        120.682949506154        56.6212292160221        3.80976959545697                       1
        155.078986123292        31.6442524354219        171.596037420901                       1
        298.018406512093        82.8044422044055        28.4593297281595                       1
        262.461161488082        61.8299819800795        18.4593148969075                       1
        87.6787179937002        90.2295025769448        69.9342479389224                       1
         126.67893122892        54.5794069346356        154.871462919394                       1
        49.6961365338829        14.7669748553668         154.03297452348                       1
         297.11252708713         50.434875258859        47.8119025917165                       1
        276.274381119591        60.9318241900845        85.8762724643112                       1
        279.958131414285        47.7997171086044        126.490782823858                       1
        314.070846968812        78.6218952784849        84.4460994501848                       1
        62.0570728202114        8.20899140269468        73.1548795881443                       1
        178.350197767723        53.3396963066213        139.040619387688                       1
        62.7505127332916        92.8148233026722        95.0030944060434                       1
        351.198909665773       -14.5242334820719        155.137571679127                       1
        176.410113442978        19.9247443536763         140.04532981638                       1
        168.171033439769        41.3396492640271         125.55591789075                       1
        238.763203712264        82.2000817547113        151.220261847802                       1
        254.918056936854        66.8561786058369        58.3001885436693                       1
        317.113271381334        56.7947112825772        68.3778527209406                       1
        39.5064643465738        42.5020146102019        177.146863718439                       1
        107.373222692687        62.6730353267729        73.8833308399949                       1
         169.40214277621        16.2702781592738        90.7599786939018                       1
        108.606057439624        84.0042583419193        159.979552274265                       1
        8.22993240241968        73.4717405289622        141.228640836983                       1
        29.5488522914404        16.4025709503526        85.1197601288305                       1
        174.819170631261        94.7836699765278        8.37685696628066                       1
        201.832230644583        34.4482674228809        179.232529334945                       1
        167.554754556225        66.2512628554919        119.710000419024                       1
        43.9991265598146        26.7640514413845        105.010859212764                       1
        347.138862402227        37.0109495945606        41.6860194789764                       1
        82.3517500431469        56.6099823735056        120.944143347974                       1
        26.0914495343819        57.9134070748283        87.1743631992248                       1
        139.388563213856        75.1342094918745        145.288146971373                       1
        93.1507006795521        56.3045604449603        92.1008575521161                       1
        190.044995520993        92.3480797023811        23.3872006343917                       1
        86.9972561772739        65.8434236293352        41.8718332041162                       1
        322.960319085977        55.0651126385576        59.7174557796114                       1
        257.468935852956        67.6104016166687        80.5493572830172                       1
        43.7400245478751        41.3221202126347        95.2400636325408                       1
        12.1510495926743        115.825715828692        51.7930745102304                       1
        95.5398914723243        38.6425050273841          32.83036964902                       1
        165.031624502634        71.6724178916958         156.08966592016                       1
        112.452834627777        67.4409146771113        41.3815070828395                       1
        263.579366165442        36.9065378322881        58.4079584508527                       1
        18.5077619515036        -33.368032729899        126.257168607534                       1
        234.684857912198         77.523213224845        165.377423328413                       1
        356.097320790174        39.7362560320877        97.0464258621606                       1
        175.010783431943        60.4107079409621        82.2178988712274                       1
        340.882617496335          61.38222240031        46.0181528755615                       1
        235.387421972021        15.3813378983777        174.686686904604                       1
        282.550857219068        77.9366979411402        177.351663618744                       1
        156.562092757082        47.0277849662228        72.6511479927118                       1
        12.6627938915298        47.1684671520099        30.6748814499983                       1
        310.641564388723        17.1139207976258        98.8606215695545                       1
        337.244145547761        105.326215740344        95.7347600397587                       1
        82.2970694723974        40.0472306363447        108.361268156665                       1
         204.89745229672        28.5853406621215        101.479405671399                       1
        98.4020120593943          63.36795172116        124.941302406356                       1
        180.367943406499        63.7650515560666        20.4846696787409                       1
        217.155535351331        47.3817923392587        39.4983653079706                       1
        160.064732339637         86.825963704103        62.0744244424802                       1
        315.491010890607        67.9439175101336        20.9952042327784                       1
        318.004506324321        54.2652247868521        42.6980865525657                       1
        104.821864723741        103.955942114262       -8.58085626802391                       1
        210.318342510544        31.5419343910084        95.2214204460742                       1
        100.417415456068        33.0448061564747        105.165231229108                       1
        8.37554251464162        47.8020382868672        53.1139168664584                       1
        47.0231435902877       -18.1104036658768        111.037935609795                       1
        173.625326140193        84.8606938472952        32.3970691424305                       1
        289.380924577253        51.7147297387318        180.641856886502                       1
        381.359618620114        86.0070394506016         162.06442857976                       1
        54.5897808958562        75.1872836666228         18.670941243257                       1
        231.998608833026        58.5253776640421        29.4674603319499                       1
        313.300131301531        32.0385146039375        122.518383694257                       1
        282.006077339506        64.9481595967227        29.0944404793457                       1
        173.312070156294        23.1228247093114        67.4504866881931                       1
        53.4943998886993        10.1159411509584        39.8644980876849                       1
        297.254058095533        82.4658167223614        45.0033363251784                       1
          137.9386072912        73.4169993550459      -0.383138129616592                       1
        90.2031589027846        14.1361642897955         22.268731650308                       1
        340.510986786919        56.9353713122194        174.248523689504                       1
        312.315496633469         70.525867737285        98.4111887358422                       1
        279.469861340631        78.2796104284771        28.7954212616096                       1
        252.553201194347        78.1479197888264        34.1719385539626                       1
        137.246675257217        91.6416701986562        9.96102427172538                       1
       0.114187857907699        56.6552533561388        53.0306151752579                       1
        53.9356770754558       -18.6650999182237        61.5469620209013                       1
        155.863126652142        52.2378067464339        95.6821047148239                       1
        241.734097946071        67.2560848747151        54.1670797601322                       1
        241.037517675923        47.9204492196564        122.942513269457                       1
       -8.48483873143965         55.157239149571        96.2597725622184                       1
        272.965176484813        79.6830256097205        32.0308527317405                       1
        80.7097852789631        104.565210060507        184.860783580348                       1
        323.267680900754        70.8443723027272        144.923818083797                       1
        231.179514978177        44.7699813394038         74.554130555022                       1
        281.779681097647        69.6937031454075        166.609106419024                       1
        74.0309669475033        83.7199667511197        9.88569700804976                       1
        262.446157592706         21.124098793526        150.011731519331                       1
       -16.2544515567119        21.4637129672603         90.579215469256                       1
        73.2190264590094        84.9554660944446        98.1226884969456                       1
        168.350382523921        61.5973547080247        113.798374976418                       1
         324.52399756696        60.9712320985844        102.724834720781                       1
        2.42740817224231         30.354611982849        25.7071319078205                       1
        97.9300816268922        72.2678453473362        53.6687301667926                       1
        222.027839064847        39.6266286693995        107.512623316936                       1
        278.510281832151        77.3936679705597        74.8971275906976                       1
        117.847047316087        58.0321049390276        58.1666247487083                       1
        86.4982432180565        75.8320661247784        152.781296238299                       1
        86.2858097422513        82.7535802281963        138.037673561917                       1
        135.337334461016        73.1349661741784        161.026622483934                       1
        28.5646906982885        15.5114992151477        87.0106796909045                       1
        132.850673832598        82.0601085995742        23.6913277309369                       1
        325.400989077173        45.5403368320961        178.347046046393                       1
        237.793697291627        68.2860995937827        7.48251802670808                       1
        297.252533653348         76.776244177069        28.7206855498229                       1
        310.504623216167        81.3635546386595        70.7393807627379                       1
         162.96767206227        73.1095217846025        90.7553495160563                       1
        57.1784253437074        40.6611861456198        30.4351308954697                       1
         302.73494341321        89.8127586585524         9.4482279720279                       1
        202.169159660941         10.744517984118        107.563412689912                       1
        245.293103722732        41.6176615109545        100.759522532311                       1
        138.100993170486        101.021290451247        141.626277495449                       1
        224.933629213722        8.13886184682389         140.20128577352                       1
         285.30201375246        59.6791574432943        116.297754322322                       1
        157.868650765499        44.1649656319853        156.121552292951                       1
        136.507765674763        60.7006199401847        3.67839831769823                       1
        103.653207089367        46.5335514351776        168.518574109534                       1
        135.369507292458        21.8119871060391        84.8969204424478                       1
        182.627447858247        71.8278949582802        99.2590055803754                       1
         175.17744580857         60.666446712075        60.0289140757972                       1
        272.139841072202        53.6504062661498         75.044614110008                       1
        263.262723963611        10.9940219416655        161.972347904594                       1
        342.438725796559        19.6028470837452        151.261402899814                       1
        176.529981167274        79.7674301068394        130.987396213939                       1
        297.925024921684        76.8699157862769        25.5692611272093                       1
        90.8234611510391        75.1167470959294        83.8950890460756                       1
        281.653509699352        55.7786697917889        149.031675415119                       1
         313.49654836816        74.2986285274692        157.805884663555                       1
        336.637301418022         50.389860016063        35.3103882197384                       1
        248.800233625463        48.0326207233548        38.3597519943958                       1
        252.562499129097        40.9159507462225        151.573832620489                       1
        8.58837042197627        69.9802241260156        152.687297056144                       1
        237.698040485821         80.330777401863        48.0018133392132                       1
        149.125599836715        77.8161444471127        106.538548920753                       1
        172.955143071585        65.7260979257467        155.456357367461                       1
        316.207808905224        56.8486131758728        143.313846168409                       1
        41.2744635635849        77.3672415407218        162.362511297872                       1
        324.124350380363        69.1356055119032        150.046493568318                       1
        118.833361382358        44.9327704350856        115.847131181398                       1
        290.017593592994        30.8785418266371        130.694744049389                       1
        128.922713436694        64.4978193551517        27.4450857517808                       1
        34.6244802256484        49.9281781047344        64.8617325621475                       1
         295.93297429701        58.5118420828244        45.0080382709121                       1
         31.462627086808        90.7420186565445        25.7736233362266                       1
        294.647516626318        64.9731679925202        87.9330085009859                       1
        292.218375064845        44.1562331692825        103.075840236497                       1
        285.890656872719        36.7253572265873        116.782107593219                       1
        144.211768120093        55.6226798037807        110.615196437987                       1
         119.18160198026        69.4758293903124         85.098319539702                       1
        296.554931130763         50.019667593778        121.236612462311                       1
        26.1491488680319        78.6350747159278         125.34153064333                       1
        96.1577972787492        51.8521914228474        59.6928278035839                       1
         53.125620718119        75.3154864799202        122.745688413675                       1
        110.569446478959        60.9123648381161        26.6544152547801                       1
        134.043254367017        105.438009136318        124.253159117347                       1
        343.520901237949        37.2020942203139        85.9437042830325                       1
        217.586922071223        56.1287874599026        65.1567480404377                       1
        90.9983486370996        20.7260382257792        27.3063890114062                       1
        299.081633370375        60.3282026162183         5.3303913686143                       1
         342.31748741301        58.7250397018635        44.4554831253242                       1
        326.032052821314        68.6259150553006        50.3152818182043                       1
       -14.5913137125103        51.5157177850481        44.2672416902702                       1
        180.784670220106        35.1515946679844        139.567223243389                       1
        72.4225445449853        56.2136541160338       -19.8787066219967                       1
        264.000268824082        63.4095779712602        135.670365962556                       1
         45.222214411433        53.0396044584811        106.337990250139                       1
        309.320999813032        86.0737279476069        149.819694589438                       1
        162.607212883057        15.3934235321969        13.2370565793347                       1
        264.121792213836        70.5081098969926        156.488259766002                       1
        20.9652717172503        39.0630777965273         107.95330475106                       1
        268.063759498472        50.6349520905395         59.647791190261                       1
      -0.373215468441196        31.8876049213484        41.6035691220468                       1
        273.367556424384        68.5171768463369        137.549605996074                       1
         24.139472969634        56.0101085705422      0.0299221865197478                       1
        280.241153599693        14.2076379627254        163.288184085995                       1
        44.9433064445903        16.2145710903972        52.5477389991208                       1
        20.3682416453762        60.5668366308552        150.722171694714                       1
        212.110160291795        74.3935960697246        87.2910027174287                       1
        266.198790155246        26.8642833840373        128.930428440879                       1
        133.199599311008        56.3025061107787         174.57105292359                       1
        264.796056096724        67.8700733949932        173.453386456023                       1
        282.867016711097        90.0121713495001         14.365244244043                       1
        300.750991131086        15.7429821803045        92.4566706073003                       1
        28.3914234928399        21.9908913806499        37.4782939002667                       1
        95.8782145627144        74.6252257652344         19.934612925638                       1
         321.80936491621        55.1915090110555       0.118121735513234                       1
        291.613282263013        84.4904078158911        2.23794376314008                       1
        316.027585696103         65.567137036356        80.3495951080304                       1
        252.198885573977        59.7170733432004        43.1275115757511                       1
         301.36238196058        69.0563232318245        56.5750480000039                       1
        61.8306994106552        87.1790834873898        21.7768812100742                       1
        109.414095255088        93.1209797932791         143.72653873132                       1
        141.063200323744        48.8933271553282        67.6927476097862                       1
        131.790085033186        34.7406587175084        145.517979882487                       1
        263.154151240896        51.7701604320403        139.045413300036                       1
        297.564229228535         75.062158124284        87.4696974482806                       1
        22.3319093453251        32.0363122072772        156.431988856507                       1
        147.577497720577        50.1872429106377         135.91698992529                       1
        309.487124569896        57.7000440441683        167.223914097291                       1
        355.044979712588        33.4639197551325        60.1199636588542                       1
       -12.7279900658139        52.7996256538695        72.6385257168726                       1
        345.172056023576        61.4691632955505        64.9782347699445                       1
        175.595977170486        55.2919658072082        145.630631671184                       1
        284.804694266061        69.6056629171383        171.104367531146                       1
        305.255017256365        80.7681212137234        76.5166161260635                       1
         121.91534121873        23.6617507069767        4.92079961303292                       1
        14.6766620101648        86.5613565325943        37.5113457157042                       1
        39.9204224523291        89.6773037892964        193.063020838113                       1
        97.0248612458144        64.9373491616667        127.414037670214                       1
        310.752986680984        71.6516728699959        67.9774654866339                       1
        300.061064636896        63.3642047660718        36.2466751291939                       1
        33.6020607720794        31.4939194221815        173.411065861628                       1
        93.4868358375216        88.0815161976338        117.730055555376                       1
        308.321783984661        97.1747239113132        17.0852203738952                       1
        132.518231132977        63.4186604727397         21.241788741422                       1
        13.3896543365832        102.115142739041         158.88738280118                       1
        137.907455172817        80.7682267020154        91.5421327603302                       1
        273.568249720494        87.0437285257351        2.61816761471003                       1
        318.120289524703        59.2213000073811        119.317627660157                       1
        340.314184404855        63.6681455776383        169.397512258507                       1
        38.2482215968955        67.5871300621612        138.418593605927                       1
        313.628787372483        61.1624097291198        13.4408196933591                       1
        244.612147488619        68.4463722716575        170.303924421021                       1
        271.572968786749        63.4447985650747        169.577408313353                       1
        289.950124380905        73.8244179290106        183.335420630193                       1
        73.4107137636272        70.9382548623861        67.7452756581001                       1
        286.539221677505        52.4034642834469        168.951218366217                       1
         77.289070368344        58.5705729725439         144.13284263324                       1
        131.491577578383        25.7185769080851        46.5685366383193                       1
        104.913340845194        58.0517618360829        102.669697582799                       1
        84.1603910232034         69.824992311611        133.171411797778                       1
        191.427405953952        47.0634496750649        6.43754203810929                       1
         -1.220662939977        66.9856717381112        24.1630738842003                       1
        317.852691604236        49.9850454059717        165.800347902599                       1
        206.691851367915        69.1387478625303        119.270046394991                       1
        114.084458841039        42.6404254133174        102.659365316888                       1
        324.193212037097         64.487730556096         166.86656124292                       1
        185.247389781418        73.7065367719434        138.833884361992                       1
         64.756610563109        54.5584293182019        129.971052090404                       1
        305.250599017356         58.686939506107        144.344907464526                       1
        319.265253569439        20.8714054560983        85.7096675834191                       1
         256.69016016526        57.3344828738112        49.3908360837135                       1
        169.117899683494        65.1211725488755         132.28097641785                       1
        333.499472657849        24.8249361692054        78.7329443899734                       1
        175.381025233903        21.2994620407607        125.024403361736                       1
         122.03516316212        79.9711566526135        21.7409557454917                       1
        168.433276427862        13.7496896585988        75.6094833889823                       1
        224.997554589968        75.9355619394745       -2.77323644529709                       1
        19.7423195190282         100.89803578473        11.2716452241853                       1
        260.847874443847        81.0199750335685        175.950619393107                       1
        150.595426694163        78.9854020270791         16.968820154189                       1
        150.275202484633        91.9614624529939        166.148148616561                       1
        118.162930068312        15.4169167540632        180.025371705334                       1
        270.137768895143        59.6896395392548        38.9172710435628                       1
        218.631781312656        67.2820388029387        76.1113056384245                       1
        49.4025867665271        99.5623031336387        123.254600398317                       1
        199.480174424308       -18.3683398655424        174.745793949274                       1
        18.4974382709227        45.3444684328618        126.108334072657                       1
        242.820341788656        87.2780192385168        186.683480910381                       1
         172.45937395324        76.1565269737324        99.6373325799438                       1
        300.390806302257        64.2182184463232        13.0620949271496                       1
        299.344018891564        43.5611130777495        21.2990312320467                       1
        205.212259506168        54.1417686273947        113.170228844637                       1
        45.2645404578642       -1.81333031955612        18.6436434828875                       1
        200.274932030366        53.7716423586029        116.208086027502                       1
        274.128041061647        71.0902783432646        21.5391510086667                       1
        307.209866790467        63.1065730637176        88.2400860211007                       1
        42.9428918162068        65.6436323143196        179.348562318241                       1
        67.7166579584588        33.7059644503663        136.189184331218                       1
        260.440432365627        62.6215932713732         26.386245064472                       1
        81.3971662108413         78.970286912516        17.4378940048292                       1
        287.746999172896        48.4621214579472        94.8700535272355                       1
        315.843358182521        51.7356483603743        150.143047903228                       1
        332.849700058636        80.9599723359462        171.094047225863                       1
        89.6830822107206        73.6901788560276        32.0986982201147                       1
        136.127646145513        74.8744896822066        101.552505581223                       1
        6.77798117805175        19.2234488666114        30.7444418479421                       1
        284.704656304093        80.7318219201007        28.9786001695794                       1
        200.529233008583        56.1990405365355        36.7885218025873                       1
        261.561593903769        83.0863487235701        18.0269912869078                       1
        100.361506289508        59.5057510913166        150.429905894999                       1
        152.490784530188        52.9676653931919        151.611242588921                       1
        164.202915239096        59.5166983766542        45.7849627429284                       1
        309.323869555542        15.6924700496342        180.721228354802                       1
        152.160274875975        84.5273809846305        78.1556792485589                       1
        280.736489969135        37.9380195095017        179.070078399633                       1
        4.97437245003032        73.6005976733658        22.1859398810335                       1
        160.579905460504        71.2657741817386        117.413846837528                       1
        267.257470696989         65.526452380216        11.1528749985351                       1
        47.6893630438192        86.0567688464436        131.299466366486                       1
        104.123802007669        44.2680691320183        57.5461666899269                       1
        274.265735781879        83.6964704731332        18.9937572975352                       1
        268.301949489067        56.5490149747299       0.963900559175456                       1
        332.739969935696        67.9837103056923        159.451058949983                       1
        228.951362014817         65.393724083634        116.688795944237                       1
        238.568324115791      -0.181076560402747        162.612732205986                       1
        213.065531187558        78.4458487652325        178.971135283062                       1
        141.161181945388        79.5822642113804       0.191157645417808                       1
        52.3459736682577        -22.597910760444        157.581598897474                       1
        113.296647236583        78.0162940118488        11.4802796952557                       1
        114.022581913245        69.7881308881646        110.147110783528                       1
        253.614133333035        59.7430026144292        101.629351368916                       1
        251.780291905784        57.3969600243387        10.1242437196083                       1
        59.5640841483205        42.8147981403777        181.716682423439                       1
        250.924868652745        3.31136186053202        99.5406229474223                       1
        112.605123747882        44.4569935821969        22.5351705376208                       1
        283.929097804331        74.0954801303366        171.009857556054                       1
        353.298472976062        61.2354807293908        157.335009008762                       1
        274.970148142938        10.8949503247925        4.26914666194455                       1
        313.769280364174        64.8092867683141        117.744467391229                       1
        124.554259020946        68.4461913977471        117.333490713235                       1
        303.201870885867        78.9739114727307        162.680839165508                       1
        117.732235813593        63.2967060925875        133.121271563605                       1
        31.4116760602577        94.4729179304566        48.5231977242015                       1
        32.6902303305865        38.5067046031407        19.2150493815045                       1
        332.068972648009        68.9511312747331        66.8025015217311                       1
        299.393432867981        57.9289640928128        78.3074090822643                       1
        261.446688087675        75.1702328734576        66.6916651731262                       1
        222.779116080726        69.3460269238197        99.6264265337389                       1
        322.242085170682        62.4395172569362        52.3768369480934                       1
        172.468314623138        52.6950263969067        44.8402896998045                       1
       -6.05181904651057        89.5819364721647        37.8210895751424                       1
        64.3325396620308        65.7692327789934        16.6848510374628                       1
        225.712840821507        51.8555157237524        94.2770845069409                       1
        85.3841652286987        55.8753894908414        57.3125603866318                       1
        257.320139953452        39.3802965650814        39.1622657174198                       1
        1.63996907526739        65.6046164394048        123.436184956638                       1
        104.972077429186        58.8042929813855        110.866928233437                       1
        311.179485211069        45.2563197751686        88.6776895333382                       1
        334.657327323069        40.3752055273435        43.4847007535138                       1
         128.22485688386        32.0147719746687        72.1367597018454                       1
        279.573165281033         67.543939104964        65.3343463337773                       1
        101.692489871801        77.8594481702136        67.1023312649294                       1
        257.282037484162        77.0144951595473        51.8224421450953                       1
        164.524963828838        38.9777129421053        26.3835489389222                       1
        240.841658688261        36.5753826188955        4.28126100839876                       1
        117.684027485112         92.372704199504        186.632298804857                       1
        239.476369696735        57.6766650413648        106.491037564831                       1
        141.314854431002        50.5485474290359         166.89591877505                       1
        294.410673526778         61.889944264082        67.2104378014297                       1
        334.224650132311       -16.1837710312906        179.871664462001                       1
        304.476235898986        50.8595081633139        107.131344939737                       1
        97.0382273396147        92.1664926880872        13.8625377169714                       1
         27.048284443884        75.3031228583858        70.4098633564299                       1
        248.340982473072        57.3691366909218        30.3869806078556                       1
        93.5741467476904        67.2262376428093        73.0761405311751                       1
        222.362029418005        78.4789187158139        7.45080268794966                       1
         174.88504628543        79.4408107470872        157.403376741396                       1
        334.375389943236        70.6234669221162         34.236333678962                       1
        330.369387857409         40.512245130823        121.029262352296                       1
        330.907697917929        54.8062773583904        131.855970736813                       1
        23.5513269892335        1.43277662332437        130.607549021034                       1
         157.57804864092        85.1920880556059        178.104803226348                       1
         261.94495269423        67.7985690098614        34.2777696414992                       1
        220.707891147701        13.5336642463796        137.175331564138                       1
         344.68144921858        70.9278855134919        41.6714188017158                       1
        211.978921984866        4.68700971115472        73.2077370682294                       1
         275.19689593075        70.9230985709174        13.2830470305979                       1
        299.380257981053        70.5222255750503        175.964707529626                       1
        260.429242351891        47.2755525692068        66.2303251389866                       1
        228.135714743672        90.8705825061404        18.6577136863768                       1
        14.2480141498761        98.2685796965785         80.447131361787                       1
        160.775362377176        62.5560853350643        129.221599487831                       1
        90.5415072164374        51.1170540144517         114.32135147232                       1
        255.802066520311        49.9212024878636        60.9559228983408                       1
        276.342980820434        54.7820181814366         22.499476444653                       1
        275.287973706326        50.5567823248487        46.2921958994354                       1
        319.430064461805        79.2809549190077        173.865530296141                       1
        215.664819931239        68.9797894363997        140.754882707205                       1
        272.940289859873        48.9705508287833        141.530987702647                       1
        256.987762527125        77.4356158053951        21.2953042037505                       1
        136.360463165437        47.6324841257907        159.116513318102                       1
         170.90311095667        33.7227372915493        122.911984278938                       1
        47.5384157556173        10.0070012064158        164.089068729024                       1
        116.190577732936        83.1790272869519        177.918892524448                       1
        353.735958007992        32.7965392608486        161.324131747753                       1
        295.212685338144        65.1945963993942        164.937051315036                       1
        344.063804577079         46.724022557101        149.933307887646                       1
        194.389743404244        59.7460396596541         8.0609507061483                       1
        100.939522027427        1.00619693911285        22.2196358935669                       1
        204.291954765277        26.6922690890001        28.8397946144104                       1
        335.773800047504        53.2287740809275        68.1710627029961                       1
        362.941808386482        41.0521062121379        72.4571167686919                       1
        179.889165083479        45.9728236573243        99.3383384972372                       1
        84.1200756683239        74.4199603240431        174.504111448348                       1
         274.74620101383        53.4862963174948       -3.83349516487137                       1
        126.613261767806        82.8473700338258        115.163236760456                       1
        301.060552557341        42.2992859237056         30.513404018353                       1
        260.327061535197        82.9584381753033        128.682072342708                       1
        265.224449437633      -0.825425711705246        55.4060641606917                       1
        323.469144897892        38.3567634612355        100.081015974336                       1
        169.604966285697        34.4189798523462        83.0287779895157                       1
        209.305152618058        61.6852260779446        102.256243031319                       1
         352.79890398592        48.7437288867135        171.955149049625                       1
        82.6890872900792        25.2443069743086        20.9153370426485                       1
        326.570201108716        82.7800417120038        153.614171191451                       1
         75.082480105685        88.5053156247931        135.694370540607                       1
        177.580944469801        67.3519622956461        18.2935234241791                       1
        94.5438448687523        47.0322455860665        22.5108010962581                       1
        249.850687216935         73.901491496528        120.188250294461                       1
        150.424305424842        15.1285750443322        52.1508880608564                       1
        238.278148508096        27.7427415816131        6.44505359616463                       1
       -1.40666189685107        20.0441459064573        104.494034026134                       1
        350.576713916479        37.3158654569412        59.8904428645871                       1
        232.650833829716         41.336987477705        86.0845243456858                       1
        205.594844449371        82.3197110251556        5.66839435999981                       1
        271.505210463822        43.9360592730783         157.13898479255                       1
        335.533880247017        16.5383568208191        70.3718664375372                       1
        320.664157419924        98.3482196458085        7.42685674551515                       1
        339.353496863694        83.7033845403708       -6.87464629337361                       1
        147.906647945881        57.3797546771902        167.270777159382                       1
        76.0168044456751        65.1486845814301        8.20906317704755                       1
        202.208201299026        83.3948787749241        175.478531696105                       1
        265.587922902871         75.654305354682        100.633012716477                       1
        220.094427675061       -2.27140958308877         148.63520181476                       1
        192.691660293067        71.6093818811212         119.11364068478                       1
        41.5791259297958        96.1102475188319        85.6211851970048                       1
         134.23132070235         66.952533453962        73.3087064983209                       1
        118.964898236429        98.1729413355144        79.3824236822499                       1
        331.635396098343        82.1953700662187        170.147814831106                       1
       -14.2100551210928        26.1247302687798         69.870141294677                       1
        146.778677815518        63.9967598526207        86.6820620243497                       1
        316.314098389384        68.4993001804724        95.8856656626419                       1
        296.918806656344        55.1366516219595        84.4706143982744                       1
        273.254791523851        65.9939804279321        122.189984290035                       1
        24.7556715903084         39.147290800326        183.738611980844                       1
        235.582525482866         77.321231239887        164.652794070257                       1
        118.676611726021        83.1217802843285        126.904798483702                       1
        194.240143504928        3.61692631937643        8.80866808994207                       1
         101.68497468008        64.2392931720416        53.0234131857489                       1
        284.313382040208        53.6319605910151        23.2209255492259                       1
        241.468425292946        41.4194377111914        139.135093014533                       1
        317.939663736892         70.849864161232        168.432879486124                       1
        254.522685749329         54.495675574644        187.017628926713                       1
        332.408147782993        58.7346326246867        154.024975778651                       1
        294.254300914028        71.1490305957217        117.099029847565                       1
        270.648205273459         67.351714928442        185.841670207039                       1
        23.7797489750146         74.215821592502        49.1693391976361                       1
         95.008524494825        12.0522623575034        164.448974836244                       1
        200.801999626311        37.3101471011597        99.1535173012105                       1
        130.065796776504        87.8572284429533        1.00910760481281                       1
        304.660875402663        69.2654888524719         12.717924652123                       1
         289.36568559071        82.7959660625502        17.8977401643923                       1
        113.407564813813        71.7030735849536        65.2248126331063                       1
         64.843208903541        99.4343755576909        192.449749044001                       1
        128.722734358097        60.8606837977574         104.35880887832                       1
        27.1224338546918         20.924851697905        48.7929225556096                       1
        134.698351686067        38.6682330969763        12.0306452124107                       1
        159.412086143257        58.6834762158689        89.2525891965036                       1
        102.294328374624        58.3749734360701        19.0616305277826                       1
        290.422260863274        79.0811315400988        10.8906825424895                       1
        293.585788334983        64.8387833427187        14.2913608331948                       1
        87.2032741438711        16.3161593202102        37.8741237833696                       1
        143.083415304943        93.4499627766902        15.5286024113263                       1
        146.366701138031        97.9811988115645        55.8096081721086                       1
        123.270078786293        55.8488320172118         119.05532769671                       1
        76.4399463859441        47.1831959151528        22.4075051037687                       1
        331.749572075162        72.5364058481771        75.4586120885074                       1
        4.36442624212878        36.8818276874614        9.48618893638225                       1
        15.8677943744416         45.941601917825        143.412259377409                       1
        220.768374516475        62.7909264549478         85.980124999484                       1
        144.156046642971        64.9444836507915        93.8398316866204                       1
        288.364367344994        67.6704025908332        34.8854451519735                       1
        8.93256634137382        57.3805769272717        41.4896016081718                       1
        207.973227221954        18.8473957753696        98.6166466904615                       1
        208.737152181435        39.6016156867603        157.980660406042                       1
        139.669800301163        90.5010602441039        25.9814961769468                       1
        17.0725528624079        21.6784845097377        103.632671776544                       1
        213.752453370279        66.7925002832878        44.8749867596273                       1
        138.268229858721        18.3804819047852        61.0786342320182                       1
        173.322111058285        55.3116705114811        124.588737066077                       1
        242.351685554953        59.3584083339645        76.8825973359069                       1
        204.460372293012        46.5303071974428        105.254988356174                       1
        234.111760996752        56.5483668522761        98.8861953092297                       1
        259.484873118656        78.0133371488119        35.0979634919986                       1
        79.3405359224841        91.4320612902203        -11.657977557408                       1
        126.068539317826        90.6372474381583        168.514966218641                       1
        153.698116824003        62.7636499160007        80.7449399770966                       1
        120.353675888952        80.5523331868373        26.7814305325486                       1
        273.209203036353        25.4347739613295        110.843245045323                       1
        71.4987927107654        69.5786561683826        19.2569847327356                       1
        134.701659600826       -14.3927693140094        167.103079985863                       1
        301.192551302687        45.5009426305798        180.880234327097                       1
        318.383012474297        32.6144145426832        129.035303534687                       1
        145.742618759403        68.6923646472085         146.68850573793                       1
        76.5191652232901        59.7111516870838        102.430855147543                       1
         154.96747618461        78.8990943237562        73.3091190376672                       1
        194.589985739209        53.2207267336428        105.338595171036                       1
        120.555584535415        79.5197437700949        169.592065468948                       1
        116.038876844664        17.2580482702762        20.3971018987493                       1
        32.0489319103955         37.919749164373        61.3216887613754                       1
        283.012512003937        70.2963872848583        55.3263953700784                       1
        336.931409292866        31.3547286920682         60.473736712171                       1
        103.057606179126        26.0983490790932        35.4661685228734                       1
        339.506516853233        50.9309087625219        24.2369889888572                       1
        157.966940964094         56.508077297238        109.005032293334                       1
        247.321138867696         59.726351027657        134.315361037784                       1
        337.379284855177        86.2052637445788        147.514242865249                       1
        43.4094703679272        27.0906998936704       -5.62820090210073                       1
        140.951170778401        68.2300009803909        10.7585777254052                       1
        214.363843009083        55.8210967927999        158.853232006415                       1
        249.380158398714        29.8954795875651        78.4340301967521                       1
        271.525438619328        66.6335235986041         40.769021134745                       1
        184.235141786104        47.8510130043758         27.969638852112                       1
        9.27033001338238         55.761847802971        74.7935584684865                       1
        283.191260552988        97.8288091112583        39.4211166510556                       1
        74.0977938309756        17.5243746076722        142.714216329477                       1
        102.985885497143        96.9196721446883        116.204428714725                       1
        295.761707505269        51.4936787492939        10.1896795474318                       1
        257.209953718266        57.2822652454607        169.928944849181                       1
        234.554436574626        76.8557604974647        28.5295849088374                       1
        38.0855951375108        59.3847936762899        150.972078691938                       1
        320.598860833614        38.2442751996868        72.1791264565169                       1
         135.40748878311        35.8333809383706        159.192945388478                       1
        119.536796185773        22.8125631159389        169.873830529184                       1
        140.546798544737        92.6214991569973        149.969556337525                       1
        304.733450644981        75.1073051326703        135.659571439437                       1
        45.4204452799732        95.3365087146327        53.7243319937008                       1
        330.611876318333        60.8611856439798        59.2100033807087                       1
        138.887629923229         12.588028641387        88.6485002389988                       1
        157.756241596228        76.3082299993746        133.025028925246                       1
        67.0171183882755        69.5694885968623        92.2504025467722                       1
         287.75595807197        44.2933293532766        41.2370702956915                       1
        280.684176455087        69.2264138059829        136.346015724197                       1
        348.698765005652        22.5570753592421        45.2377936074704                       1
        308.938744958157        52.7659620602583        46.2595227195954                       1
        124.112346511402        62.9313929333247        168.430511737611                       1
        84.0637200121637          58.18128002309        146.962209219272                       1
        294.759236952496        65.9064196706425        119.285134818816                       1
        31.8356844291832         54.315569267458        9.89948077749157                       1
        76.3425311284823        32.4323171652138        32.6210024069201                       1
        135.635331154953        61.3530730354099        150.506590120491                       1
        67.9365583950275        46.0497722485513        28.4940268165019                       1
        247.569399106084        62.9092981196325        143.855336813718                       1
        142.753587333959        45.7861677211858        95.4989190887527                       1
       -3.22855770932317        57.2846175627249         12.137569445141                       1
        21.1723320463556        70.7080931210664        164.345592500616                       1
        35.4791390011571        54.2143096991289        166.003255415733                       1
        254.862143729381        74.0298338314023        92.3955889817824                       1
        220.614628218295        65.4389196705813        70.6222345235003                       1
         296.04996073465        8.79708592921256        79.6749867795384                       1
        339.687984779382        89.9008434788635        51.7479151951565                       1
        259.818267124674        22.0083608403805         53.652112617189                       1
        134.319620424079        75.2377921138014        33.7867599139542                       1
        92.4064663190133        22.2526148338522        174.736256194029                       1
        319.309546261199        31.2399545000022        80.5930098341783                       1
        26.5702134425018         63.091022037767        7.62755606053001                       1
        207.719941522668        48.7755204048888        91.3389211930042                       1
        299.959483719756        83.3768198097297        25.9850634755314                       1
        291.208040406079        55.2782443816521        37.6061159872594                       1
       -13.2560358172571        43.2315545370771        68.5883207610287                       1
        214.504600845963        42.7765588104419        74.7802579730709                       1
        96.0359002101292        89.2114303601901        168.033454958546                       1
        64.8609277104004        84.0306609352698        162.668790665323                       1
        305.882753297502        55.7808411527784        13.0306413746706                       1
        69.0209646367852        85.0509892947045        33.9254008566017                       1
        154.911704663406        64.4106624298333         151.70737517129                       1
        211.192401435666        71.9453275601587        24.8476434648222                       1
        133.643511084662        76.0171757707856        155.605898315035                       1
        94.4348260561717         92.814114475059        148.001555019548                       1
        221.423938879549        57.4166452489518        102.130824565117                       1
        56.7737369875277        68.7494376732409        30.8693272390267                       1
        221.067168129643        21.6543011988112        159.772801716378                       1
        324.692949400942        69.9394227870695         18.873626207484                       1
        309.786759110296        45.6959912250406        141.742539550822                       1
        347.104912888629        72.2722810777741        88.2762549382756                       1
        206.526944838732        16.5076695944274        55.1207362044917                       1
        105.233590678633        58.1078507348988        133.630316580684                       1
        323.256326437026        42.7040654637453        110.320081461994                       1
        237.659351494013        64.1475197739491        67.1682764390654                       1
        259.018043548405        54.3639589783131        165.817123943774                       1
         327.19706756154        64.7141908966561        6.43875939800854                       1
        215.165942529766        74.8586991849201        71.0637713559463                       1
        100.838417321292        82.4004073055053        178.017471949001                       1
        156.152426014627        46.0500419339281        151.479965385139                       1
        137.438566853833        93.0410357278684         71.423061208212                       1
        311.399646829095        32.4730131416412        98.3624169171545                       1
        111.833745713485        41.8157575052088        146.015203445182                       1
         265.71635928863       -16.2162681280452        76.1930427215557                       1
        82.5687264306934        62.2161690038577        129.547282699387                       1
        141.449754390114        97.3355749437658        167.110841204044                       1
        337.598672899325        47.1467248477229        63.8385709418528                       1
        137.421918063477        52.9376801993229        96.0496088229762                       1
        152.210138809412        39.6778448306125         150.48738717524                       1
         95.912476926018        73.9882019263225         -3.947186138791                       1
        285.099862201486        54.5423872640022        51.7031789091719                       1
         274.17757458066        48.9075829324528         129.85715267034                       1
        224.044062949669        23.2509401311809         54.028037521003                       1
        88.1456662746696        48.7276534087036        127.322203793316                       1
        339.749218282028        15.9949561533473        54.6747589610184                       1
        177.679069009184        82.4245272616868         178.19553432695                       1
        309.184104663856        60.1530451243848      -0.780006045423951                       1
        216.708382418537        70.2889857271967        33.0858748658473                       1
        155.041226892347        61.7089704559665        60.8307104334444                       1
        96.8322719825603        70.8118377635512        101.514710425233                       1
        23.8878145511542        94.4569239719005        70.1132458682281                       1
        10.6425997073473        43.4914076348465        26.3577162994793                       1
        303.557222040107        53.6890878907461        97.7638799498864                       1
        296.299179628512        60.6712575406921        175.809175312417                       1
         168.81688994887        78.4798325744883        138.033577846997                       1
        255.877486536728        45.6404153287299        24.7245082688401                       1
        354.822704348513         17.126220705072        68.8680681321095                       1
        83.6394418751071        74.8888755967511        104.220512113553                       1
        8.83696026722985        96.9180223210228        64.2667593337928                       1
        240.294041220609        67.3986635963921        153.908661252834                       1
        168.724599763024        50.7433524414698        74.5194786579758                       1
        229.852615028206        56.7243988309523        72.5160788945184                       1
        336.956987764677         74.537237423188       0.576745239184527                       1
        103.198700762701        65.7615483071558        176.255846413167                       1
        322.993155200062        41.9762159940415        29.8337882573264                       1
        154.229480726145        50.2579086785814         119.94415461059                       1
        178.179159105329        65.3965587239453        37.9544633012683                       1
         280.04109655483        65.2642297810485        201.602206663774                       1
        178.212439408566        55.6225773499939        153.692440336747                       1
        140.761490577676        15.9516318501776        148.435305078365                       1
        204.732231827865        34.8819475420353          50.63824554836                       1
        180.803357416989       -33.5109205751315        173.647030618625                       1
        175.910877447756        46.0344725907325        111.713121668903                       1
        35.9698795474737        79.6153352402282        137.530020155187                       1
        234.227142919399        58.9625252889564        132.984695674865                       1
       -7.80608328739101        81.3112638338754        133.206449692545                       1
        155.941904629625        25.8235447961712        35.3295802434655                       1
        307.143134095608         77.576408938603        182.984732399155                       1
        205.849605584255        21.2110132147472        10.8208314380708                       1
        232.170056416172        40.8300234287037        104.196718375362                       1
        84.0390856511462        93.0184800676845        104.649051534053                       1
        311.568572613728        75.8039327199664        172.556787835992                       1
        150.269715615349        37.0212616171871        55.6125172482042                       1
        9.17505387705994        59.7690483419871        94.1942156490768                       1
        148.382440245069        80.9815900190244        153.386508889182                       1
        301.010721653959        64.4951387152568        99.7519279451495                       1
        213.304482386618       -0.46331300612628        5.61020826784448                       1
        238.914965920656        45.3444512322457        62.5280110154534                       1
         311.48662849918        37.5434389491925         94.853852571926                       1
        161.723694612981        89.3007710225377        -10.848461453041                       1
        20.1234119497175        18.6178980172837       -2.60923741412388                       1
         179.10390585746         38.330265415108        93.4867747684317                       1
        324.386180911608        65.6611020752737        180.677254016657                       1
        37.4022081238389        88.3618550351593        124.525066205388                       1
        43.2964566576295        19.1825149356571        186.056137830736                       1
        277.880603251928        77.2475257223431        45.0855876090855                       1
        11.4324613320264        43.9392251348966        88.8451562346198                       1
        193.931466936824        23.0478082512518        124.253970077881                       1
        246.721459888396        72.2699672889676        12.0889092871049                       1
        241.072893991086        56.4715473248735        53.9746709525076                       1
        268.475323355039        88.8082874884054         154.94802083531                       1
        100.369873541397         16.109067900052        81.9214171514634                       1
        184.846762097389        59.6283756915035        19.4069425085612                       1
        104.484108883387        88.5022286554228        73.4698857208144                       1
        47.0291193834313        7.30135925724583        138.993224815106                       1
         122.93311327394        54.2968346626849        157.953130617052                       1
        311.747582659191        42.5097602677429        162.516195431196                       1
         287.21771592193        12.7286103465759        34.4389456724576                       1
        304.418089959612        76.7659082752683        48.2562184276209                       1
         292.23940351741        72.2750771951307        68.9544911714052                       1
         61.841272921362        58.6173834048049        106.204448511987                       1
        227.935492610523        67.9414814138667         148.67735391142                       1
        289.236175681814        16.8511642855316        107.857349370109                       1
        279.636157911271        33.9182557662912        185.648497114405                       1
        319.036904160698        86.2451870625876        66.0577294519936                       1
        355.232603161726        111.123918546259          110.1715195025                       1
        287.791221798636        50.2006933819089        134.951260167045                       1
        348.299317422623        72.5136191371358        154.364269370286                       1
        237.566460350309        27.6802296521164        134.210049709296                       1
        26.7871359499434        84.4084121134249        127.423251703023                       1
        146.793414790293        36.9242992631093        79.1857086846364                       1
        158.690104380342        83.5139803402832        147.391709118337                       1
        175.797092924745         33.489459528851         36.201438954057                       1
        57.9905203530485        31.7726121544217         5.3017983754676                       1
        7.48494148313492        61.2495982935744        21.0660507093185                       1
        198.121925044322        61.8447064426704        26.3433264969799                       1
        277.585567672654        58.9476179350831        97.1903674562651                       1
         190.42472568371        55.3319091827806        95.9817082681938                       1
        347.025818435312         36.382132522422        128.346547926254                       1
        186.988517806712        33.2832360676707        125.869736007406                       1
        165.908325726111        22.9006311095052        50.8973221840858                       1
         219.38489782941        46.0673912510121        57.3057339268286                       1
        156.525311113168        69.5225071746327        164.946354799437                       1
        15.3730179073951        32.4362601248592        94.8945103067648                       1
        262.131679464396        44.4906242879909        123.704818702135                       1
        122.641567682311        45.3415439093405         169.96194565391                       1
        305.628608212197        61.4863397245152        40.9306655859184                       1
        237.067328382354        72.0525943500571        68.0346602459106                       1
        12.2502656652594        29.3246859468564        33.4456024551039                       1
        321.809263244413        81.6693442751335        14.8813974268861                       1
        118.033610348955        72.2655762442186        148.759562864921                       1
        315.446385992431        48.6402508269683        71.1304728574556                       1
        319.425284738327        55.4517851339838        20.6786058603587                       1
        149.516753039078        82.2155587672361        167.875778186679                       1
        53.7445109060503        54.9141944379312        154.120792267587                       1
        132.644319803632         55.421410081595        84.6002433376133                       1
        78.9393014135304         74.762583767419         114.12239140593                       1
         216.41214984398        86.3411875535041        31.4901012868279                       1
        191.402569066159        95.3639865151315        30.0428101172497                       1
        162.281040085183        49.7267522237426        131.481636658091                       1
        149.370133030052         64.740873399483        71.7721479172073                       1
          276.4192835004        66.4230635578326        54.4917261756847                       1
        41.8834316875038        74.5215835870745        60.9268350678411                       1
        39.2895424976291        27.5931655813442        79.2577079472863                       1
        253.596934115436        71.2762204790336        185.175450671575                       1
        354.666004581975        77.0510589156076        161.553937486412                       1
        279.841434130556        32.2514474122655        134.754099884047                       1
        199.247380376719         54.467587564677        89.3761237542236                       1
        180.921732170181       -3.08405945022415         51.485181644494                       1
        15.7823116957526        11.4706062993284        37.1962740203262                       1
        248.815110047843        69.3679117850803        163.050654201668                       1
        268.478647861075        61.3033061481426        118.331709190936                       1
        345.532724292468        21.1126356228735        43.2534692878576                       1
        283.817955020315        66.7824994381415        36.0155551970755                       1
        126.353902434616        37.8390126616082        122.851681953058                       1
       -3.58377108563609        53.3935785231268        48.7348668964065                       1
        175.792003921584         22.237707766908         46.510816476414                       1
          362.7080052151        44.2038818555434        175.339130244878                       1
        353.020425208104        100.274702268095        137.534169924829                       1
        317.631717717868        65.5177616147551        1.64208002555607                       1
        329.574774864599        49.7243004729181         93.111580185793                       1
        344.280651847894        48.4692422466528        185.773509535747                       1
        10.8349413929619       -4.55313965269149        105.768592118634                       1
        156.709130817054        75.3137118717261        38.8380665521083                       1
        338.253366666495        74.1947192025755         159.96328111898                       1
        187.273974268445        21.8213376983013        47.4758391536034                       1
        290.307639702893         55.876561256542        105.329280054844                       1
        155.204525831959        58.4180366941649        41.1137161901006                       1
        306.955646166405        68.4701894514611         40.553688484312                       1
        29.5779535696821        39.4499206480957        21.5629954300869                       1
         23.161662796216        30.7241684585222        140.168206272162                       1
        26.5770181453136        69.1106897578126        127.402640077062                       1
        19.5553248408911        48.7883139670902        157.738612321163                       1
        257.837756956865        64.0332343724551        147.980491965532                       1
        196.246367574276        64.6136010048312        108.763200649603                       1
        232.141309574999         72.134178639335        87.7327800290136                       1
        58.3053199511379        30.5383832647323         144.63776237078                       1
        82.0182895180348        29.9362201964921        172.687827961443                       1
        149.231372191052        72.1643308185298        127.332330118775                       1
         109.48311993024        73.1195734034894        138.374440850954                       1
        47.6150457356477        12.8755849016333        87.0751958106471                       1
        341.586951186616        66.3900970882179        77.1451000160974                       1
        195.361635632079        72.5172004102115        20.8634748887008                       1
        63.6914456795011        104.356421541656        112.553485175634                       1
        177.244279358807         40.749800567596         133.64806799635                       1
        275.956585720322         43.120102459569        62.9679587328455                       1
        245.617137902068         60.093137687723        30.3010067863141                       1
        173.133195074306        5.99884424048241        22.3537812890839                       1
        194.268485740944        69.4942236429188        38.8604149353647                       1
        150.839923421691        26.4537621110171        158.481541789236                       1
        329.282296472739        18.0577003664933        43.2928209385316                       1
        297.859311609435        72.5204166373585        64.0435749771596                       1
        295.149533406719        37.5330071173331        118.508082300149                       1
        146.557105298882        68.8060890492904        130.879812596652                       1
         158.67407259163        67.9742224021487        173.150070375503                       1
        113.034291364144        77.4821755332976        95.7306591749049                       1
        21.4953902883275         97.018653612891        142.059780593521                       1
        180.643712446344        39.7960464535895        57.8278348893978                       1
        188.481320677031        46.8825676803307        49.3298222300148                       1
        4.90910610784894        55.4469291769167        109.831970179697                       1
        279.803962910422        61.8231126479759        107.299110963388                       1
        299.534362732297        60.7007077371716        170.445406227546                       1
        49.2739360814606        54.2331747790778        43.0541235448817                       1
        114.655206405662        51.4394102051188         125.63554125462                       1
        298.704704034608        86.5351034742453       -7.70171002015615                       1
        104.561839895846        87.1404294097915        85.9135476927956                       1
        20.5281787294253        58.6440932526962        56.1000663112627                       1
        100.681148021047           74.4928534433        128.863380064673                       1
        267.643101313541        77.1063471808469        175.327338637939                       1
        207.515756231767        65.6509331450697        10.1886651403741                       1
        112.544518861332         81.185541513924        40.9035006823669                       1
        327.192299876005        49.5534225619407        89.2212664575569                       1
        230.228815796618        56.5580137396195         87.037301542123                       1
