TEXTURE AT STRAIN


B  50
       -84.2591982589859        54.5574422390471        187.098384585773                       1
        266.464664489733        142.721796524373        59.3864275508228                       1
        110.104264961009       -15.1511964393242          262.7583633033                       1
        25.5034147692628        56.3442105145679        20.1611167262937                       1
       -90.6920230920282         32.733874989947       -65.2470580340483                       1
        288.568494385805        68.3227570680046        171.659512827386                       1
        278.070941822882         71.820623129775        191.742738787174                       1
        239.341041738328        98.3696866431868        28.0356197051663                       1
       -57.8090043596086         28.460936466775        266.367406043627                       1
        56.6069002025602       -42.2458787455309       -36.6451036720167                       1
        25.9723432442419        74.4123760692463        144.447614042279                       1
        63.9490113961668        153.307380820512        234.964009975854                       1
        95.9713949541938       -29.2402603472554        87.1379895795436                       1
        188.165954238558       -51.7726099212681        223.455059335433                       1
        169.200706732158        161.666980104457       -8.98948513756874                       1
        259.910655084109        68.6472987324678        15.2441891538067                       1
        29.8893403266509        92.6061249650246        135.472253812311                       1
        210.831678389067        93.0236376447823        13.8432151344508                       1
        299.941077761236        54.8442131838381        173.202686467142                       1
        47.9488959084639        92.1649789778758        -9.6011244156697                       1
        283.808464549684        46.8861494600644        109.208019638199                       1
        40.2524603682397        73.4091368248682        152.893946647612                       1
        267.683888645414        103.016580961692        72.6492701113594                       1
        203.532960678434        145.138902362867        162.768640113593                       1
        225.125511887823        102.810143210314        45.5724996701795                       1
        255.633121668461        14.1240847641412       -83.9116150266578                       1
        288.521336290441         29.810554992044        115.589404954618                       1
        110.385818833288        136.442312897054        9.45684339701135                       1
        248.828235437279        23.1507356911472        137.237665637695                       1
        78.0910435247203       -56.4669270366275        26.5585616746078                       1
        254.151249399655        55.4837295416334        9.44253125314401                       1
         97.737642486871       -54.3025219414047       -14.2185919529441                       1
        104.097605593211        30.6381441480235       -50.9767433896271                       1
        112.630752983524       -63.9461942238911        187.988145861448                       1
        76.9986693980895        135.185596744556        64.7453740565194                       1
        277.502500718068        57.4540461703087        5.33993092926335                       1
        222.875444386705        90.5468516813731        31.3509180940204                       1
        269.769017588643        72.4255348593051        175.778643780125                       1
        1.71776496168006        68.3444000993242        157.680742838028                       1
        104.997330171841        48.9700436314331        118.724447841207                       1
        253.828063348493        33.1190702883356       -31.1423707790528                       1
         93.477179559728        121.807504060662          150.3697169781                       1
        215.627521102358        75.8126742616825        22.3161784075924                       1
        263.501054017993         47.279869609697        132.814571697328                       1
       -72.8484150923694        40.6536415821756        87.0918937821412                       1
       -75.7370367326058        42.9904061396755        195.740203989627                       1
        262.212089601215        40.4216376656772        25.0293524058095                       1
        283.785532968871        90.0193455103737        66.8424503405586                       1
       -17.4929623262079        75.0205130395615        175.001449402129                       1
        444.869028284747        140.109586563995        174.664487833245                       1
