TEXTURE AT STRAIN


B  400
        211.053239668213        76.3017779360366        171.933588639507                       1
        29.6124572389601        95.8019867272587        103.691212382507                       1
        109.124861945336        22.0553851729817        134.801942488215                       1
        341.759270319729        76.2622038546971        8.88301467347997                       1
        293.792711656762         52.641333458225        34.5057946226675                       1
        63.9289629831002        97.8361748910704        158.880217660885                       1
        223.561572456495        35.6977501549547        164.744488683683                       1
        178.486942774542        91.3352105321868        111.872535188345                       1
        151.297443017057         84.559208555185        94.8989757167788                       1
        185.094803295902        92.1423945022385        91.0900039213796                       1
        267.221722869371        67.7675522614451        54.9801351937423                       1
        245.246007316724        53.6320416685905        168.443283703707                       1
        121.682983926707        67.9921433646492        38.1208151763653                       1
        100.374703963525        46.9049630709625        167.485917331561                       1
        270.315270699704        71.2382610180661        28.6598054048008                       1
        359.798675050329         66.447013153167        87.7379610770414                       1
        234.957780407193        80.3865576549682        10.8532358100012                       1
         196.08758512824        51.7405849912897        99.2406885073172                       1
        364.044343715087        65.1178823238364        120.194195531192                       1
        240.380203445867        69.6531647058309         169.28493872327                       1
        116.466768896141         -7.101688210737        99.6981596770856                       1
         143.48500627877        93.8186220553791       -1.02887322928027                       1
        199.629867653915        70.6867433783543        140.801614395439                       1
        301.150783721815        96.9898677688503        126.099331271571                       1
        64.4005569209905        15.9599440338323        109.496701123328                       1
        234.768632483597       -4.73245568000541        70.9698910524406                       1
        33.8012449728769        45.1913854794358        76.3755972469888                       1
        118.404369837623        56.6761264813592        9.91367162235246                       1
        127.801192813188        59.2100852429443        42.9369067007351                       1
        313.709720722817        91.2763628294414        127.498988354259                       1
        1.85182572194279          17.71091537179        130.710218673818                       1
        72.2954497699978        22.0555751176352        84.5641662726996                       1
        115.982385202707        72.4581217448968        73.7990339982983                       1
        259.676361241198        70.1207639205798        105.207460064848                       1
        258.920503180768        15.3132843292162        40.6504627844857                       1
        179.524193375866        95.8560686908397        97.1073170997606                       1
        9.17012347259467        95.0109520621452        179.204187604882                       1
        17.7298276834325        82.6509285762989        83.5870031316503                       1
         170.37441818022        76.1037752648925         100.54275005249                       1
        315.416318022552        74.6837651739296          24.37600823701                       1
        15.5870215641281        71.7509763546765        74.2910601373157                       1
        352.394362623936        68.9741805628634        33.8501849570495                       1
        226.984432852422        48.3043039786169        62.1982494784213                       1
        305.044005459061        38.8165088285799        82.0245711403436                       1
        225.683526175928        61.6785586609869        180.757404691161                       1
         261.26515965372        57.5467683546047        69.9669059982156                       1
         276.80444928878        97.1470157657023        19.8252290311246                       1
        147.154729317035        78.4249151264151        70.1373504121938                       1
        133.481998554522        64.5039665609674        81.3780690967753                       1
        102.546758718185         36.011901875864        31.1806524737661                       1
        126.988010135098        35.8791945755827        129.297966911785                       1
         97.846331851786        30.5040643112116        57.8314800228197                       1
        141.039175922914        46.1245923921341        153.056498441086                       1
        325.568541485932         26.770644039488        166.110477406731                       1
         129.37597133568         47.764984327337        123.182621976542                       1
        152.385983611566         110.15843861192        28.1509410310279                       1
        253.982203586408        35.1188976797153        57.4847710042237                       1
        297.841822762367        56.9943910572756         11.195561847537                       1
         184.17636788722        53.8461943632114        68.2072047151079                       1
        306.606817959249        50.5041338197522         175.55209139388                       1
        74.6270708923409        104.255810051605        9.95321974184729                       1
        326.438475560316        52.9433425342048        76.0355905255347                       1
        172.095769755568        58.2860401510727        90.5747538262408                       1
        116.650378345104        93.2171482605223         66.907205929657                       1
        290.439273125142        14.7388409833633        134.838741018977                       1
          218.9883572046        59.0814246305667        17.5563924513211                       1
         306.59766314596       -24.1345682942653         22.580987610013                       1
        290.110947971715        86.0119801762843        155.571524896415                       1
        74.9862636308357        74.9180822236874        120.019455734608                       1
          193.6932083817        95.9668325186291         86.647415041426                       1
        224.848183697056        38.9332323518389        140.501847630843                       1
        251.932294857265        60.5211712034305         46.273324262068                       1
        306.206120078997         79.074196025524        126.858817452617                       1
        51.4186866019872        70.4853097022924        132.512073042325                       1
        228.175608220684        65.8982157396915        10.3983198089938                       1
        94.9751123162909        61.5900602651451        52.8599645559348                       1
        185.556374513645        38.5267968830504        42.4025451630896                       1
        270.104913011315         58.842659731016        203.268545807696                       1
        149.683660837406        98.8435514504377        121.820263769982                       1
        118.464232062743         85.729770814666        37.5890952772174                       1
        235.118976354473        86.3665525521503        139.423527727367                       1
        356.459262417062        46.9830525602132        112.916112229395                       1
        368.543407841279        42.9407536936074        101.617901098667                       1
        222.416188914096        45.1902130901197        21.6509310669503                       1
        62.2531549460788        45.5694123374766        175.047404242984                       1
        174.781050517841        97.9389207083968        26.7432698318868                       1
        289.986789654817        79.2075578913195         30.803464504727                       1
        47.8311061256865        72.3624370200638        83.1638861533239                       1
        254.314093487817        26.0670417150513        25.7274784670226                       1
        37.7111686222955        65.3702142244048        26.6762946253461                       1
         366.51980508514        48.1985203272246        204.087166086015                       1
        396.802188614308        43.2169502713927        5.90562571798418                       1
       -13.7482352359998        54.1443244460486        28.1810730164178                       1
        185.582367450397        73.7625501615348        51.1457829785964                       1
        336.827116926067          62.30759167348        138.666248029974                       1
        185.063040300969        55.1049498549356        132.993932944767                       1
        315.107160135142        78.8629696749879        159.051188074725                       1
        351.030285752507        51.9520334973361        42.7529541185903                       1
        242.863931300308        46.6503116757808        113.751434014169                       1
        19.8812370494702        85.7745616059774         190.69528889404                       1
        362.626618976685        55.6215656656076        65.8331031604831                       1
        229.404400844645        98.4999199208077        8.37157436191814                       1
         131.00361124047        72.7981705589575        171.607884305492                       1
        70.7285515921157        71.3098519240013        62.5620667685843                       1
        190.687783234801        63.6844205091981        90.4602124721063                       1
        96.1154439400416         22.725311963662        167.879568697523                       1
        347.599651293391        55.1388699259882        186.222788864378                       1
        355.199186696701         25.528747016979         58.056678047522                       1
        37.4339999409252        87.1158359790571        27.8327840950338                       1
        57.1589584711146        82.1882030387864        144.656438698892                       1
        77.7454478611224        47.8036465265969        179.344927902972                       1
        143.013404667393        57.8962797055312        193.156258019093                       1
        74.5897233713422        91.9607440204959        87.1546277602935                       1
        84.8284307861884        74.5535645181548        74.7506681640848                       1
         161.98872954068        50.5063120241878        113.141201625708                       1
         346.78267146014        66.2843309555879        62.7655288272374                       1
          113.1146833944         86.503799344628       -4.69693325489521                       1
        197.146990417136        37.2978515129234         1.3763064003157                       1
        207.998172626295        59.4362284621122        77.2965258117464                       1
        37.8002161272713         54.001986652277        17.4143931129821                       1
        149.463607642794       -9.95696758362568        105.859142343844                       1
        7.82857015474769        46.7701060359124        80.2699653828624                       1
        120.732337897139        25.1227822590288        73.3357004838711                       1
        346.568304354655        86.6167657513784          22.45542431602                       1
         279.23228727297        63.6588710820427       -0.48210336604222                       1
        175.544887956877        91.9629711196282        7.39573825071272                       1
         199.67372960443         43.572661718964        160.381417512746                       1
        157.743780320998        59.6234775878626        46.8086015625078                       1
        167.940292125113        42.2762101792368       -20.9881726743636                       1
        32.7063070567848        105.560400124326       -8.77722571227803                       1
        286.491190506042      -0.954620423775062        55.5966394719963                       1
         146.57980471522        44.9646192862205        130.003825193461                       1
        96.3152738806915        22.9478658550479        18.9449929146548                       1
       -2.22481716458036        89.6576079400297        137.511934578712                       1
        59.7601418619323        60.5560128146256        112.134953302774                       1
        56.3104093795425        80.2397539704123         27.235103309945                       1
        292.087196692346         66.322661324045        26.3815314470503                       1
        235.912198506726       -8.69028047405407        149.740876982042                       1
        185.559575978072        16.4393597485855        201.240334615631                       1
        209.284234896054       -27.9791947817108        92.4902702138646                       1
        237.105441594683         54.501472946278        87.5925951887496                       1
        9.84941633689817       -6.24840912774127        182.119280691117                       1
        265.282294965615        74.5446763208243         22.450716605754                       1
       -11.8228575952952        29.2284847972964        105.834990401934                       1
        334.206986113424        78.6123510709155        165.352137397491                       1
        204.387072031696        57.8778939403937        114.957195596054                       1
        188.209420860508        106.240736745903        175.201222343683                       1
        144.077826155355        90.4613879831918        112.631153210236                       1
        358.569355582174        83.2931267162114        191.575584464035                       1
        300.657121991749        77.6252297828707         18.994216909436                       1
        190.259336407076        75.5551657756116        89.0773869228758                       1
        69.1312779542317        31.5305249945014        168.947744715618                       1
        37.7387315713235        89.6622339617959        132.843402884166                       1
        5.36858575344978        70.8368724760273        105.714320291563                       1
        66.4573811214773        84.2270883208983         109.76688351551                       1
        127.688896401627        2.99717886467241        136.218209571742                       1
        278.941177730596        68.1750451047945        175.279210713353                       1
        36.8709957402523        115.722836782697        120.139619298841                       1
        305.409889246837        20.8736607859805        139.275397975882                       1
        360.138361259783        81.4679314558596        96.7451684202739                       1
        352.466722197476        67.9780247458161         78.012608872166                       1
        282.996806132977        71.5632252442035        115.565922403582                       1
        270.223296253315        30.3475452232141        174.386447084524                       1
        17.3046212132165        59.3376410140758        6.78663624230633                       1
        204.718952367237        95.2165169630687        150.738219569341                       1
        321.146028221106        62.4529816978593        70.3203720052951                       1
        59.9510670567263        90.7631119805475        15.3209477227374                       1
        132.626142253304        11.5666421115661        145.729862948194                       1
        9.09188869964601        105.018230143619        97.5364324042917                       1
        93.0754653948311        83.1432960026041        2.81337540133243                       1
        255.501849325493        63.2271315799432        153.967503433923                       1
        214.493037435938        47.6252645044972        51.8654440585459                       1
        226.516160629257        23.4210350489519        181.562215631601                       1
        178.878953954985        71.9134251527817        107.262318556314                       1
        295.803362425071        99.8413284011201        23.7314903507679                       1
        8.25733761431008        65.4085193959815        21.5348212706252                       1
         161.29680306738        107.953684451058        7.21337439831057                       1
        230.986900376802         85.895944929833        178.519292496754                       1
        347.513776942117        77.2052369138669        124.859452253698                       1
         292.02221537313         88.578888125035        101.351836560388                       1
        109.361675489321        62.7949965281945        30.1031291126805                       1
         358.48402574951        70.6361007284632        101.005186341546                       1
        55.0123249096544        52.4286899634966         99.682215045798                       1
         341.23179943349        84.2231963837454        71.6279179745483                       1
        297.633197082403        68.7554570050539        37.5474439666894                       1
         55.435551970355        32.5122262610221        59.6487638046887                       1
        60.3992505863169         53.466159014378        138.850407773558                       1
       0.508774221352705        54.4618996730611        11.6005051479561                       1
        35.6102798834889        88.3277854270646         8.3481158157085                       1
        278.119721235212        58.7891886152189        132.935460415962                       1
        254.151670666508         49.258919309205        60.6306927519909                       1
        271.209167699595        41.3508551261405        186.580412475324                       1
        27.6851891256422        116.956174117956        88.8690973371191                       1
        179.223564887173        106.005586915877        118.417889781468                       1
        248.719575762151        69.0069515664549        176.693787836684                       1
        156.377696711047        67.3576154786717        138.852344990333                       1
        172.805172137843        79.2840708732721        78.3492302758399                       1
        276.416174083807        67.5477937361377        77.9726096937746                       1
        238.953106603047        71.7121742754205        168.662633307936                       1
        250.975304916351        33.0449487160417       -4.56569257862244                       1
        332.965393193477        78.0006544118581        43.5604171156849                       1
         90.623407611987        61.7353473052221        106.453779516403                       1
        275.729930034525        48.4395760744558        167.835021814484                       1
        335.101855225676        39.4522496451529        119.565406321837                       1
        381.864826607235        64.0735056573785        82.8782056799587                       1
        223.640522129089        12.4116446768316        205.624515065952                       1
        176.371434924338        56.0867681596984        120.193409195112                       1
        264.004423114732        85.5837874841687        185.610566677899                       1
        51.3684470709018        14.7138260769526        17.7800221279462                       1
        191.252122003614        85.7088274058261        109.684015448003                       1
         144.46944583734        106.002030510568        151.218727940202                       1
        291.054282673327        78.0245642362643        170.915321079802                       1
        100.209603292878        97.0832178560642        13.2455247755261                       1
        56.3601487873596        96.7904058220442        93.8798661651434                       1
         318.17815046229        77.5275626872167         41.167611138214                       1
        131.988130747157        14.5038031919489        106.348664987999                       1
        119.581218711478        103.974779408302        49.3888367919676                       1
        9.32402930023496        67.5966018461526        24.8386952536891                       1
        197.457325563881        51.6445020194163        19.6059539271759                       1
        321.957304067552        60.8617374650602        41.3946237900143                       1
        315.620501724662        57.5714790896642        60.2087417561324                       1
        66.6965197247412        80.1255942432634        151.773276775558                       1
        295.497837319673        66.8580538635298        162.050774395263                       1
         175.32767501283        68.2025581769133        77.3425083126244                       1
        70.8407032232499        103.531101370551        120.528478932495                       1
        289.251691816255        57.6044856437491        68.4431068615366                       1
        125.632359022874        97.3756778342897        35.2619027799076                       1
        56.8338470225685        66.3539081034531        6.93182236764714                       1
        290.906275869843        63.9185995932888        2.89280903099715                       1
        116.789618818854        54.3548072383001        117.377932396636                       1
        174.393138678233        75.8461528469264        174.187175513433                       1
        311.081442752209        101.500720084376        46.1726578828665                       1
        79.6498729651512        50.2760742833732        144.581090905252                       1
        231.180622879895        64.9309303995156        147.528712619089                       1
        135.128448413338        26.3929063867472         147.20710449258                       1
        106.161767855992        65.5127241912287        60.8508838410478                       1
        87.1276763395077        36.9079743086607        60.6881699875717                       1
        349.912109458382        17.4959354586191        125.525311782794                       1
        108.750899104044        68.7957382679709        93.1468000233272                       1
         68.647360266439        41.2498108980438        95.5079964375005                       1
        266.612877756616        44.6509928612192        48.9042680370207                       1
        314.446816795926         77.843270184219        140.526517068047                       1
        69.8590394335441        62.9613621771812        109.593041985786                       1
        280.615522680365        97.7129425070785         8.2425243267815                       1
          195.7602837265        72.1495380582772        97.7289013576991                       1
         34.699159755531        70.4058859404498        62.5569915614313                       1
        109.698064978074        91.6238322473101        185.837572137649                       1
        72.4368997600704        93.8817946179398        22.4401801978662                       1
        133.738792441109        58.5425943873175        91.6012473178771                       1
        148.391011231133        38.5259815395215        172.293782471372                       1
        329.189808204593        40.2071916600462        146.235962355851                       1
        1.41675125038678        66.7543303985754        148.786340514303                       1
        15.9146897707652        61.4178897110611        85.8597931447918                       1
        253.926629117616        41.9985825310933        40.8152629582792                       1
        221.561970659185         71.355984175113        161.750159274371                       1
        344.304025681044        61.7740752648223        119.907858519473                       1
        264.984790651441        83.2619925239449        156.125999646701                       1
         94.083456344752        91.6017626708906        146.861227362744                       1
        97.1294388878025        84.8374400008555        89.5389026800915                       1
        206.905148601841        65.5801687286376        70.9434070727964                       1
        265.307550520004        61.0089277308168        96.2276555087465                       1
        7.96084424854908        110.483831313929        104.629776904688                       1
        172.293811034233        97.7656106067874        132.140954363235                       1
        88.0938251198767         35.960825731579        163.998942445293                       1
        297.151373791846        68.9188384915694        46.4061997805328                       1
        232.094842092582        55.7320142657938        163.903624479004                       1
        65.1307142515055        72.5970431195134        130.988586969123                       1
        79.1306939157718        85.4673958393611        103.958689858416                       1
        18.8347615726634        53.8574394293006        33.7019390611397                       1
        123.790627462064        34.7785041517595        163.867865450127                       1
        341.840192977318        79.0613106680722         141.99222241594                       1
        94.1417660623415        104.854814737602        72.5938530469557                       1
        208.711852153325       -16.2015276567428        143.590003578401                       1
        29.1738009736877        51.2368846272046        95.3646900609524                       1
        197.678945091367        97.7443997160787        73.6139401096482                       1
        233.552636084695        71.6210856415618        132.292482188773                       1
        336.864151088999        66.3588373124715        207.681580419491                       1
        95.7018636038007        43.1866457800333        150.108870374742                       1
        265.983773424177        117.447160530903        21.5167766011852                       1
        289.227848683381        37.2596254511438         8.3847519338192                       1
        347.903988800667        77.0848037200735        87.5207427303913                       1
        155.102465258218        20.1949231297381        119.145468354234                       1
        47.7439748436155        59.6232350665163        52.1444393709261                       1
        57.1681734023856        121.593204984052         171.46489596386                       1
        126.955599316871        83.8926762769784        69.8527560686461                       1
        274.256766196607        54.9817877826322        34.2505515551161                       1
        210.634031973177        54.1486856754737        163.511191078495                       1
       -19.8705640156139         52.606841361712        103.568912260104                       1
        366.277753370229        33.3343218807292         25.605463387413                       1
        22.7491573924236        70.7209315778888        124.002597324578                       1
        56.8645742605025        29.5424323346917        153.897431676764                       1
        83.3977406497084        19.5482660188074        172.789132129535                       1
       -5.12917442500764        100.307124084974        88.8482005727464                       1
        38.7741081453674        100.628188525823         151.81940632389                       1
        125.885651914651        41.0836531286438        19.9121331630601                       1
        25.1211323465622         64.451000724702        14.3410015038562                       1
        349.160553323875           66.6729752229        135.545057791529                       1
        160.886453698845        82.3935473979924        22.7879047760158                       1
        182.534989579521        34.4998675979842        135.731810815855                       1
        42.0170915847702        106.109358781385        75.2155308027412                       1
        282.893498297702        33.1157550037232        41.2448033882201                       1
        261.688905772945        29.1657895486417        143.975275489448                       1
        250.952867042601        73.4511801293817        75.5711542072239                       1
        46.8005635448537        80.2369134116016        12.6988412567086                       1
        38.5376666534636        51.1790636368132        70.5892459108132                       1
        108.698079612015        47.2320290759168        129.894534961027                       1
        162.450120657891        21.5211276019235        67.4633033255636                       1
        116.058329336958        88.1575933888857        166.130733683517                       1
        67.9379157020369        29.3144181166101       0.425708336144611                       1
        338.783110188832        88.6670676029955         52.398972114054                       1
        84.7892801293793        82.3515969126694        117.137279619361                       1
        169.513562176792        117.835142205931         11.066703184299                       1
        255.628432114665        51.7479948219029        21.3893377824216                       1
        33.8448724854702        26.4947477154036        14.1847867792341                       1
        159.899048931272        30.7686937834188        28.9409700984082                       1
        167.573776304206        58.4523936860769        168.879459735619                       1
        247.352737445508        92.0624760709619       -3.74353099074032                       1
         272.69399725368        79.9489956493339        179.750734743941                       1
        229.955986910283        79.2259240161032        178.415498923301                       1
        323.977477838885        69.3206556241762        127.417633276274                       1
        93.7719369061259        98.7470753527399        42.3426384517024                       1
        100.953703861515        101.705468387853        165.874387020167                       1
         139.76132470151        82.3692856150327        29.5507604368421                       1
        202.880199252965        12.0775099581407        83.7344170411732                       1
        205.698959556946         106.36717410468        2.67833702841018                       1
        95.4263146592121        95.6361212284604         76.241098614342                       1
        143.292240246007        58.6006902395499        158.922959717632                       1
        33.8778728715813        75.9626663809619        20.5576932305472                       1
        107.794128376888        51.5668649222322        38.3342035922722                       1
        186.735513172524        89.1560316040922        73.3895941654355                       1
        163.401245355607        81.0476454539683        59.3305197698971                       1
        336.497209014462        67.5110979128024        99.1472976091595                       1
        195.663017751796        64.1919568456098        58.7818187207442                       1
       -14.7253696871633         85.801123057412        167.239944132791                       1
        302.628710934283        70.5276433953208        13.0690589033131                       1
        288.911009722198        19.6770377310288        33.2477180951279                       1
        187.907062069488        55.2405395195729        140.339081072988                       1
        277.366754023202         51.625958458655        36.6089804740233                       1
        35.9412809666603        30.7764385850644        51.1297211883936                       1
        22.7117986563822        97.3891102800244        122.382031095815                       1
        20.6913239960203        32.8018135450951        76.1907822928628                       1
        247.112655764953        -12.764035154137        158.487213419031                       1
        277.942722112464        67.7029505867552        34.3295080514329                       1
         39.851876793238        67.8946497050064        182.560135127845                       1
        285.776826221201        79.7563531153487        189.095446065863                       1
        13.0303770012129         51.793019338361        143.815316633667                       1
        287.029393262232        83.6676583496808        123.921526931118                       1
         338.57746366389        77.4249251069415        78.7178751282867                       1
        300.526368968896        19.3460677545028        10.3084111000958                       1
        256.621649323725        19.8804885498979        5.82095775552845                       1
         338.41081237976        54.9815045802158        84.2918382980936                       1
        286.934401360909        44.8751791393337        47.5513710787367                       1
        334.313837959535        69.9048413151341        20.8210642689778                       1
        89.2805557958473        87.8857076284859        15.1687935790581                       1
        50.8108781357578        39.2612652180427        28.1226031260207                       1
        167.590957946559        80.3315987052215        32.5517299185269                       1
        84.8208837904343        75.7735118660061        90.1161128673942                       1
         313.70566504165        13.3307884279861        150.308980734705                       1
        322.720658372052        61.3762985465651        118.107541124214                       1
        14.0363964400806        78.3125105248214        67.7322205259457                       1
        308.330537354077        87.4050156775268         192.88554697599                       1
        131.348438412849        41.3881550378162         151.65745375701                       1
        271.188691944953        77.4659595242741        90.6364357914531                       1
        296.461237899146        30.3130583884496       -21.5562584757287                       1
        104.449159163934        73.4383842161967        196.945396435444                       1
        15.2419475679944        12.8016172128346        70.1478390814267                       1
        120.701066650675        49.4956592728378        -5.2601243939445                       1
        209.782854723371        73.7445673676257         151.42715068337                       1
        205.978022003575        28.9113216472037        66.7327388317259                       1
        359.782274541438        69.8769050622366         178.62032236634                       1
        308.389513424772        63.7076082208607         142.72769741421                       1
        253.340918344543        66.2751436804775        10.4637232773145                       1
        106.331069634673          76.66044214471        181.060950115959                       1
        122.656750217292         70.700285345011         155.09515519837                       1
        238.447233054486        16.5054752251641        157.598358515379                       1
        220.451819025012        90.5416038226599        7.89389610818888                       1
        110.418075200172        37.9019724557953        152.189236914227                       1
        334.255398157066        88.3370900906453         138.28810263145                       1
        152.719692946306        70.4689394390489        171.425163158883                       1
        260.177448318596        86.6398759588106        119.872814133695                       1
        160.848820448629        92.4639917573596        97.0209827854885                       1
         78.309970138766        102.520943860507        166.311960328902                       1
        364.316585964482        61.6383714752613        94.7067442991143                       1
        236.350999485505        39.2404175197037      -0.154500324783582                       1
         102.65826167515        79.4226704655748          64.09664189331                       1
         157.62820129743        41.4933542290936        79.9554020961642                       1
        15.1621721721664        95.4978541876703        141.901395912794                       1
        212.681671375945         50.536246764295        9.94664972544279                       1
         343.86347900262        64.3704071892238        155.635894585005                       1
       -2.61836178114088          74.50642490776        16.1978798883735                       1
        11.1929596890974        79.5093293537455        163.890509728791                       1
        256.959886265378        88.2874675433199        16.5788406016444                       1
        104.573374819763        100.900207365032        36.8243791011624                       1
        219.911025991608        27.1412162191698        29.0724433900588                       1
        172.079979311351        109.633303322237        97.7112553998266                       1
        200.399556843241        79.3831625576383        135.502220144644                       1
        182.148807725835        91.0694753343377        156.873361687314                       1
       -12.2851639611444        49.3101614419859        90.4545930751305                       1
        280.158246666382        95.0544919418066        153.895622165945                       1
        -7.3806874472616        87.1528252651346        29.8472400824429                       1
