TEXTURE AT STRAIN


B  200
        149.156325068335        82.7204076222737        40.7585787551669                       1
        290.530756109638        115.203503423296           139.054676273                       1
        255.099016242398        85.2465839798743        116.456418725094                       1
        112.793453683582        102.864148417739        44.4260736942338                       1
        351.441032949034        65.6323680043519         151.53951967987                       1
        307.950349991883        102.798025548898        138.917994988746                       1
        293.230062028627        142.375254601776        64.3027194038354                       1
        202.911905024567         11.059424123007        20.0722818554875                       1
        317.573034576369        67.0563865130402        252.621890613849                       1
        288.263223853318        66.2209714187534        160.123172970558                       1
        107.233105134499        22.3997133189819        24.4383482944001                       1
        181.425478352705        97.3320904736951         130.88748393488                       1
        252.434028730225        65.0851293986167        74.5956275893421                       1
        266.451672554917        118.068333872782        145.049732990356                       1
        326.727487127823        81.9810360654003        198.074157183597                       1
        -66.258565106569         46.836890873161        193.913223743007                       1
        264.576972858465        96.7377086579476        148.047823500707                       1
        150.844155237627        59.8346964055252       -14.8618867546847                       1
        326.746841066773        75.1571422777469         223.53743421588                       1
         276.51093223002        96.1420321004586        11.4898620585119                       1
        225.355498461111        87.9631420836119        121.639146675917                       1
         168.70085764689         134.02823827464        58.0545278376985                       1
        315.267995518418        81.4599712456478        243.016694640995                       1
         307.94753177994         55.090766714485        238.113425624326                       1
        184.327709151858        77.9508445000203       -46.6849723703031                       1
        159.694557707672         53.355181142535        47.9694179438882                       1
        208.678294310877        140.775303891238        156.549944461277                       1
        348.291087607374        88.7656363940681        218.741589196541                       1
        294.359141839744        67.7075362340685         80.455917410289                       1
       -31.9708212149013        45.8476671845827        240.823955184224                       1
        348.308352911752        115.633954496321         223.48421012524                       1
        90.7211787760152        -82.460851637998        137.507707559721                       1
        243.761624117878        86.1332300603447       -29.5540598133382                       1
        152.955866280242        43.7746799892608         70.571365059771                       1
         312.18795914917        76.6629351513055        80.7146209538663                       1
        88.0238730167113       -59.3283651906454         171.58938911978                       1
       -58.9554141965752        49.5045383149161        83.1102457527874                       1
        303.951718022611        128.571960134968        128.548067171435                       1
        52.9324227527757        31.4927181151345        127.918997372942                       1
        188.900288945542        78.7849757108144         111.30546756167                       1
        142.023164864435         157.45103074649        44.3686890181457                       1
        169.738069516965         72.901902533028       -34.7653144345086                       1
        122.207098067076        158.345689135466       0.659515014682628                       1
        183.868759886224         57.439932370633        124.739769652122                       1
        83.3577004225295        32.7248730216853         120.65465834651                       1
        243.122426737395        71.3459245940382        114.341889157175                       1
        153.203156375477        152.847565193345        31.9314619650345                       1
         153.66560751619        145.489988874028        45.9820730071866                       1
        307.201695477685        38.4610119181119        92.6813068376637                       1
        74.7152163950559       -55.7254955810121        141.149874758847                       1
       -59.6007580944669        12.6546658103783        222.192265998896                       1
        160.280069839022        14.2998184337754         33.109785130095                       1
        285.973766266713        100.459366317824        143.812700017603                       1
        157.986861866142        16.0574462699086       -43.7727065063725                       1
        75.3524781241901       -71.9911414629375         165.04492270114                       1
        211.717835801761        63.9304905806135       -46.3839122338034                       1
        177.675399698321         153.25622495988        61.7138160500675                       1
        229.437388948071        50.0736565726404       -55.0984512013761                       1
        86.5788330240489        48.6394472076005        4.67707515175943                       1
        170.534157433397        129.021639830155         67.168613940161                       1
        10.6228628118307        32.8900975760073        95.0959893503847                       1
          43.60916856095       -64.8484043274613       -37.0186715355862                       1
        298.313098868247        87.6782757836432        145.513596796882                       1
        -6.1436000456783        22.7736964609446        122.416023955532                       1
        312.688508581105        147.548377363413        168.339771745211                       1
       -12.0560337920962        17.2168279445103        96.3698606386838                       1
        236.702397017392        62.2346548399712        101.086896376818                       1
         271.07963905836        118.227407928258        159.295434689074                       1
        167.165893318142        135.784210032243        34.8489210576851                       1
       -8.41999099470579        7.97667851903619        111.314768032189                       1
        261.192574271462        67.6569318047684        109.335483878089                       1
       -59.5930757677846        22.2055926392765         195.04151722982                       1
        140.501300694339        59.9544037556249        86.7222427152394                       1
        281.507106051769        108.392960444025        155.927640991072                       1
        44.0657940481366        26.2709676365231        74.3554112098695                       1
        244.392408625876        87.5865215940555        190.739147959526                       1
        208.681169741686        25.7138863993723        5.37546442461347                       1
        285.828391590481        113.599744877935        121.047067290324                       1
        73.0880663082856       -54.3090570381194        290.649787625997                       1
         194.22122319695         44.966092090751        12.6286125769777                       1
        177.896293801601        142.010414254792         80.036885785039                       1
        127.208814282116        111.303365630343        134.414958857691                       1
         281.93591851326        62.8749966841247        215.072270287356                       1
        217.961033395525        40.0520186898655           11.2447358246                       1
        170.215955807455        107.889067532091        78.1678875786911                       1
        128.983502037541        124.964578962095        101.782638853289                       1
        270.090539408819        68.2631314709883        202.474950112927                       1
        119.401519107071        72.5184078496628        31.7642889349023                       1
        103.825661179251        55.6070224633197        11.0986961654286                       1
        293.856541742967        101.466887116418         145.08036103334                       1
        219.789117774651        68.3202241459267        58.5954620222398                       1
        168.166642676679        38.7833343796868        34.1027680084602                       1
        252.496989887406         74.257395100909        132.118096853027                       1
        161.338624704796        89.7150970644331        82.1085970125409                       1
        180.760932031584        58.3642395157318       -29.5954489579883                       1
        74.1749398591885       -58.5834162927811        91.2691134772413                       1
       -87.5662124011604        58.7059785957228        146.883879676194                       1
        57.9358859619129       -91.3045705686679       -71.8615099968797                       1
        155.741491973308         95.512230060706         19.185164074245                       1
        91.4722490975098        41.9781305171582        35.1892696131983                       1
        124.806805417847        58.9916186572987        30.8213602880889                       1
        233.058321122119        69.4366628564792         66.161276067888                       1
        241.821374435609        69.2101470294268        123.365292419304                       1
        92.5354724275574       -44.6903350323917        113.434741160193                       1
        70.6351244521776       -14.9761234077994        43.2662510216057                       1
        224.326603996785        78.4879388910676        22.0097312092129                       1
        272.888942342867        97.3887851410164        130.622376810562                       1
        157.687636341835        74.0006951287864        23.6065063240685                       1
       -8.10152539413109        36.8463557187218         131.13497821003                       1
        305.537922733073        93.9101462956254        121.172277925679                       1
       -110.345161328264        43.9880197675977        168.381975401032                       1
       -43.5983285358638        46.2096256403209        159.281637811587                       1
        147.153001647832        115.861814173779       -28.8234368016493                       1
       -33.1946981863526        36.7853160473815        122.108962592894                       1
       -43.9495745747103        101.168540480147        153.545035977742                       1
        292.247451215463        93.2600602007694        129.425513083022                       1
       -76.3827472575341        37.6216468245657        216.641561365581                       1
         181.83819483134        91.3915704220119       -27.3303024792329                       1
        235.426739242609        61.3889354777708        1.19835159424558                       1
        159.047347792856        33.8296047932396        20.0878917777452                       1
        171.525562882323        88.4520096777232         97.598597524607                       1
        329.543800924899        106.084678479284        116.148347518372                       1
        272.255154918191        81.2776464226611        162.973857211982                       1
        231.953921212639        74.3116863833491        115.453047267261                       1
        203.601952282249        85.7278344127252        125.080123647103                       1
        290.984310905706        80.7528591660227        115.479088221202                       1
         248.29989241622        133.488401808064        133.773995877191                       1
        174.411448523281        55.8604497199255        21.8540084347775                       1
        22.6897049240232         5.8791747071711        104.554794749892                       1
        105.736973724008        47.8986779429413        4.83517633250964                       1
       -36.6218896202465        39.7806352164597        150.266323873638                       1
        131.669371060906        65.7668336633303        14.3146536824908                       1
         110.14791085459        75.4927822763871        6.06387165715569                       1
         167.46016766961        54.5280477721026       -33.6125962080001                       1
        280.231246349165        129.841537291267          130.0377370202                       1
       -21.7808862812067        51.8168663930397        253.259057202541                       1
       -19.4194108386119        27.2153045096292        171.559153243232                       1
        306.020642955773        89.1260265931598        228.078667443037                       1
        184.744689625574        72.7854907921718        92.3074945050435                       1
       -2.85540136183425        18.1227489960038        113.089645929098                       1
        291.270323610678        121.379234489342        159.846096143568                       1
       -53.2356731913628        37.7808856845226        182.822017712566                       1
        279.377955906225        80.5573848357176        155.650856644814                       1
        236.994129209826        59.2710452036722       -20.4795157738117                       1
        231.703943998935        76.0530152099298        137.134271069156                       1
        258.261786898739        74.9747495990378        185.701301387586                       1
         270.23802932011        75.3271470441485        125.832015038195                       1
        118.023071698449        42.8596586463644        24.9008159781775                       1
        218.878801214487        128.959745266749        79.0829683917593                       1
        132.741154784999        94.2735453295374        42.7111432361735                       1
        174.049615165673        27.2840911814394         41.180328837041                       1
        291.956338628367        61.0182837158066        103.488797438082                       1
        192.372794380353        67.1688970107947        130.523242995906                       1
         68.953877024398        11.7773067548512        35.4940840893876                       1
        318.305731896216        62.8369979546177        58.2317982448475                       1
        195.256926657448        58.9138244970956       -38.9862530747213                       1
        258.121080961111        90.0202778874944        207.645312614061                       1
          290.1948194188        87.7968300126389         176.28376104065                       1
        188.033442477696        128.133173470312        48.7767929511919                       1
        280.551233245094        94.5472140209828        155.349947077974                       1
        257.247446038554         80.591731496205        100.339663223153                       1
        246.870427734268        70.7401381323572        102.425517756622                       1
        168.562974763944        82.5938309467424        12.6770654507061                       1
       -58.5544415958076        64.0911739015296        242.386977403572                       1
        277.594001938666         73.696715936943        136.867601881242                       1
       -91.5822044044685        7.42538095678709        188.691262910956                       1
        242.749890735717         79.525372062818        126.335280769315                       1
        174.737555193821        71.8743421063957        119.706317500795                       1
        206.522144812367        51.5670868297679       -33.2192998385256                       1
        181.288149175736        45.5461007207498        -10.987645777082                       1
        166.035751224407        72.6133302189657        33.8116565965492                       1
        326.075324414416        55.4576476702569        100.726996513299                       1
        283.994681079054        74.6193155227432        195.613637692392                       1
        98.8372406530528       -53.5887911001403        80.3941579243052                       1
        211.220251901744         74.327202351455       -39.8418972046362                       1
        264.944286961135        77.8036220401889        146.674465986302                       1
        144.806241249535        87.4682766875834        -36.463779901032                       1
        254.197590298372        66.8088977725171        43.8183992013867                       1
        192.552368773396        33.0877255334615        39.6422957803286                       1
        122.340293770204        77.0786349917804        9.94062347635335                       1
        26.4968732972683        17.8913867445509        66.7708954685527                       1
         224.88296507465        86.4670237854994        69.9292121505735                       1
         195.68162880525        137.953464514826        76.1490815287222                       1
       -21.6149169327164        66.3198682219979        57.5058950878382                       1
        302.459591030639        79.8776908321126        206.458688058302                       1
        108.367906055998        93.0611986798694        50.8730930597674                       1
        238.954523374737        77.7414511109381        86.2745281223885                       1
        270.993190782072        62.1921964237012        125.651514848319                       1
        249.690823297286        54.0080203352702        308.211854736773                       1
        18.1128815332691        30.1930811538784         113.31442116451                       1
        302.831575806019        72.9650377665603        94.5073840321496                       1
        296.463468715004        25.4425416875701        167.315091282579                       1
       -33.9009686469911        33.4562003796571        89.1929563677985                       1
        361.514961091457        138.697012774754        145.805780485556                       1
        133.752555866618        46.2696711409446        103.522719742452                       1
        230.049556712228        53.6557462762367       -31.3412188397632                       1
        340.313189672329         77.481245312202        206.828018657924                       1
        96.7563310480575        67.7458590289489       -4.19756790424561                       1
        331.031742705092        53.6731677287182        49.1961574159544                       1
        297.110054214213        117.491490631605        182.101610406404                       1
