TEXTURE AT STRAIN


B  50
        112.154231155534        111.803860967345        235.901508977109                       1
        166.595262622885       -81.1238734194813        156.819751012422                       1
        321.998187355333        86.7090824919935        101.998171715509                       1
        142.960545091465       -76.8636622287425        181.752747950685                       1
         512.30162461392       -47.1978041706766       -1.41771888753809                       1
        182.030537686058       -50.4290987548594        334.231267464004                       1
        165.260748334052        106.081843955145        187.404650312771                       1
         175.66387794595        40.9321361454348        190.139089289577                       1
        340.436965553319        57.2840831666744       -17.1654502432668                       1
        329.189542209897        79.2155741010502       -13.0882967285027                       1
        239.134453175368        28.7427214812665       -10.8589615608102                       1
        156.998801848368       -67.1029127357526         -25.42371183488                       1
        324.709054500645        72.6740466730776       -32.8730954682128                       1
        169.285942922722       -43.1822833678661        150.786841385936                       1
       0.880652739747374        81.8713659159344       -36.0680505714112                       1
          178.7484124108        -62.156549836128        139.088389736426                       1
        189.475013433419       -66.3778505132273       -28.3829523809916                       1
        345.530606559173         75.406904952831       -39.7298465930467                       1
        280.698618818685        80.5056008896554        22.0461410360413                       1
        281.281211268534        20.8119292424476        123.353211367182                       1
       -5.87538030166153        89.0192401439156       -5.50592727938678                       1
        307.190975670483        77.9739255262506       -64.9407457845185                       1
        358.978356023221        71.5290485581149         2.0585388122283                       1
        352.335475568553        97.0158584427501        159.604615526557                       1
        351.108773123766        76.8359339965427       -12.7074221240352                       1
        164.784922168658       -54.7087858020561        1.18295599649898                       1
        367.181709621752        80.9513431092022        162.643303878922                       1
        155.449719171712        50.2651084652367        14.5350723171806                       1
        269.660891552429        32.5165080707618       -28.7248351871039                       1
        338.241689332302        89.1614212072874        169.634630236202                       1
        153.609392624238        114.982568630488        5.11130149734427                       1
        336.368983330174         89.691380478588          151.1853796076                       1
        226.441820447716        16.0004154028044        -14.390889843832                       1
        350.640805580925         60.074160297112       -25.4981741531165                       1
        332.988012979979         72.395038503474       -21.6081407108607                       1
        153.611029581797        114.982962293814        185.111363222956                       1
        316.247909520182        247.090056266084        193.995170104995                       1
        175.588446700565        -243.11206337993        191.035911912277                       1
        159.827734005571        96.9551696103712        177.521465343485                       1
        293.861993803867       -130.049461918617        178.100180378758                       1
        229.150917528915       -75.4748317287252        173.431910727525                       1
        303.208390847644        70.0184941678544       -41.5136351522181                       1
        341.887415065995        67.4488834285069         8.9541467279921                       1
        321.833359695942        60.6211850512103        13.9484289181846                       1
        162.216915168836       -55.2373356445784       -39.5781921632419                       1
        288.559560116474        89.2439717140997        36.8394340750474                       1
        315.059303583678        58.8338310451909       0.899425431507409                       1
        325.169505848668        52.4984043048887       -16.0789038651946                       1
        296.888025759328        84.6998134287363       -48.2372406646395                       1
        173.715816542013       -72.1575914297946        155.496124128857                       1
