TEXTURE AT STRAIN


B  100
       0.998011630458284        63.9192535810171        161.376794621686                       1
        180.147842460046        94.9960839344047       -2.21429864393058                       1
        333.872511028401        75.8504607555079        14.4263450783993                       1
        253.542624532814        90.8762452524201        178.334090196862                       1
        197.454370214497        53.9469098079628        143.878451453924                       1
        180.793250901625        94.9422794046798        144.927839255686                       1
        270.287290660041         30.277080661906        97.1842876078061                       1
        308.829994465996         28.503107384509        53.9954816143085                       1
         182.80166314054        28.0023880475075        29.0286028907527                       1
        205.322929985494        89.5484809134334        161.313616585766                       1
        156.503098955995        87.5523981901447        166.759847748026                       1
        172.440394662452        116.734565536657        169.071609117594                       1
        41.6390197405538       -34.3754288028405        171.427142511007                       1
        220.228883191118        36.0669130336213        186.654970691049                       1
        204.943924955736        47.3602656840415         177.43137969439                       1
        298.450582618035        37.1394621160334        76.8490196829663                       1
        30.9151692573256        75.0069826682616        13.5551560775604                       1
        151.369731020093        96.9614596432973        102.539765632444                       1
        174.187811300002        119.779218838096       -10.4497387842999                       1
        358.976559177025        64.7151132262104        17.2936747069826                       1
        363.426979963192        79.8679433570147        178.260312001137                       1
        169.686598418643        120.131702168228        148.052130020555                       1
        12.3952049699282        69.3363190077681        13.8894341928554                       1
        476.776334198307        17.7091066281591        32.0879413940351                       1
        199.175374682103        99.1794244142203         194.16695657428                       1
          169.9713247995        100.093852037708       -9.72124114601929                       1
        171.856387623737        106.888235572835        9.44693850466904                       1
        160.167394910707        102.861493816321        -5.3669908268003                       1
        216.642958980211        47.0242623146481        121.763451213689                       1
        337.205912094287        65.1589037204148        177.918475687951                       1
        172.385414296642        93.0410905184487        162.170947805922                       1
         164.28143876785        86.2642462894129       0.155890232447515                       1
        165.225677046246        109.041722834071        95.7972247186324                       1
        299.880567894009        50.5916110302065        70.5976749797126                       1
         346.82195943736        43.7872999766814        18.4755496813698                       1
        146.058100315538        32.3003495545603         49.653082737717                       1
        67.6742561546534        101.649868760409        164.882789831893                       1
        170.399219724675        105.469877837311        145.480820373955                       1
        170.160483341728        102.107487687214         -5.759787494419                       1
        9.64547754324153        81.4930898555698        15.2583680386278                       1
        72.5694818143415        27.4655746735486        -46.411214879927                       1
        280.769054570564        53.5136391657933        87.2768311256166                       1
        217.468852394099         54.377863601849        189.330392555524                       1
        372.376924077226        56.9990630057053        28.4331671230972                       1
        56.5399581837899        124.405312789709        12.5354746219411                       1
        220.689432748552        54.1069357881863        103.156069784794                       1
        201.938688518604        114.789003810322        21.4705319961423                       1
        296.364840255621        58.1799773770661        92.6456016108626                       1
        180.385723900707        89.3562903238696       -7.26001741928073                       1
        277.558106711452        40.1464296675199        72.7478043758183                       1
        195.237240913188         42.990409516095        308.526436334539                       1
        225.204817159401        70.2299284266715        196.244152641942                       1
        6.06575488251364        49.8774495213188         194.71147525319                       1
        205.241579806963        68.8706845786798        107.802258036278                       1
         383.70827085831        61.5756710220599       -3.69979146798465                       1
        206.885905402259        60.4971385094766        123.421525192599                       1
        193.265879582746        105.686966824263       -5.53925173204673                       1
        364.193001480519         58.373680004305        17.4088822300081                       1
        78.2794137088571        28.0849760030552        56.0572869829402                       1
        167.295063357066        96.5171976468853        11.2928393059431                       1
        360.090349053869        73.2531615267968        173.402793845304                       1
        173.685149383411        102.941097793829        160.088238559102                       1
        43.0322145992592        34.1670702861349           87.2482985637                       1
        63.9892302669312        39.6202288947989        52.8467733689367                       1
        202.031336319934        94.1510786898478       -1.88326461631806                       1
        183.175603822988        100.515954976275        25.6579592718274                       1
        17.6100373962606        73.5021615713663        23.0034078391739                       1
        180.962979850955         79.036090822176        175.139701571821                       1
         172.21193568658        88.8611267869843        11.8677683517795                       1
        189.750561090903        127.476592677451        5.27635394373907                       1
        336.535378837836        63.2383347013389        200.147749728616                       1
        47.1544053313375          19.21078105117        99.5674369523582                       1
        10.2298185943772        73.7548380553045         14.114767864509                       1
        69.7492506626041        47.1705805060692         123.41342938482                       1
        29.8065684075534        75.6664660472098      -0.577030591049785                       1
        186.186816122749        90.7769803823258        10.0696288558544                       1
         136.25746670865        71.1403112226516        70.8389891374577                       1
        190.584635122726        44.3138154602062        18.5659002708569                       1
        174.581156509316        114.057460276984       -1.46525951388038                       1
       -10.8113594302837       -43.7322227985102        201.902839927007                       1
        237.992406382631         89.126337008977         187.26253419375                       1
         12.491364768204        73.6471714758944      -0.926545960760219                       1
         12.702343346827        63.6921299998909       -5.39670290513221                       1
        103.468360636084        36.4748913783263        26.4328184777377                       1
        207.577741186351        121.735974927706       -6.28862760661752                       1
        193.404050257911        88.1904472109163        173.571445261264                       1
        313.445187865332        44.8114289952248        74.8830900711042                       1
       -1.02005664525481        74.2781041562342        19.9248148788359                       1
        187.633462753128        26.3301708806996         188.85914409993                       1
        183.601939261738        109.646803089526        146.406409850815                       1
        345.598026293416        54.0722789036166       0.897793844073054                       1
        191.563623479903        90.4513680705792        158.208167846685                       1
        169.115531565339        84.9873017619439        153.903958857839                       1
        88.4929983277612        44.3945836854777        24.5956874929532                       1
        138.042420171071        50.6489538652465        31.5804473600878                       1
        189.694000763969        108.461883003515        5.63551260348879                       1
        240.506428463291        73.3050168440029        176.515193453238                       1
        200.833556611188         37.889820871919        144.334063729204                       1
        284.697109413235        42.0184012564265        100.448511711289                       1
        160.109294844739        100.657884611362       -25.5484638803739                       1
